Runtime (microseconds), 660840
Generation, Fitness Island 0, Fitness Island 1, Fitness Island 2, Fitness Island 3
0, 552, 542, 543, 548, 
1, 551, 544, 548, 557, 
2, 564, 552, 550, 566, 
3, 566, 554, 558, 566, 
4, 570, 557, 561, 571, 
5, 571, 569, 567, 571, 
6, 576, 573, 568, 581, 
7, 577, 575, 568, 582, 
8, 580, 575, 569, 589, 
9, 584, 577, 572, 591, 
10, 582, 579, 574, 591, 
11, 585, 582, 576, 593, 
12, 586, 581, 575, 594, 
13, 587, 587, 580, 594, 
14, 590, 590, 579, 596, 
15, 592, 588, 582, 597, 
16, 593, 590, 582, 599, 
17, 597, 591, 583, 599, 
18, 597, 591, 585, 602, 
19, 599, 593, 586, 603, 
20, 601, 594, 588, 605, 
21, 601, 595, 588, 606, 
22, 605, 598, 589, 606, 
23, 605, 600, 590, 609, 
24, 608, 599, 592, 610, 
25, 608, 602, 593, 610, 
26, 608, 603, 595, 612, 
27, 609, 604, 597, 614, 
28, 614, 605, 598, 615, 
29, 612, 608, 599, 615, 
30, 612, 612, 600, 617, 
31, 613, 614, 601, 618, 
32, 615, 616, 602, 620, 
33, 619, 616, 604, 623, 
34, 618, 617, 605, 623, 
35, 619, 619, 607, 625, 
36, 621, 621, 608, 626, 
37, 623, 623, 610, 629, 
38, 624, 622, 609, 631, 
39, 625, 625, 610, 632, 
40, 628, 627, 612, 635, 
41, 629, 628, 615, 636, 
42, 631, 629, 615, 636, 
43, 633, 631, 618, 639, 
44, 634, 631, 618, 639, 
45, 636, 634, 621, 640, 
46, 637, 636, 622, 641, 
47, 639, 637, 622, 642, 
48, 640, 638, 625, 643, 
49, 641, 640, 626, 645, 
50, 642, 641, 628, 645, 
51, 645, 642, 628, 646, 
52, 646, 645, 630, 648, 
53, 646, 646, 631, 649, 
54, 648, 646, 635, 651, 
55, 649, 647, 636, 651, 
56, 650, 649, 642, 654, 
57, 651, 650, 643, 654, 
58, 654, 651, 643, 654, 
59, 656, 652, 644, 656, 
60, 658, 654, 646, 657, 
61, 658, 654, 647, 658, 
62, 660, 655, 647, 660, 
63, 662, 655, 650, 660, 
64, 664, 658, 653, 662, 
65, 664, 658, 656, 665, 
66, 665, 659, 656, 666, 
67, 668, 661, 657, 666, 
68, 669, 660, 657, 667, 
69, 670, 661, 659, 668, 
70, 671, 662, 660, 672, 
71, 672, 663, 662, 672, 
72, 673, 664, 662, 674, 
73, 676, 665, 666, 674, 
74, 676, 667, 667, 675, 
75, 677, 667, 668, 675, 
76, 680, 669, 671, 677, 
77, 680, 669, 672, 678, 
78, 682, 671, 673, 682, 
79, 683, 674, 675, 682, 
80, 687, 676, 675, 684, 
81, 688, 676, 677, 684, 
82, 688, 679, 678, 686, 
83, 692, 679, 679, 686, 
84, 692, 682, 682, 688, 
85, 693, 685, 683, 690, 
86, 696, 686, 685, 692, 
87, 697, 687, 685, 693, 
88, 699, 687, 686, 695, 
89, 700, 688, 687, 697, 
90, 700, 690, 687, 698, 
91, 700, 691, 690, 700, 
92, 701, 691, 691, 702, 
93, 703, 692, 692, 702, 
94, 704, 693, 694, 705, 
95, 705, 693, 692, 707, 
96, 705, 694, 694, 708, 
97, 709, 695, 695, 709, 
98, 710, 697, 698, 713, 
99, 710, 697, 701, 714, 
100, 714, 698, 702, 714, 
101, 714, 699, 703, 717, 
102, 714, 700, 705, 717, 
103, 716, 701, 706, 718, 
104, 720, 701, 708, 722, 
105, 720, 703, 708, 723, 
106, 719, 703, 710, 726, 
107, 719, 708, 712, 727, 
108, 721, 707, 717, 727, 
109, 722, 708, 717, 731, 
110, 722, 708, 717, 733, 
111, 725, 709, 718, 733, 
112, 726, 711, 719, 732, 
113, 728, 711, 719, 734, 
114, 731, 712, 721, 736, 
115, 731, 713, 723, 737, 
116, 733, 714, 723, 738, 
117, 733, 716, 723, 738, 
118, 734, 716, 725, 740, 
119, 734, 717, 727, 739, 
120, 735, 718, 726, 741, 
121, 737, 718, 728, 741, 
122, 737, 720, 729, 743, 
123, 738, 720, 730, 744, 
124, 740, 721, 731, 747, 
125, 741, 723, 733, 748, 
126, 741, 724, 735, 749, 
127, 743, 725, 735, 749, 
128, 744, 726, 737, 750, 
129, 745, 727, 737, 752, 
130, 747, 728, 738, 752, 
131, 747, 729, 740, 753, 
132, 748, 731, 741, 753, 
133, 750, 732, 741, 754, 
134, 752, 734, 743, 756, 
135, 753, 737, 744, 755, 
136, 753, 741, 745, 756, 
137, 754, 741, 748, 757, 
138, 754, 743, 749, 758, 
139, 756, 743, 749, 759, 
140, 757, 743, 751, 761, 
141, 758, 744, 753, 761, 
142, 759, 744, 754, 764, 
143, 762, 746, 756, 764, 
144, 763, 747, 758, 766, 
145, 764, 747, 758, 766, 
146, 766, 747, 759, 769, 
147, 766, 749, 760, 769, 
148, 766, 750, 761, 770, 
149, 768, 752, 763, 770, 
150, 769, 755, 763, 770, 
151, 771, 755, 763, 772, 
152, 772, 754, 765, 773, 
153, 772, 758, 768, 774, 
154, 773, 758, 766, 775, 
155, 774, 759, 767, 776, 
156, 775, 760, 767, 778, 
157, 775, 763, 769, 778, 
158, 777, 764, 769, 779, 
159, 778, 764, 769, 779, 
160, 779, 765, 770, 781, 
161, 779, 767, 772, 781, 
162, 780, 767, 773, 782, 
163, 781, 768, 775, 783, 
164, 783, 769, 778, 785, 
165, 784, 770, 780, 785, 
166, 784, 772, 780, 785, 
167, 785, 774, 782, 786, 
168, 786, 775, 784, 787, 
169, 787, 774, 783, 788, 
170, 789, 775, 784, 789, 
171, 791, 776, 785, 791, 
172, 791, 778, 788, 791, 
173, 793, 779, 789, 792, 
174, 794, 779, 790, 792, 
175, 795, 780, 790, 793, 
176, 796, 781, 791, 793, 
177, 797, 782, 794, 795, 
178, 798, 783, 794, 795, 
179, 799, 783, 795, 797, 
180, 800, 784, 796, 798, 
181, 801, 785, 796, 800, 
182, 801, 787, 797, 801, 
183, 804, 787, 799, 802, 
184, 805, 788, 799, 802, 
185, 805, 790, 800, 803, 
186, 806, 795, 801, 804, 
187, 807, 795, 806, 804, 
188, 807, 796, 806, 806, 
189, 807, 796, 805, 806, 
190, 808, 795, 806, 807, 
191, 810, 796, 808, 810, 
192, 811, 797, 809, 811, 
193, 811, 799, 811, 814, 
194, 812, 799, 810, 815, 
195, 813, 799, 811, 815, 
196, 813, 801, 812, 815, 
197, 815, 801, 813, 817, 
198, 816, 802, 816, 817, 
199, 817, 804, 816, 820, 
200, 819, 804, 817, 819, 
201, 820, 805, 818, 820, 
202, 819, 806, 818, 821, 
203, 821, 807, 821, 822, 
204, 822, 808, 823, 823, 
205, 822, 808, 824, 824, 
206, 823, 808, 824, 824, 
207, 825, 809, 826, 825, 
208, 825, 810, 825, 827, 
209, 826, 812, 826, 827, 
210, 828, 814, 828, 827, 
211, 828, 813, 829, 829, 
212, 828, 813, 829, 829, 
213, 829, 818, 830, 829, 
214, 832, 818, 831, 831, 
215, 831, 820, 831, 832, 
216, 834, 819, 832, 833, 
217, 833, 821, 832, 833, 
218, 834, 821, 834, 834, 
219, 834, 823, 834, 835, 
220, 835, 823, 835, 837, 
221, 836, 829, 836, 835, 
222, 839, 829, 837, 838, 
223, 838, 828, 838, 838, 
224, 839, 828, 838, 838, 
225, 840, 829, 840, 837, 
226, 840, 829, 840, 839, 
227, 841, 830, 842, 839, 
228, 842, 830, 841, 840, 
229, 842, 831, 842, 840, 
230, 844, 832, 843, 841, 
231, 846, 834, 844, 842, 
232, 846, 836, 843, 843, 
233, 848, 837, 846, 844, 
234, 847, 838, 846, 845, 
235, 847, 838, 847, 846, 
236, 848, 838, 848, 846, 
237, 849, 839, 848, 846, 
238, 850, 840, 850, 847, 
239, 851, 841, 851, 847, 
240, 851, 841, 851, 848, 
241, 851, 842, 852, 849, 
242, 853, 844, 852, 849, 
243, 854, 845, 854, 850, 
244, 856, 846, 855, 850, 
245, 856, 848, 854, 851, 
246, 858, 848, 855, 853, 
247, 859, 850, 856, 854, 
248, 860, 851, 856, 854, 
249, 860, 852, 856, 854, 
250, 862, 853, 857, 855, 
251, 863, 854, 859, 856, 
252, 863, 855, 861, 856, 
253, 864, 855, 861, 856, 
254, 866, 858, 862, 858, 
255, 866, 858, 862, 858, 
256, 868, 862, 862, 858, 
257, 867, 860, 862, 859, 
258, 870, 863, 865, 860, 
259, 870, 864, 866, 860, 
260, 871, 864, 867, 861, 
261, 871, 866, 867, 861, 
262, 872, 866, 867, 862, 
263, 873, 868, 867, 861, 
264, 875, 870, 868, 864, 
265, 876, 869, 870, 863, 
266, 875, 870, 870, 862, 
267, 877, 872, 870, 864, 
268, 878, 871, 871, 866, 
269, 878, 871, 871, 866, 
270, 878, 871, 873, 866, 
271, 878, 871, 873, 867, 
272, 878, 872, 877, 869, 
273, 881, 872, 876, 870, 
274, 883, 874, 877, 870, 
275, 884, 874, 877, 872, 
276, 885, 874, 877, 872, 
277, 885, 877, 878, 874, 
278, 885, 877, 877, 874, 
279, 885, 877, 878, 875, 
280, 887, 879, 878, 876, 
281, 888, 878, 878, 876, 
282, 889, 881, 880, 877, 
283, 890, 880, 881, 880, 
284, 891, 882, 881, 880, 
285, 891, 883, 883, 882, 
286, 891, 883, 883, 882, 
287, 892, 884, 886, 883, 
288, 892, 885, 887, 885, 
289, 893, 885, 885, 884, 
290, 894, 885, 887, 885, 
291, 895, 885, 886, 886, 
292, 897, 887, 886, 887, 
293, 896, 888, 888, 886, 
294, 896, 888, 888, 888, 
295, 897, 888, 891, 889, 
296, 897, 889, 890, 889, 
297, 898, 890, 889, 889, 
298, 899, 890, 891, 889, 
299, 899, 891, 891, 890, 
300, 900, 891, 892, 889, 
301, 901, 891, 892, 891, 
302, 900, 892, 894, 891, 
303, 901, 892, 895, 893, 
304, 901, 893, 896, 894, 
305, 902, 894, 896, 893, 
306, 902, 895, 897, 893, 
307, 903, 895, 897, 893, 
308, 904, 897, 899, 894, 
309, 904, 898, 899, 895, 
310, 905, 898, 901, 895, 
311, 904, 898, 900, 897, 
312, 904, 899, 900, 898, 
313, 905, 900, 901, 898, 
314, 905, 900, 902, 898, 
315, 906, 901, 902, 899, 
316, 907, 901, 903, 900, 
317, 907, 902, 905, 899, 
318, 906, 902, 905, 900, 
319, 907, 903, 907, 901, 
320, 908, 903, 908, 901, 
321, 909, 904, 908, 902, 
322, 910, 904, 908, 902, 
323, 910, 905, 908, 901, 
324, 911, 906, 909, 903, 
325, 911, 906, 910, 903, 
326, 914, 906, 911, 903, 
327, 914, 907, 911, 904, 
328, 914, 908, 912, 903, 
329, 916, 909, 912, 904, 
330, 916, 909, 913, 904, 
331, 916, 910, 914, 905, 
332, 917, 911, 916, 908, 
333, 917, 911, 915, 909, 
334, 919, 911, 914, 910, 
335, 918, 912, 915, 910, 
336, 921, 913, 917, 910, 
337, 923, 912, 918, 911, 
338, 922, 913, 918, 911, 
339, 922, 914, 918, 913, 
340, 924, 913, 918, 912, 
341, 923, 914, 920, 912, 
342, 925, 915, 919, 914, 
343, 925, 915, 920, 916, 
344, 925, 915, 922, 916, 
345, 926, 915, 921, 918, 
346, 925, 916, 923, 919, 
347, 926, 916, 922, 918, 
348, 925, 916, 924, 918, 
349, 926, 916, 924, 918, 
350, 926, 917, 925, 919, 
351, 926, 917, 925, 920, 
352, 927, 917, 926, 920, 
353, 927, 918, 927, 922, 
354, 929, 918, 928, 923, 
355, 929, 919, 927, 922, 
356, 929, 920, 928, 923, 
357, 929, 920, 929, 924, 
358, 930, 921, 930, 924, 
359, 930, 920, 929, 924, 
360, 931, 922, 929, 926, 
361, 931, 923, 929, 925, 
362, 931, 923, 930, 925, 
363, 932, 923, 930, 926, 
364, 933, 924, 931, 927, 
365, 933, 924, 931, 927, 
366, 933, 923, 932, 928, 
367, 938, 924, 932, 928, 
368, 938, 925, 933, 928, 
369, 939, 927, 933, 929, 
370, 939, 926, 934, 931, 
371, 939, 926, 933, 931, 
372, 939, 926, 935, 932, 
373, 939, 926, 935, 933, 
374, 940, 926, 936, 933, 
375, 940, 927, 936, 932, 
376, 942, 927, 937, 933, 
377, 942, 926, 937, 933, 
378, 942, 928, 937, 933, 
379, 943, 928, 937, 934, 
380, 943, 929, 937, 934, 
381, 943, 930, 937, 934, 
382, 943, 929, 938, 935, 
383, 944, 931, 938, 936, 
384, 944, 931, 939, 935, 
385, 945, 932, 940, 937, 
386, 947, 932, 940, 937, 
387, 946, 932, 938, 936, 
388, 946, 933, 938, 936, 
389, 948, 934, 939, 937, 
390, 948, 934, 941, 938, 
391, 948, 937, 940, 938, 
392, 948, 934, 941, 938, 
393, 948, 938, 942, 939, 
394, 948, 936, 941, 940, 
395, 948, 939, 941, 941, 
396, 948, 939, 941, 941, 
397, 949, 939, 942, 941, 
398, 950, 940, 943, 941, 
399, 950, 940, 943, 941, 
400, 950, 940, 944, 942, 
401, 950, 941, 945, 943, 
402, 951, 942, 945, 943, 
403, 952, 942, 945, 943, 
404, 953, 944, 945, 943, 
405, 953, 943, 945, 944, 
406, 953, 945, 946, 945, 
407, 953, 946, 948, 946, 
408, 953, 947, 947, 945, 
409, 955, 947, 948, 945, 
410, 956, 947, 948, 946, 
411, 955, 947, 948, 946, 
412, 956, 948, 949, 946, 
413, 956, 948, 949, 948, 
414, 956, 948, 949, 949, 
415, 957, 948, 949, 949, 
416, 958, 949, 950, 950, 
417, 958, 950, 951, 949, 
418, 959, 950, 951, 950, 
419, 960, 951, 951, 950, 
420, 960, 952, 952, 952, 
421, 960, 951, 952, 951, 
422, 960, 951, 952, 952, 
423, 959, 952, 953, 952, 
424, 961, 952, 953, 952, 
425, 961, 952, 954, 953, 
426, 961, 953, 953, 953, 
427, 961, 953, 954, 953, 
428, 962, 954, 954, 954, 
429, 962, 953, 954, 954, 
430, 964, 952, 954, 954, 
431, 963, 954, 955, 955, 
432, 964, 953, 955, 955, 
433, 964, 953, 955, 956, 
434, 966, 954, 955, 957, 
435, 966, 954, 956, 957, 
436, 966, 955, 957, 957, 
437, 967, 955, 957, 958, 
438, 966, 956, 957, 958, 
439, 967, 957, 957, 959, 
440, 967, 956, 958, 959, 
441, 968, 957, 958, 960, 
442, 967, 956, 958, 959, 
443, 968, 957, 959, 961, 
444, 968, 957, 959, 962, 
445, 968, 958, 960, 962, 
446, 968, 958, 959, 961, 
447, 969, 958, 960, 962, 
448, 969, 958, 961, 963, 
449, 970, 959, 960, 963, 
450, 971, 959, 961, 963, 
451, 971, 959, 961, 964, 
452, 972, 959, 963, 964, 
453, 972, 959, 963, 964, 
454, 971, 960, 963, 965, 
455, 972, 961, 963, 966, 
456, 973, 960, 963, 965, 
457, 973, 961, 964, 965, 
458, 973, 961, 963, 965, 
459, 974, 962, 964, 966, 
460, 974, 961, 965, 966, 
461, 973, 962, 966, 968, 
462, 973, 963, 967, 968, 
463, 973, 963, 967, 968, 
464, 973, 962, 967, 968, 
465, 974, 963, 967, 968, 
466, 973, 963, 968, 968, 
467, 973, 964, 970, 968, 
468, 974, 965, 970, 968, 
469, 974, 965, 971, 969, 
470, 975, 966, 971, 969, 
471, 975, 966, 970, 970, 
472, 975, 967, 971, 969, 
473, 976, 968, 970, 969, 
474, 976, 967, 971, 969, 
475, 976, 968, 972, 969, 
476, 976, 969, 972, 970, 
477, 976, 969, 972, 970, 
478, 977, 970, 973, 970, 
479, 977, 970, 974, 971, 
480, 977, 971, 973, 970, 
481, 977, 970, 974, 970, 
482, 977, 971, 974, 972, 
483, 977, 972, 974, 972, 
484, 977, 972, 974, 971, 
485, 978, 973, 974, 971, 
486, 977, 973, 975, 971, 
487, 977, 973, 978, 972, 
488, 978, 974, 978, 972, 
489, 977, 974, 978, 972, 
490, 978, 974, 978, 972, 
491, 978, 974, 978, 972, 
492, 979, 974, 978, 972, 
493, 979, 974, 979, 972, 
494, 979, 974, 979, 973, 
495, 979, 973, 979, 974, 
496, 979, 974, 979, 973, 
497, 979, 973, 979, 974, 
498, 979, 973, 979, 975, 
499, 979, 974, 981, 975, 
500, 980, 974, 981, 975, 
501, 979, 974, 982, 977, 
502, 979, 975, 982, 978, 
503, 980, 976, 982, 977, 
504, 979, 978, 983, 978, 
505, 979, 979, 982, 979, 
506, 980, 979, 982, 980, 
507, 980, 979, 983, 980, 
508, 980, 980, 983, 980, 
509, 980, 980, 983, 981, 
510, 980, 980, 984, 982, 
511, 980, 980, 984, 982, 
512, 980, 980, 984, 983, 
513, 981, 980, 984, 983, 
514, 981, 981, 985, 984, 
515, 981, 982, 985, 984, 
516, 981, 982, 985, 984, 
517, 982, 981, 985, 984, 
518, 984, 982, 985, 984, 
519, 984, 981, 984, 984, 
520, 984, 981, 984, 984, 
521, 984, 981, 985, 985, 
522, 984, 982, 984, 985, 
523, 984, 982, 985, 985, 
524, 985, 983, 985, 986, 
525, 985, 981, 986, 985, 
526, 985, 983, 987, 986, 
527, 986, 983, 987, 986, 
528, 985, 983, 987, 986, 
529, 986, 983, 987, 987, 
530, 986, 983, 988, 988, 
531, 987, 983, 988, 987, 
532, 987, 983, 988, 988, 
533, 988, 983, 989, 988, 
534, 988, 983, 989, 988, 
535, 988, 983, 991, 988, 
536, 988, 983, 991, 989, 
537, 988, 984, 991, 989, 
538, 988, 984, 991, 989, 
539, 987, 985, 992, 990, 
540, 988, 985, 992, 990, 
541, 989, 985, 992, 990, 
542, 988, 985, 993, 990, 
543, 988, 985, 993, 990, 
544, 988, 986, 993, 990, 
545, 990, 985, 992, 991, 
546, 990, 986, 993, 991, 
547, 990, 986, 992, 991, 
548, 990, 986, 992, 991, 
549, 990, 986, 992, 991, 
550, 990, 987, 992, 991, 
551, 990, 987, 993, 991, 
552, 990, 987, 993, 991, 
553, 990, 987, 993, 991, 
554, 992, 987, 993, 991, 
555, 991, 988, 993, 991, 
556, 992, 988, 993, 991, 
557, 991, 988, 994, 990, 
558, 992, 988, 995, 991, 
559, 992, 989, 994, 991, 
560, 992, 988, 994, 991, 
561, 993, 988, 995, 991, 
562, 993, 989, 994, 991, 
563, 993, 988, 994, 992, 
564, 994, 989, 995, 991, 
565, 994, 990, 994, 991, 
566, 995, 990, 994, 991, 
567, 994, 989, 995, 992, 
568, 995, 990, 994, 992, 
569, 995, 990, 995, 992, 
570, 995, 991, 996, 992, 
571, 995, 992, 996, 993, 
572, 996, 992, 996, 993, 
573, 995, 993, 996, 993, 
574, 996, 993, 997, 993, 
575, 996, 992, 996, 993, 
576, 997, 993, 997, 993, 
577, 997, 993, 997, 994, 
578, 998, 993, 997, 994, 
579, 998, 994, 998, 994, 
580, 998, 995, 997, 993, 
581, 998, 995, 997, 994, 
582, 998, 995, 999, 994, 
583, 999, 995, 998, 994, 
584, 999, 995, 999, 994, 
585, 999, 995, 999, 994, 
586, 999, 995, 1000, 995, 
587, 999, 995, 1000, 995, 
588, 1000, 995, 1001, 995, 
589, 1001, 995, 1002, 996, 
590, 1000, 995, 1002, 996, 
591, 1000, 996, 1002, 996, 
592, 1001, 995, 1003, 996, 
593, 1001, 996, 1003, 996, 
594, 1001, 997, 1003, 996, 
595, 1001, 996, 1003, 996, 
596, 1001, 998, 1002, 997, 
597, 1002, 997, 1002, 996, 
598, 1001, 998, 1003, 997, 
599, 1001, 998, 1003, 996, 
600, 1002, 998, 1003, 997, 
601, 1003, 1000, 1004, 997, 
602, 1002, 1000, 1004, 997, 
603, 1003, 1000, 1004, 997, 
604, 1003, 1001, 1005, 997, 
605, 1003, 1001, 1004, 998, 
606, 1004, 1001, 1004, 997, 
607, 1004, 1000, 1004, 999, 
608, 1004, 1000, 1004, 998, 
609, 1004, 1000, 1004, 998, 
610, 1004, 1000, 1005, 998, 
611, 1004, 1000, 1005, 998, 
612, 1004, 1002, 1006, 998, 
613, 1004, 1001, 1006, 998, 
614, 1005, 1003, 1006, 999, 
615, 1005, 1002, 1007, 999, 
616, 1005, 1003, 1006, 999, 
617, 1005, 1002, 1007, 999, 
618, 1005, 1002, 1007, 1000, 
619, 1006, 1003, 1007, 1000, 
620, 1006, 1003, 1007, 1000, 
621, 1007, 1002, 1008, 1000, 
622, 1007, 1002, 1009, 1000, 
623, 1007, 1002, 1008, 1000, 
624, 1008, 1003, 1009, 1000, 
625, 1008, 1003, 1009, 1000, 
626, 1008, 1004, 1010, 1001, 
627, 1008, 1004, 1010, 1001, 
628, 1007, 1004, 1010, 1001, 
629, 1008, 1004, 1010, 1001, 
630, 1008, 1005, 1010, 1001, 
631, 1008, 1006, 1010, 1001, 
632, 1009, 1006, 1010, 1001, 
633, 1009, 1006, 1010, 1001, 
634, 1009, 1006, 1010, 1002, 
635, 1009, 1007, 1010, 1001, 
636, 1009, 1006, 1010, 1001, 
637, 1009, 1007, 1010, 1001, 
638, 1010, 1007, 1010, 1001, 
639, 1010, 1007, 1010, 1001, 
640, 1010, 1007, 1010, 1001, 
641, 1010, 1008, 1010, 1001, 
642, 1010, 1008, 1010, 1001, 
643, 1009, 1007, 1010, 1003, 
644, 1011, 1007, 1010, 1003, 
645, 1011, 1007, 1011, 1003, 
646, 1011, 1008, 1010, 1002, 
647, 1010, 1009, 1010, 1003, 
648, 1011, 1009, 1011, 1003, 
649, 1011, 1009, 1011, 1003, 
650, 1011, 1009, 1011, 1004, 
651, 1011, 1010, 1011, 1004, 
652, 1011, 1010, 1011, 1004, 
653, 1011, 1011, 1012, 1004, 
654, 1011, 1011, 1012, 1005, 
655, 1011, 1011, 1012, 1005, 
656, 1011, 1010, 1012, 1006, 
657, 1011, 1011, 1012, 1006, 
658, 1012, 1011, 1012, 1006, 
659, 1011, 1011, 1012, 1006, 
660, 1011, 1011, 1012, 1006, 
661, 1011, 1011, 1012, 1006, 
662, 1011, 1011, 1012, 1006, 
663, 1011, 1012, 1012, 1007, 
664, 1011, 1012, 1012, 1007, 
665, 1011, 1012, 1012, 1006, 
666, 1011, 1012, 1012, 1007, 
667, 1011, 1012, 1012, 1006, 
668, 1012, 1012, 1012, 1007, 
669, 1012, 1012, 1012, 1007, 
670, 1013, 1012, 1012, 1007, 
671, 1013, 1012, 1012, 1008, 
672, 1013, 1012, 1012, 1008, 
673, 1013, 1012, 1011, 1008, 
674, 1014, 1012, 1012, 1008, 
675, 1014, 1012, 1011, 1009, 
676, 1014, 1013, 1013, 1010, 
677, 1013, 1013, 1013, 1010, 
678, 1014, 1013, 1012, 1009, 
679, 1014, 1013, 1012, 1010, 
680, 1014, 1014, 1013, 1011, 
681, 1014, 1014, 1013, 1011, 
682, 1014, 1014, 1013, 1011, 
683, 1014, 1014, 1013, 1011, 
684, 1014, 1014, 1013, 1010, 
685, 1015, 1014, 1014, 1010, 
686, 1015, 1014, 1014, 1011, 
687, 1014, 1014, 1015, 1010, 
688, 1014, 1014, 1015, 1011, 
689, 1015, 1014, 1015, 1011, 
690, 1015, 1014, 1015, 1011, 
691, 1015, 1015, 1015, 1011, 
692, 1015, 1015, 1015, 1011, 
693, 1015, 1015, 1015, 1011, 
694, 1015, 1014, 1015, 1012, 
695, 1015, 1015, 1017, 1012, 
696, 1015, 1015, 1016, 1012, 
697, 1015, 1015, 1016, 1012, 
698, 1015, 1015, 1016, 1013, 
699, 1015, 1015, 1016, 1012, 
700, 1015, 1015, 1017, 1013, 
701, 1016, 1015, 1017, 1013, 
702, 1016, 1015, 1016, 1013, 
703, 1016, 1015, 1017, 1013, 
704, 1016, 1014, 1017, 1013, 
705, 1016, 1015, 1018, 1013, 
706, 1016, 1015, 1017, 1013, 
707, 1016, 1017, 1017, 1013, 
708, 1016, 1016, 1017, 1013, 
709, 1016, 1017, 1017, 1013, 
710, 1016, 1016, 1017, 1013, 
711, 1016, 1017, 1017, 1013, 
712, 1016, 1017, 1017, 1013, 
713, 1016, 1017, 1018, 1014, 
714, 1016, 1017, 1018, 1014, 
715, 1017, 1017, 1018, 1014, 
716, 1017, 1017, 1018, 1014, 
717, 1017, 1018, 1018, 1014, 
718, 1017, 1018, 1017, 1014, 
719, 1017, 1018, 1017, 1014, 
720, 1016, 1018, 1017, 1014, 
721, 1017, 1018, 1017, 1014, 
722, 1018, 1017, 1018, 1014, 
723, 1018, 1017, 1018, 1014, 
724, 1018, 1017, 1018, 1014, 
725, 1018, 1018, 1018, 1013, 
726, 1018, 1017, 1018, 1014, 
727, 1018, 1018, 1018, 1014, 
728, 1018, 1019, 1018, 1014, 
729, 1018, 1019, 1018, 1014, 
730, 1018, 1019, 1018, 1014, 
731, 1018, 1019, 1018, 1014, 
732, 1017, 1019, 1018, 1014, 
733, 1018, 1020, 1018, 1014, 
734, 1018, 1020, 1018, 1014, 
735, 1018, 1020, 1018, 1015, 
736, 1018, 1019, 1018, 1015, 
737, 1018, 1019, 1018, 1015, 
738, 1018, 1019, 1018, 1015, 
739, 1019, 1019, 1018, 1015, 
740, 1019, 1019, 1018, 1015, 
741, 1019, 1020, 1018, 1016, 
742, 1018, 1021, 1018, 1015, 
743, 1019, 1020, 1018, 1015, 
744, 1019, 1021, 1018, 1015, 
745, 1018, 1021, 1018, 1015, 
746, 1019, 1021, 1018, 1015, 
747, 1019, 1021, 1017, 1015, 
748, 1019, 1021, 1018, 1015, 
749, 1019, 1021, 1018, 1015, 
750, 1019, 1021, 1018, 1015, 
751, 1019, 1021, 1018, 1015, 
752, 1019, 1021, 1019, 1015, 
753, 1020, 1021, 1018, 1015, 
754, 1019, 1021, 1018, 1015, 
755, 1019, 1021, 1018, 1015, 
756, 1019, 1021, 1018, 1015, 
757, 1019, 1021, 1018, 1015, 
758, 1019, 1022, 1018, 1015, 
759, 1020, 1022, 1018, 1015, 
760, 1020, 1022, 1018, 1017, 
761, 1020, 1022, 1019, 1017, 
762, 1020, 1022, 1019, 1016, 
763, 1020, 1022, 1019, 1017, 
764, 1020, 1022, 1018, 1017, 
765, 1019, 1022, 1019, 1017, 
766, 1019, 1022, 1019, 1017, 
767, 1020, 1022, 1019, 1017, 
768, 1020, 1022, 1019, 1017, 
769, 1020, 1022, 1019, 1017, 
770, 1020, 1022, 1019, 1017, 
771, 1019, 1022, 1019, 1017, 
772, 1020, 1022, 1019, 1017, 
773, 1020, 1022, 1019, 1018, 
774, 1020, 1022, 1019, 1017, 
775, 1020, 1022, 1019, 1017, 
776, 1020, 1022, 1019, 1018, 
777, 1021, 1022, 1019, 1018, 
778, 1021, 1022, 1019, 1018, 
779, 1021, 1023, 1019, 1018, 
780, 1021, 1022, 1019, 1018, 
781, 1021, 1022, 1019, 1017, 
782, 1021, 1022, 1019, 1018, 
783, 1021, 1022, 1019, 1018, 
784, 1021, 1022, 1020, 1018, 
785, 1021, 1022, 1020, 1018, 
786, 1021, 1022, 1020, 1018, 
787, 1022, 1022, 1020, 1018, 
788, 1021, 1022, 1020, 1018, 
789, 1021, 1022, 1020, 1018, 
790, 1021, 1022, 1020, 1018, 
791, 1021, 1022, 1020, 1018, 
792, 1021, 1022, 1020, 1018, 
793, 1021, 1022, 1020, 1018, 
794, 1021, 1022, 1020, 1018, 
795, 1021, 1022, 1020, 1018, 
796, 1021, 1022, 1020, 1018, 
797, 1022, 1022, 1020, 1018, 
798, 1022, 1022, 1020, 1018, 
799, 1022, 1022, 1020, 1019, 
800, 1022, 1022, 1020, 1019, 
801, 1022, 1022, 1020, 1019, 
802, 1022, 1022, 1020, 1018, 
803, 1022, 1022, 1020, 1018, 
804, 1022, 1022, 1020, 1019, 
805, 1022, 1022, 1020, 1019, 
806, 1022, 1022, 1020, 1019, 
807, 1022, 1022, 1020, 1018, 
808, 1022, 1022, 1020, 1019, 
809, 1022, 1022, 1020, 1019, 
810, 1022, 1022, 1021, 1019, 
811, 1022, 1022, 1021, 1019, 
812, 1022, 1022, 1020, 1019, 
813, 1022, 1022, 1020, 1019, 
814, 1022, 1022, 1020, 1019, 
815, 1022, 1022, 1020, 1019, 
816, 1022, 1022, 1020, 1019, 
817, 1022, 1022, 1021, 1019, 
818, 1022, 1022, 1021, 1019, 
819, 1022, 1022, 1020, 1019, 
820, 1022, 1022, 1020, 1019, 
821, 1022, 1022, 1020, 1019, 
822, 1022, 1021, 1021, 1019, 
823, 1022, 1021, 1020, 1020, 
824, 1022, 1021, 1021, 1020, 
825, 1022, 1021, 1021, 1021, 
826, 1022, 1022, 1021, 1020, 
827, 1022, 1022, 1021, 1020, 
828, 1022, 1022, 1021, 1021, 
829, 1022, 1022, 1021, 1021, 
830, 1022, 1022, 1020, 1021, 
831, 1022, 1022, 1021, 1021, 
832, 1022, 1022, 1020, 1021, 
833, 1022, 1022, 1020, 1021, 
834, 1022, 1022, 1021, 1021, 
835, 1022, 1022, 1020, 1021, 
836, 1022, 1022, 1021, 1021, 
837, 1022, 1022, 1020, 1021, 
838, 1022, 1022, 1020, 1021, 
839, 1022, 1022, 1020, 1021, 
840, 1022, 1022, 1020, 1021, 
841, 1023, 1022, 1020, 1021, 
842, 1022, 1022, 1020, 1021, 
843, 1022, 1022, 1021, 1021, 
844, 1022, 1022, 1021, 1021, 
845, 1022, 1022, 1021, 1021, 
846, 1022, 1022, 1020, 1021, 
847, 1022, 1022, 1020, 1021, 
848, 1022, 1022, 1020, 1021, 
849, 1022, 1022, 1020, 1021, 
850, 1022, 1022, 1020, 1021, 
851, 1022, 1022, 1020, 1021, 
852, 1022, 1022, 1020, 1021, 
853, 1022, 1022, 1020, 1021, 
854, 1022, 1022, 1020, 1021, 
855, 1022, 1022, 1020, 1021, 
856, 1022, 1022, 1020, 1021, 
857, 1022, 1022, 1021, 1021, 
858, 1022, 1022, 1021, 1021, 
859, 1022, 1022, 1020, 1021, 
860, 1022, 1022, 1020, 1021, 
861, 1022, 1022, 1021, 1021, 
862, 1022, 1022, 1021, 1021, 
863, 1022, 1022, 1021, 1021, 
864, 1022, 1022, 1021, 1021, 
865, 1022, 1022, 1021, 1021, 
866, 1023, 1021, 1021, 1021, 
867, 1023, 1021, 1021, 1021, 
868, 1023, 1021, 1021, 1021, 
869, 1023, 1023, 1021, 1021, 
870, 1023, 1023, 1021, 1021, 
871, 1023, 1023, 1021, 1021, 
872, 1023, 1022, 1021, 1021, 
873, 1023, 1022, 1021, 1021, 
874, 1023, 1023, 1021, 1021, 
875, 1022, 1023, 1022, 1021, 
876, 1023, 1023, 1022, 1021, 
877, 1022, 1023, 1022, 1021, 
878, 1023, 1023, 1022, 1020, 
879, 1023, 1023, 1022, 1020, 
880, 1023, 1023, 1022, 1020, 
881, 1023, 1023, 1022, 1021, 
882, 1023, 1022, 1021, 1021, 
883, 1023, 1023, 1021, 1021, 
884, 1023, 1023, 1021, 1020, 
885, 1023, 1023, 1021, 1020, 
886, 1023, 1023, 1021, 1020, 
887, 1023, 1023, 1021, 1020, 
888, 1023, 1023, 1021, 1020, 
889, 1023, 1023, 1021, 1021, 
890, 1023, 1023, 1021, 1021, 
891, 1023, 1023, 1021, 1020, 
892, 1023, 1023, 1021, 1021, 
893, 1023, 1023, 1021, 1021, 
894, 1023, 1023, 1021, 1021, 
895, 1023, 1023, 1021, 1021, 
896, 1023, 1023, 1021, 1021, 
897, 1023, 1023, 1021, 1021, 
898, 1023, 1023, 1021, 1021, 
899, 1023, 1023, 1021, 1021, 
900, 1023, 1023, 1021, 1021, 
901, 1023, 1023, 1021, 1021, 
902, 1023, 1023, 1021, 1021, 
903, 1023, 1023, 1021, 1021, 
904, 1023, 1023, 1021, 1021, 
905, 1022, 1023, 1021, 1021, 
906, 1023, 1023, 1022, 1021, 
907, 1023, 1023, 1022, 1021, 
908, 1023, 1023, 1022, 1021, 
909, 1023, 1023, 1022, 1021, 
910, 1023, 1023, 1021, 1023, 
911, 1023, 1023, 1022, 1023, 
912, 1023, 1023, 1022, 1023, 
913, 1023, 1023, 1021, 1023, 
914, 1023, 1023, 1022, 1023, 
915, 1023, 1023, 1021, 1023, 
916, 1023, 1023, 1021, 1023, 
917, 1023, 1022, 1021, 1022, 
918, 1023, 1023, 1021, 1022, 
919, 1023, 1023, 1021, 1023, 
920, 1023, 1023, 1021, 1023, 
921, 1023, 1023, 1022, 1023, 
922, 1023, 1023, 1022, 1022, 
923, 1023, 1023, 1022, 1023, 
924, 1023, 1022, 1022, 1023, 
925, 1022, 1023, 1023, 1023, 
926, 1022, 1023, 1022, 1022, 
927, 1022, 1023, 1022, 1022, 
928, 1023, 1023, 1022, 1023, 
929, 1023, 1023, 1022, 1023, 
930, 1023, 1023, 1022, 1023, 
931, 1023, 1023, 1023, 1023, 
932, 1023, 1023, 1022, 1023, 
933, 1023, 1023, 1022, 1023, 
934, 1023, 1024, 1022, 1023, 
