Runtime (microseconds), 393339
Generation, Fitness Island 0, Fitness Island 1, Fitness Island 2, Fitness Island 3
0, 540, 535, 548, 544, 
1, 539, 539, 558, 548, 
2, 545, 551, 567, 563, 
3, 550, 554, 572, 564, 
4, 553, 559, 572, 565, 
5, 561, 559, 581, 573, 
6, 566, 562, 585, 584, 
7, 567, 567, 587, 585, 
8, 571, 570, 587, 588, 
9, 575, 572, 588, 597, 
10, 581, 587, 589, 597, 
11, 583, 584, 597, 602, 
12, 597, 588, 598, 602, 
13, 592, 593, 601, 606, 
14, 594, 594, 605, 610, 
15, 605, 604, 607, 611, 
16, 613, 602, 611, 614, 
17, 625, 600, 613, 615, 
18, 621, 607, 615, 618, 
19, 623, 613, 616, 619, 
20, 622, 619, 620, 620, 
21, 627, 622, 622, 622, 
22, 629, 628, 626, 624, 
23, 630, 633, 625, 625, 
24, 630, 637, 628, 626, 
25, 633, 636, 630, 628, 
26, 634, 638, 632, 629, 
27, 636, 639, 636, 635, 
28, 637, 642, 640, 646, 
29, 640, 643, 640, 642, 
30, 641, 644, 646, 643, 
31, 643, 646, 647, 646, 
32, 644, 649, 647, 647, 
33, 647, 650, 649, 648, 
34, 647, 651, 649, 649, 
35, 648, 652, 650, 651, 
36, 652, 653, 652, 652, 
37, 654, 658, 655, 653, 
38, 655, 658, 656, 655, 
39, 658, 660, 658, 655, 
40, 658, 661, 659, 658, 
41, 658, 661, 660, 659, 
42, 661, 663, 661, 660, 
43, 662, 664, 665, 660, 
44, 664, 666, 668, 663, 
45, 665, 667, 669, 666, 
46, 667, 669, 674, 667, 
47, 669, 670, 680, 667, 
48, 671, 670, 681, 671, 
49, 676, 672, 684, 673, 
50, 675, 674, 685, 676, 
51, 676, 683, 684, 679, 
52, 680, 680, 687, 681, 
53, 680, 679, 687, 682, 
54, 682, 682, 688, 684, 
55, 684, 682, 691, 687, 
56, 687, 684, 696, 690, 
57, 691, 692, 696, 691, 
58, 694, 695, 696, 695, 
59, 696, 694, 696, 695, 
60, 696, 695, 697, 696, 
61, 698, 695, 698, 696, 
62, 699, 696, 700, 696, 
63, 703, 702, 700, 697, 
64, 705, 703, 703, 699, 
65, 707, 705, 702, 700, 
66, 708, 705, 704, 703, 
67, 708, 706, 706, 704, 
68, 710, 707, 708, 708, 
69, 710, 709, 711, 707, 
70, 711, 709, 711, 709, 
71, 712, 710, 712, 712, 
72, 714, 714, 714, 715, 
73, 717, 713, 717, 716, 
74, 717, 716, 718, 718, 
75, 720, 720, 721, 719, 
76, 722, 719, 723, 720, 
77, 723, 721, 725, 722, 
78, 722, 722, 727, 723, 
79, 724, 726, 730, 724, 
80, 726, 728, 732, 726, 
81, 727, 729, 733, 727, 
82, 729, 730, 733, 731, 
83, 729, 731, 733, 734, 
84, 729, 732, 736, 736, 
85, 735, 737, 737, 739, 
86, 735, 738, 740, 740, 
87, 741, 738, 741, 742, 
88, 743, 741, 745, 744, 
89, 742, 740, 745, 744, 
90, 748, 743, 747, 745, 
91, 749, 745, 749, 747, 
92, 756, 746, 750, 747, 
93, 751, 751, 752, 748, 
94, 751, 753, 752, 749, 
95, 752, 753, 751, 749, 
96, 752, 757, 753, 753, 
97, 753, 758, 755, 754, 
98, 754, 760, 756, 756, 
99, 754, 760, 755, 759, 
100, 755, 763, 756, 762, 
101, 762, 764, 758, 761, 
102, 761, 765, 758, 763, 
103, 762, 766, 758, 765, 
104, 763, 765, 761, 766, 
105, 763, 766, 766, 768, 
106, 766, 767, 764, 770, 
107, 768, 769, 771, 771, 
108, 770, 769, 773, 772, 
109, 772, 772, 773, 773, 
110, 773, 773, 775, 774, 
111, 775, 775, 776, 774, 
112, 776, 777, 776, 776, 
113, 779, 777, 777, 777, 
114, 781, 778, 777, 778, 
115, 782, 779, 778, 779, 
116, 783, 781, 780, 780, 
117, 786, 783, 780, 785, 
118, 786, 784, 782, 786, 
119, 786, 786, 783, 788, 
120, 786, 788, 785, 790, 
121, 791, 788, 788, 791, 
122, 792, 790, 789, 793, 
123, 794, 791, 792, 792, 
124, 795, 792, 793, 793, 
125, 795, 795, 799, 792, 
126, 797, 797, 799, 794, 
127, 798, 797, 799, 795, 
128, 798, 798, 799, 796, 
129, 798, 798, 803, 801, 
130, 800, 803, 802, 805, 
131, 802, 803, 802, 809, 
132, 803, 802, 804, 810, 
133, 805, 810, 804, 811, 
134, 805, 809, 807, 811, 
135, 808, 809, 810, 813, 
136, 809, 810, 809, 814, 
137, 810, 810, 811, 812, 
138, 811, 810, 812, 813, 
139, 813, 812, 810, 814, 
140, 815, 812, 811, 815, 
141, 816, 812, 814, 816, 
142, 817, 813, 816, 815, 
143, 817, 815, 815, 817, 
144, 819, 817, 817, 818, 
145, 820, 819, 817, 818, 
146, 822, 820, 820, 820, 
147, 822, 821, 819, 820, 
148, 822, 823, 821, 819, 
149, 824, 822, 821, 820, 
150, 825, 823, 822, 823, 
151, 825, 824, 825, 823, 
152, 826, 825, 825, 823, 
153, 827, 826, 827, 825, 
154, 827, 828, 830, 826, 
155, 829, 829, 831, 828, 
156, 829, 827, 832, 828, 
157, 831, 829, 835, 829, 
158, 833, 831, 836, 830, 
159, 834, 832, 836, 833, 
160, 835, 834, 838, 834, 
161, 837, 834, 838, 834, 
162, 838, 835, 840, 836, 
163, 839, 837, 840, 836, 
164, 839, 836, 840, 840, 
165, 841, 841, 841, 846, 
166, 840, 839, 842, 847, 
167, 843, 842, 842, 847, 
168, 842, 842, 844, 846, 
169, 846, 847, 845, 847, 
170, 848, 847, 845, 850, 
171, 846, 848, 846, 849, 
172, 848, 850, 852, 851, 
173, 849, 854, 852, 851, 
174, 850, 856, 852, 852, 
175, 855, 855, 852, 852, 
176, 855, 857, 854, 853, 
177, 855, 858, 853, 853, 
178, 856, 858, 854, 854, 
179, 856, 860, 856, 855, 
180, 857, 859, 859, 856, 
181, 858, 860, 859, 858, 
182, 860, 861, 859, 864, 
183, 863, 861, 860, 865, 
184, 864, 861, 861, 866, 
185, 865, 864, 863, 864, 
186, 867, 863, 864, 866, 
187, 868, 863, 865, 866, 
188, 870, 867, 865, 867, 
189, 871, 867, 865, 867, 
190, 872, 868, 866, 870, 
191, 872, 869, 867, 870, 
192, 872, 870, 867, 870, 
193, 873, 871, 871, 871, 
194, 873, 872, 871, 872, 
195, 874, 875, 871, 873, 
196, 875, 875, 871, 874, 
197, 875, 875, 875, 874, 
198, 875, 877, 877, 875, 
199, 877, 876, 877, 877, 
200, 878, 878, 880, 878, 
201, 878, 879, 882, 878, 
202, 878, 880, 883, 880, 
203, 878, 880, 883, 881, 
204, 880, 881, 883, 882, 
205, 882, 882, 886, 883, 
206, 882, 881, 887, 885, 
207, 883, 882, 887, 886, 
208, 883, 884, 888, 890, 
209, 883, 885, 890, 889, 
210, 885, 886, 890, 890, 
211, 885, 887, 891, 890, 
212, 886, 889, 892, 892, 
213, 890, 891, 892, 893, 
214, 892, 893, 895, 893, 
215, 894, 895, 893, 894, 
216, 894, 897, 894, 895, 
217, 896, 896, 896, 895, 
218, 896, 897, 897, 895, 
219, 898, 897, 900, 895, 
220, 898, 898, 900, 896, 
221, 898, 900, 900, 900, 
222, 899, 902, 902, 900, 
223, 900, 903, 904, 901, 
224, 900, 903, 904, 902, 
225, 900, 904, 904, 901, 
226, 903, 907, 906, 901, 
227, 903, 907, 906, 902, 
228, 906, 907, 906, 905, 
229, 907, 908, 907, 905, 
230, 906, 908, 908, 905, 
231, 908, 909, 910, 905, 
232, 908, 909, 911, 907, 
233, 910, 910, 911, 908, 
234, 911, 911, 910, 909, 
235, 909, 911, 911, 909, 
236, 911, 912, 912, 910, 
237, 914, 912, 913, 915, 
238, 914, 913, 914, 917, 
239, 914, 914, 915, 918, 
240, 914, 916, 915, 917, 
241, 914, 914, 916, 918, 
242, 914, 915, 916, 917, 
243, 916, 917, 917, 919, 
244, 919, 918, 917, 919, 
245, 919, 918, 918, 919, 
246, 920, 920, 918, 922, 
247, 920, 920, 921, 922, 
248, 923, 919, 923, 922, 
249, 924, 921, 921, 923, 
250, 925, 922, 921, 923, 
251, 925, 923, 924, 922, 
252, 926, 922, 924, 923, 
253, 926, 923, 928, 926, 
254, 927, 924, 931, 927, 
255, 927, 926, 931, 926, 
256, 927, 927, 931, 930, 
257, 928, 930, 932, 929, 
258, 928, 931, 932, 929, 
259, 930, 933, 932, 931, 
260, 933, 933, 933, 932, 
261, 932, 933, 934, 935, 
262, 931, 934, 934, 935, 
263, 933, 935, 934, 936, 
264, 936, 937, 935, 936, 
265, 936, 937, 937, 938, 
266, 936, 938, 937, 940, 
267, 938, 939, 939, 941, 
268, 938, 940, 941, 940, 
269, 938, 942, 943, 941, 
270, 939, 947, 943, 942, 
271, 939, 947, 944, 942, 
272, 940, 948, 945, 945, 
273, 940, 949, 946, 947, 
274, 946, 949, 947, 946, 
275, 945, 949, 948, 947, 
276, 945, 949, 948, 948, 
277, 949, 951, 948, 949, 
278, 951, 951, 949, 949, 
279, 950, 951, 951, 950, 
280, 952, 951, 951, 949, 
281, 952, 952, 951, 950, 
282, 953, 953, 952, 951, 
283, 954, 953, 952, 952, 
284, 954, 952, 955, 955, 
285, 955, 954, 955, 952, 
286, 954, 954, 956, 954, 
287, 956, 953, 955, 955, 
288, 958, 954, 955, 956, 
289, 958, 954, 958, 957, 
290, 958, 960, 958, 956, 
291, 959, 959, 957, 957, 
292, 960, 959, 959, 957, 
293, 959, 959, 958, 958, 
294, 960, 960, 959, 959, 
295, 961, 961, 960, 962, 
296, 961, 961, 961, 961, 
297, 961, 962, 961, 961, 
298, 960, 961, 963, 961, 
299, 962, 962, 965, 964, 
300, 962, 964, 964, 963, 
301, 962, 964, 964, 964, 
302, 963, 965, 967, 964, 
303, 964, 965, 967, 964, 
304, 964, 966, 967, 967, 
305, 964, 967, 969, 967, 
306, 968, 967, 970, 967, 
307, 969, 968, 972, 968, 
308, 969, 969, 972, 968, 
309, 969, 969, 972, 969, 
310, 969, 969, 973, 969, 
311, 970, 970, 974, 969, 
312, 971, 970, 974, 969, 
313, 971, 973, 973, 972, 
314, 972, 973, 975, 973, 
315, 972, 975, 975, 974, 
316, 974, 975, 975, 975, 
317, 973, 975, 976, 974, 
318, 973, 975, 975, 974, 
319, 974, 975, 975, 974, 
320, 976, 977, 976, 975, 
321, 978, 977, 977, 976, 
322, 979, 978, 978, 976, 
323, 979, 979, 980, 976, 
324, 981, 978, 981, 976, 
325, 981, 980, 981, 976, 
326, 981, 980, 981, 977, 
327, 981, 980, 982, 980, 
328, 982, 980, 982, 981, 
329, 982, 980, 981, 981, 
330, 982, 981, 981, 982, 
331, 983, 981, 982, 982, 
332, 983, 981, 982, 982, 
333, 983, 983, 982, 983, 
334, 983, 984, 983, 983, 
335, 984, 985, 984, 983, 
336, 986, 985, 986, 983, 
337, 986, 985, 986, 984, 
338, 986, 985, 986, 985, 
339, 986, 985, 987, 985, 
340, 986, 987, 986, 985, 
341, 986, 987, 986, 985, 
342, 987, 988, 987, 985, 
343, 989, 987, 987, 987, 
344, 989, 988, 987, 988, 
345, 989, 988, 987, 989, 
346, 988, 988, 987, 989, 
347, 990, 988, 987, 991, 
348, 990, 989, 987, 991, 
349, 990, 989, 987, 991, 
350, 990, 990, 989, 992, 
351, 990, 990, 989, 992, 
352, 990, 990, 990, 991, 
353, 992, 990, 989, 992, 
354, 992, 991, 990, 992, 
355, 990, 990, 991, 991, 
356, 991, 990, 990, 991, 
357, 991, 992, 991, 992, 
358, 992, 992, 993, 993, 
359, 992, 992, 993, 993, 
360, 993, 992, 993, 994, 
361, 993, 992, 993, 995, 
362, 993, 994, 994, 995, 
363, 995, 995, 994, 996, 
364, 995, 995, 994, 996, 
365, 994, 995, 995, 996, 
366, 994, 996, 995, 995, 
367, 996, 996, 996, 995, 
368, 995, 998, 995, 996, 
369, 995, 998, 995, 996, 
370, 995, 998, 996, 996, 
371, 995, 998, 997, 996, 
372, 996, 998, 998, 996, 
373, 996, 998, 997, 997, 
374, 997, 998, 997, 999, 
375, 997, 997, 998, 998, 
376, 997, 997, 999, 999, 
377, 997, 998, 999, 998, 
378, 997, 998, 999, 998, 
379, 998, 998, 998, 998, 
380, 998, 998, 999, 998, 
381, 997, 998, 999, 999, 
382, 998, 1001, 999, 999, 
383, 998, 1001, 999, 999, 
384, 998, 1000, 1000, 999, 
385, 998, 1001, 1001, 999, 
386, 999, 1001, 1000, 999, 
387, 1000, 1002, 1000, 1001, 
388, 1001, 1002, 1001, 1001, 
389, 1002, 1002, 1001, 1001, 
390, 1002, 1002, 1001, 1001, 
391, 1002, 1002, 1001, 1001, 
392, 1002, 1002, 1001, 1001, 
393, 1002, 1002, 1002, 1001, 
394, 1003, 1002, 1001, 1002, 
395, 1004, 1002, 1002, 1001, 
396, 1004, 1002, 1002, 1002, 
397, 1004, 1004, 1001, 1002, 
398, 1004, 1004, 1002, 1004, 
399, 1004, 1003, 1002, 1004, 
400, 1004, 1004, 1001, 1004, 
401, 1004, 1004, 1003, 1004, 
402, 1004, 1005, 1002, 1004, 
403, 1005, 1005, 1002, 1004, 
404, 1005, 1006, 1002, 1004, 
405, 1005, 1005, 1004, 1004, 
406, 1007, 1006, 1004, 1005, 
407, 1006, 1006, 1004, 1004, 
408, 1006, 1005, 1005, 1004, 
409, 1008, 1006, 1006, 1005, 
410, 1008, 1006, 1007, 1005, 
411, 1009, 1007, 1006, 1005, 
412, 1009, 1006, 1006, 1006, 
413, 1009, 1008, 1007, 1006, 
414, 1009, 1009, 1007, 1008, 
415, 1009, 1008, 1008, 1008, 
416, 1009, 1007, 1008, 1007, 
417, 1009, 1007, 1008, 1008, 
418, 1009, 1007, 1009, 1008, 
419, 1011, 1008, 1010, 1008, 
420, 1010, 1008, 1010, 1008, 
421, 1011, 1008, 1011, 1008, 
422, 1010, 1009, 1011, 1009, 
423, 1011, 1009, 1011, 1009, 
424, 1011, 1011, 1011, 1010, 
425, 1011, 1011, 1011, 1011, 
426, 1011, 1011, 1010, 1011, 
427, 1011, 1011, 1010, 1011, 
428, 1012, 1012, 1011, 1011, 
429, 1011, 1012, 1012, 1011, 
430, 1012, 1011, 1012, 1011, 
431, 1013, 1012, 1012, 1011, 
432, 1013, 1012, 1013, 1011, 
433, 1013, 1012, 1013, 1011, 
434, 1013, 1012, 1012, 1012, 
435, 1013, 1013, 1012, 1013, 
436, 1013, 1012, 1013, 1013, 
437, 1013, 1012, 1012, 1013, 
438, 1013, 1013, 1013, 1013, 
439, 1013, 1013, 1013, 1013, 
440, 1013, 1013, 1013, 1013, 
441, 1013, 1013, 1013, 1013, 
442, 1014, 1014, 1013, 1013, 
443, 1014, 1014, 1013, 1013, 
444, 1014, 1014, 1013, 1013, 
445, 1014, 1014, 1014, 1013, 
446, 1013, 1014, 1014, 1013, 
447, 1013, 1014, 1014, 1013, 
448, 1013, 1015, 1014, 1013, 
449, 1014, 1015, 1014, 1013, 
450, 1014, 1015, 1014, 1014, 
451, 1014, 1015, 1015, 1014, 
452, 1013, 1015, 1015, 1014, 
453, 1014, 1015, 1015, 1015, 
454, 1014, 1015, 1015, 1015, 
455, 1014, 1015, 1015, 1016, 
456, 1016, 1015, 1015, 1016, 
457, 1015, 1015, 1015, 1015, 
458, 1015, 1015, 1015, 1015, 
459, 1015, 1015, 1016, 1015, 
460, 1015, 1015, 1016, 1015, 
461, 1016, 1015, 1016, 1015, 
462, 1016, 1015, 1016, 1015, 
463, 1016, 1015, 1016, 1015, 
464, 1016, 1015, 1016, 1016, 
465, 1016, 1015, 1017, 1016, 
466, 1016, 1015, 1018, 1016, 
467, 1016, 1017, 1017, 1015, 
468, 1016, 1017, 1017, 1017, 
469, 1016, 1017, 1017, 1016, 
470, 1016, 1017, 1017, 1016, 
471, 1016, 1017, 1018, 1017, 
472, 1016, 1018, 1018, 1017, 
473, 1016, 1017, 1018, 1018, 
474, 1017, 1017, 1018, 1019, 
475, 1017, 1018, 1018, 1019, 
476, 1018, 1017, 1017, 1019, 
477, 1018, 1018, 1017, 1018, 
478, 1018, 1018, 1018, 1018, 
479, 1018, 1018, 1018, 1018, 
480, 1018, 1018, 1018, 1018, 
481, 1018, 1018, 1018, 1018, 
482, 1018, 1018, 1018, 1019, 
483, 1018, 1018, 1018, 1019, 
484, 1019, 1018, 1018, 1019, 
485, 1019, 1018, 1018, 1019, 
486, 1019, 1018, 1019, 1019, 
487, 1019, 1017, 1018, 1019, 
488, 1018, 1018, 1018, 1019, 
489, 1018, 1018, 1018, 1019, 
490, 1019, 1019, 1017, 1019, 
491, 1019, 1019, 1019, 1019, 
492, 1019, 1019, 1019, 1019, 
493, 1019, 1019, 1019, 1019, 
494, 1019, 1019, 1019, 1019, 
495, 1019, 1020, 1020, 1019, 
496, 1018, 1020, 1019, 1020, 
497, 1019, 1020, 1019, 1019, 
498, 1019, 1020, 1019, 1019, 
499, 1019, 1020, 1019, 1020, 
500, 1019, 1020, 1020, 1020, 
501, 1019, 1020, 1020, 1020, 
502, 1019, 1021, 1020, 1020, 
503, 1019, 1020, 1021, 1020, 
504, 1019, 1021, 1021, 1020, 
505, 1019, 1022, 1021, 1020, 
506, 1019, 1021, 1021, 1019, 
507, 1019, 1022, 1021, 1020, 
508, 1019, 1022, 1022, 1021, 
509, 1019, 1022, 1022, 1021, 
510, 1019, 1021, 1022, 1020, 
511, 1020, 1021, 1022, 1020, 
512, 1021, 1022, 1022, 1021, 
513, 1020, 1022, 1022, 1021, 
514, 1020, 1022, 1022, 1021, 
515, 1021, 1021, 1022, 1021, 
516, 1020, 1022, 1022, 1021, 
517, 1020, 1022, 1022, 1022, 
518, 1021, 1022, 1022, 1022, 
519, 1021, 1022, 1022, 1022, 
520, 1021, 1022, 1022, 1022, 
521, 1021, 1022, 1022, 1022, 
522, 1022, 1022, 1022, 1022, 
523, 1022, 1023, 1022, 1022, 
524, 1021, 1023, 1022, 1022, 
525, 1021, 1023, 1022, 1022, 
526, 1022, 1023, 1022, 1022, 
527, 1022, 1023, 1023, 1022, 
528, 1022, 1022, 1023, 1023, 
529, 1022, 1023, 1023, 1023, 
530, 1022, 1023, 1023, 1023, 
531, 1023, 1023, 1023, 1022, 
532, 1023, 1023, 1022, 1022, 
533, 1023, 1023, 1023, 1022, 
534, 1023, 1023, 1023, 1022, 
535, 1023, 1023, 1023, 1023, 
536, 1023, 1023, 1023, 1023, 
537, 1022, 1023, 1023, 1023, 
538, 1022, 1023, 1023, 1023, 
539, 1023, 1023, 1023, 1023, 
540, 1023, 1023, 1023, 1023, 
541, 1023, 1023, 1023, 1023, 
542, 1023, 1023, 1023, 1023, 
543, 1023, 1023, 1023, 1023, 
544, 1023, 1023, 1023, 1023, 
545, 1022, 1023, 1023, 1023, 
546, 1022, 1023, 1023, 1023, 
547, 1023, 1023, 1023, 1023, 
548, 1023, 1023, 1022, 1023, 
549, 1023, 1023, 1022, 1023, 
550, 1023, 1023, 1023, 1023, 
551, 1023, 1023, 1023, 1023, 
552, 1023, 1023, 1023, 1023, 
553, 1023, 1023, 1023, 1023, 
554, 1023, 1023, 1023, 1023, 
555, 1023, 1023, 1023, 1023, 
556, 1023, 1023, 1022, 1023, 
557, 1023, 1023, 1022, 1023, 
558, 1023, 1023, 1022, 1022, 
559, 1023, 1023, 1023, 1023, 
560, 1023, 1023, 1023, 1023, 
561, 1023, 1023, 1023, 1023, 
562, 1023, 1023, 1023, 1023, 
563, 1022, 1023, 1023, 1023, 
564, 1022, 1023, 1023, 1023, 
565, 1022, 1023, 1022, 1023, 
566, 1023, 1023, 1022, 1023, 
567, 1023, 1023, 1022, 1023, 
568, 1023, 1023, 1023, 1023, 
569, 1023, 1023, 1023, 1023, 
570, 1023, 1023, 1023, 1023, 
571, 1023, 1023, 1023, 1023, 
572, 1023, 1023, 1023, 1023, 
573, 1023, 1023, 1023, 1023, 
574, 1023, 1023, 1023, 1023, 
575, 1023, 1023, 1023, 1023, 
576, 1023, 1023, 1023, 1023, 
577, 1023, 1023, 1023, 1023, 
578, 1023, 1023, 1023, 1023, 
579, 1023, 1023, 1023, 1023, 
580, 1023, 1023, 1023, 1023, 
581, 1023, 1023, 1023, 1023, 
582, 1023, 1023, 1023, 1023, 
583, 1023, 1023, 1023, 1023, 
584, 1023, 1023, 1023, 1023, 
585, 1023, 1023, 1023, 1023, 
586, 1023, 1022, 1023, 1023, 
587, 1023, 1022, 1023, 1023, 
588, 1024, 1023, 1023, 1023, 
