Runtime (microseconds), 522921
Generation, Fitness Island 0, Fitness Island 1, Fitness Island 2, Fitness Island 3
0, 540, 535, 548, 544, 
1, 539, 537, 558, 548, 
2, 546, 546, 567, 561, 
3, 549, 553, 568, 565, 
4, 567, 556, 568, 568, 
5, 566, 565, 572, 574, 
6, 576, 567, 576, 576, 
7, 587, 569, 579, 576, 
8, 582, 573, 578, 578, 
9, 590, 580, 581, 579, 
10, 592, 589, 585, 583, 
11, 602, 591, 590, 588, 
12, 598, 600, 592, 591, 
13, 603, 603, 594, 596, 
14, 606, 601, 598, 600, 
15, 610, 609, 604, 612, 
16, 616, 614, 608, 613, 
17, 616, 622, 613, 612, 
18, 620, 626, 613, 619, 
19, 620, 626, 618, 620, 
20, 622, 630, 620, 626, 
21, 634, 630, 632, 626, 
22, 638, 632, 632, 633, 
23, 638, 638, 638, 640, 
24, 639, 639, 636, 640, 
25, 641, 645, 639, 642, 
26, 643, 647, 642, 644, 
27, 645, 646, 643, 644, 
28, 645, 647, 643, 644, 
29, 648, 648, 650, 646, 
30, 650, 649, 651, 647, 
31, 652, 650, 654, 652, 
32, 653, 652, 656, 662, 
33, 655, 653, 656, 662, 
34, 656, 653, 658, 667, 
35, 661, 656, 659, 666, 
36, 667, 661, 660, 670, 
37, 667, 661, 666, 670, 
38, 672, 667, 668, 670, 
39, 671, 669, 673, 671, 
40, 674, 677, 673, 672, 
41, 675, 681, 676, 674, 
42, 678, 682, 676, 676, 
43, 677, 683, 683, 678, 
44, 678, 684, 686, 681, 
45, 679, 686, 685, 683, 
46, 685, 685, 688, 683, 
47, 682, 687, 689, 685, 
48, 684, 689, 691, 686, 
49, 688, 691, 691, 689, 
50, 688, 691, 696, 690, 
51, 690, 694, 699, 692, 
52, 690, 695, 699, 693, 
53, 690, 694, 701, 696, 
54, 698, 696, 701, 699, 
55, 699, 699, 701, 703, 
56, 698, 702, 703, 702, 
57, 700, 705, 704, 705, 
58, 706, 706, 707, 707, 
59, 707, 708, 707, 707, 
60, 707, 708, 708, 709, 
61, 711, 712, 708, 710, 
62, 716, 713, 711, 711, 
63, 717, 713, 713, 717, 
64, 719, 714, 712, 717, 
65, 719, 716, 713, 719, 
66, 721, 719, 716, 722, 
67, 723, 721, 716, 724, 
68, 725, 723, 718, 726, 
69, 727, 723, 719, 726, 
70, 727, 724, 722, 729, 
71, 727, 727, 723, 729, 
72, 731, 728, 727, 729, 
73, 730, 730, 730, 730, 
74, 732, 729, 731, 731, 
75, 733, 731, 732, 735, 
76, 736, 733, 735, 737, 
77, 736, 735, 737, 737, 
78, 740, 736, 739, 737, 
79, 739, 737, 740, 739, 
80, 740, 740, 744, 740, 
81, 739, 745, 745, 743, 
82, 744, 746, 747, 746, 
83, 744, 749, 749, 746, 
84, 746, 749, 748, 750, 
85, 746, 750, 749, 750, 
86, 747, 751, 750, 752, 
87, 751, 753, 752, 752, 
88, 751, 754, 752, 753, 
89, 754, 755, 754, 754, 
90, 756, 757, 756, 756, 
91, 757, 757, 757, 755, 
92, 757, 759, 757, 757, 
93, 759, 760, 761, 758, 
94, 760, 764, 761, 758, 
95, 761, 763, 762, 760, 
96, 764, 765, 762, 761, 
97, 764, 767, 764, 764, 
98, 765, 766, 765, 764, 
99, 769, 768, 767, 766, 
100, 769, 770, 776, 768, 
101, 771, 772, 776, 770, 
102, 774, 772, 777, 772, 
103, 777, 772, 778, 773, 
104, 778, 776, 777, 775, 
105, 779, 777, 780, 777, 
106, 781, 780, 781, 780, 
107, 781, 782, 783, 783, 
108, 783, 784, 783, 782, 
109, 784, 786, 783, 783, 
110, 787, 787, 785, 786, 
111, 789, 787, 786, 789, 
112, 789, 788, 787, 788, 
113, 789, 788, 791, 790, 
114, 790, 789, 792, 791, 
115, 791, 795, 792, 791, 
116, 793, 796, 794, 793, 
117, 795, 797, 794, 796, 
118, 796, 801, 798, 795, 
119, 798, 799, 798, 796, 
120, 798, 800, 800, 799, 
121, 799, 800, 800, 799, 
122, 800, 802, 801, 799, 
123, 800, 803, 803, 802, 
124, 803, 803, 802, 802, 
125, 803, 804, 805, 805, 
126, 803, 804, 804, 805, 
127, 804, 807, 805, 807, 
128, 806, 807, 806, 808, 
129, 808, 806, 807, 809, 
130, 809, 808, 808, 810, 
131, 811, 810, 813, 810, 
132, 812, 810, 814, 812, 
133, 813, 812, 813, 814, 
134, 814, 813, 814, 814, 
135, 815, 812, 815, 815, 
136, 817, 813, 815, 815, 
137, 817, 815, 818, 816, 
138, 819, 816, 818, 816, 
139, 820, 818, 819, 818, 
140, 821, 819, 819, 819, 
141, 822, 822, 821, 820, 
142, 824, 823, 821, 823, 
143, 825, 824, 822, 824, 
144, 826, 825, 824, 824, 
145, 828, 825, 826, 826, 
146, 828, 826, 827, 826, 
147, 830, 827, 828, 827, 
148, 830, 827, 830, 828, 
149, 830, 828, 831, 829, 
150, 833, 828, 833, 830, 
151, 836, 830, 834, 831, 
152, 836, 832, 834, 833, 
153, 836, 832, 836, 834, 
154, 837, 837, 836, 835, 
155, 838, 839, 838, 836, 
156, 839, 837, 838, 837, 
157, 839, 838, 839, 838, 
158, 841, 838, 839, 838, 
159, 842, 839, 841, 841, 
160, 842, 841, 841, 842, 
161, 843, 841, 843, 843, 
162, 844, 845, 845, 844, 
163, 845, 845, 846, 845, 
164, 845, 845, 848, 845, 
165, 844, 847, 848, 845, 
166, 846, 846, 850, 846, 
167, 847, 849, 851, 849, 
168, 850, 849, 850, 851, 
169, 849, 851, 852, 852, 
170, 850, 855, 852, 852, 
171, 850, 855, 853, 853, 
172, 854, 855, 852, 854, 
173, 854, 856, 854, 855, 
174, 854, 857, 855, 856, 
175, 857, 858, 860, 859, 
176, 856, 858, 860, 861, 
177, 858, 859, 860, 860, 
178, 857, 858, 859, 861, 
179, 858, 860, 861, 862, 
180, 859, 861, 862, 864, 
181, 860, 864, 865, 864, 
182, 862, 861, 867, 866, 
183, 865, 863, 868, 866, 
184, 865, 864, 869, 867, 
185, 868, 866, 872, 868, 
186, 871, 867, 872, 870, 
187, 873, 869, 873, 871, 
188, 874, 870, 875, 871, 
189, 875, 873, 875, 874, 
190, 875, 874, 875, 876, 
191, 876, 876, 876, 876, 
192, 876, 875, 876, 876, 
193, 877, 876, 877, 876, 
194, 878, 878, 880, 877, 
195, 879, 879, 879, 879, 
196, 879, 878, 881, 879, 
197, 880, 879, 880, 880, 
198, 881, 882, 881, 881, 
199, 881, 881, 881, 883, 
200, 880, 882, 882, 882, 
201, 881, 883, 883, 884, 
202, 884, 884, 885, 885, 
203, 884, 885, 885, 886, 
204, 887, 886, 887, 886, 
205, 888, 886, 889, 887, 
206, 887, 886, 890, 887, 
207, 890, 888, 890, 888, 
208, 892, 889, 890, 888, 
209, 891, 890, 891, 888, 
210, 891, 891, 891, 889, 
211, 892, 891, 892, 892, 
212, 892, 891, 892, 891, 
213, 893, 892, 893, 892, 
214, 894, 893, 893, 893, 
215, 894, 894, 893, 895, 
216, 896, 894, 894, 897, 
217, 896, 895, 896, 897, 
218, 898, 897, 895, 898, 
219, 898, 897, 895, 900, 
220, 899, 896, 897, 900, 
221, 899, 898, 898, 901, 
222, 900, 898, 900, 900, 
223, 901, 901, 900, 900, 
224, 903, 901, 900, 902, 
225, 904, 902, 900, 902, 
226, 905, 902, 902, 902, 
227, 905, 905, 904, 902, 
228, 906, 904, 905, 903, 
229, 906, 904, 906, 903, 
230, 908, 905, 905, 905, 
231, 910, 905, 906, 906, 
232, 909, 908, 907, 906, 
233, 909, 910, 907, 907, 
234, 909, 910, 910, 910, 
235, 909, 911, 910, 910, 
236, 910, 911, 913, 912, 
237, 911, 911, 912, 912, 
238, 911, 914, 913, 912, 
239, 911, 913, 913, 914, 
240, 911, 917, 915, 916, 
241, 914, 916, 916, 915, 
242, 915, 916, 915, 917, 
243, 914, 917, 916, 919, 
244, 914, 918, 917, 918, 
245, 915, 920, 918, 919, 
246, 916, 921, 918, 919, 
247, 918, 921, 919, 919, 
248, 919, 921, 919, 920, 
249, 922, 921, 919, 921, 
250, 923, 922, 921, 922, 
251, 925, 923, 924, 923, 
252, 925, 923, 925, 923, 
253, 925, 923, 928, 924, 
254, 926, 925, 929, 926, 
255, 929, 924, 928, 927, 
256, 929, 927, 930, 928, 
257, 929, 928, 931, 929, 
258, 931, 928, 932, 929, 
259, 934, 929, 933, 930, 
260, 934, 930, 930, 931, 
261, 934, 931, 931, 932, 
262, 936, 932, 933, 934, 
263, 937, 934, 932, 934, 
264, 936, 935, 932, 936, 
265, 938, 938, 934, 935, 
266, 940, 938, 934, 935, 
267, 939, 938, 935, 936, 
268, 938, 938, 936, 938, 
269, 938, 938, 936, 939, 
270, 938, 938, 937, 939, 
271, 939, 941, 938, 939, 
272, 940, 941, 939, 940, 
273, 941, 941, 938, 940, 
274, 943, 942, 938, 940, 
275, 944, 943, 940, 941, 
276, 945, 943, 940, 941, 
277, 945, 943, 941, 942, 
278, 944, 944, 945, 943, 
279, 945, 944, 946, 944, 
280, 946, 945, 947, 946, 
281, 948, 946, 948, 946, 
282, 949, 947, 948, 946, 
283, 949, 947, 948, 947, 
284, 950, 947, 950, 949, 
285, 950, 947, 950, 949, 
286, 951, 949, 950, 949, 
287, 951, 950, 950, 952, 
288, 952, 951, 951, 951, 
289, 952, 951, 953, 953, 
290, 953, 952, 954, 954, 
291, 952, 952, 954, 954, 
292, 955, 953, 954, 954, 
293, 955, 955, 955, 955, 
294, 955, 954, 955, 955, 
295, 956, 955, 955, 956, 
296, 958, 955, 956, 955, 
297, 956, 958, 957, 956, 
298, 956, 957, 958, 956, 
299, 957, 959, 958, 955, 
300, 959, 960, 960, 956, 
301, 958, 961, 959, 960, 
302, 959, 961, 959, 959, 
303, 960, 962, 961, 958, 
304, 963, 963, 961, 960, 
305, 963, 963, 961, 959, 
306, 962, 963, 962, 963, 
307, 963, 963, 963, 963, 
308, 963, 963, 962, 963, 
309, 963, 964, 963, 964, 
310, 963, 965, 963, 967, 
311, 964, 965, 964, 966, 
312, 964, 965, 964, 967, 
313, 965, 965, 964, 969, 
314, 966, 965, 964, 969, 
315, 967, 967, 965, 969, 
316, 967, 970, 966, 970, 
317, 967, 968, 966, 970, 
318, 968, 970, 969, 973, 
319, 969, 970, 970, 973, 
320, 969, 970, 970, 973, 
321, 973, 970, 970, 975, 
322, 971, 972, 975, 975, 
323, 973, 973, 975, 975, 
324, 975, 973, 974, 976, 
325, 975, 975, 976, 977, 
326, 974, 974, 977, 976, 
327, 975, 975, 977, 977, 
328, 973, 976, 978, 977, 
329, 975, 976, 978, 977, 
330, 976, 975, 977, 977, 
331, 976, 977, 978, 978, 
332, 976, 977, 978, 977, 
333, 975, 978, 979, 978, 
334, 976, 978, 981, 979, 
335, 975, 979, 980, 979, 
336, 976, 980, 980, 978, 
337, 977, 981, 980, 980, 
338, 977, 979, 980, 981, 
339, 979, 981, 980, 981, 
340, 979, 981, 981, 981, 
341, 982, 982, 980, 982, 
342, 983, 983, 981, 982, 
343, 983, 983, 981, 983, 
344, 985, 984, 982, 983, 
345, 985, 985, 984, 983, 
346, 986, 985, 984, 983, 
347, 986, 985, 984, 986, 
348, 987, 986, 984, 986, 
349, 988, 985, 984, 986, 
350, 988, 985, 985, 986, 
351, 988, 986, 989, 986, 
352, 988, 986, 989, 986, 
353, 988, 988, 991, 986, 
354, 988, 988, 990, 986, 
355, 988, 989, 991, 986, 
356, 988, 989, 992, 985, 
357, 988, 990, 993, 987, 
358, 989, 990, 991, 986, 
359, 992, 991, 991, 986, 
360, 993, 991, 992, 985, 
361, 994, 992, 991, 985, 
362, 993, 992, 991, 985, 
363, 995, 992, 991, 986, 
364, 995, 992, 992, 991, 
365, 996, 993, 992, 990, 
366, 996, 992, 994, 995, 
367, 996, 993, 995, 992, 
368, 996, 993, 995, 993, 
369, 996, 993, 994, 993, 
370, 996, 994, 995, 993, 
371, 996, 996, 995, 994, 
372, 996, 996, 996, 994, 
373, 996, 996, 996, 995, 
374, 996, 996, 997, 994, 
375, 996, 998, 996, 996, 
376, 996, 997, 997, 996, 
377, 997, 997, 998, 996, 
378, 997, 997, 996, 996, 
379, 997, 997, 997, 997, 
380, 998, 996, 997, 997, 
381, 998, 997, 997, 997, 
382, 998, 998, 998, 997, 
383, 998, 997, 998, 998, 
384, 998, 998, 999, 998, 
385, 998, 999, 999, 999, 
386, 998, 999, 999, 1000, 
387, 999, 999, 999, 1001, 
388, 999, 998, 999, 1000, 
389, 999, 1000, 1002, 1001, 
390, 999, 1000, 1000, 1001, 
391, 998, 1000, 1001, 1001, 
392, 998, 1000, 1000, 1001, 
393, 999, 1000, 1001, 1001, 
394, 999, 1001, 1002, 1002, 
395, 1000, 1000, 1001, 1001, 
396, 1000, 1002, 1002, 1002, 
397, 1001, 1002, 1001, 1003, 
398, 1001, 1004, 1002, 1003, 
399, 1000, 1003, 1004, 1003, 
400, 1001, 1003, 1003, 1004, 
401, 1002, 1004, 1003, 1004, 
402, 1002, 1004, 1004, 1004, 
403, 1003, 1005, 1004, 1005, 
404, 1003, 1005, 1006, 1006, 
405, 1003, 1005, 1006, 1007, 
406, 1005, 1005, 1006, 1007, 
407, 1005, 1006, 1004, 1007, 
408, 1005, 1007, 1006, 1007, 
409, 1006, 1007, 1005, 1007, 
410, 1006, 1007, 1006, 1007, 
411, 1006, 1008, 1006, 1007, 
412, 1006, 1008, 1007, 1008, 
413, 1006, 1008, 1007, 1008, 
414, 1006, 1009, 1008, 1009, 
415, 1008, 1009, 1008, 1009, 
416, 1009, 1010, 1008, 1009, 
417, 1010, 1009, 1010, 1009, 
418, 1010, 1010, 1009, 1009, 
419, 1010, 1011, 1009, 1009, 
420, 1011, 1010, 1009, 1011, 
421, 1010, 1010, 1010, 1010, 
422, 1010, 1010, 1010, 1010, 
423, 1010, 1011, 1009, 1011, 
424, 1011, 1010, 1010, 1011, 
425, 1010, 1011, 1010, 1011, 
426, 1011, 1011, 1012, 1011, 
427, 1011, 1011, 1012, 1011, 
428, 1010, 1012, 1012, 1011, 
429, 1010, 1012, 1012, 1011, 
430, 1010, 1012, 1013, 1012, 
431, 1011, 1014, 1013, 1013, 
432, 1011, 1014, 1013, 1013, 
433, 1011, 1013, 1013, 1013, 
434, 1012, 1013, 1012, 1013, 
435, 1012, 1013, 1014, 1012, 
436, 1012, 1014, 1013, 1013, 
437, 1012, 1013, 1014, 1013, 
438, 1013, 1014, 1014, 1013, 
439, 1013, 1015, 1014, 1013, 
440, 1014, 1014, 1014, 1014, 
441, 1014, 1015, 1014, 1013, 
442, 1014, 1015, 1014, 1014, 
443, 1014, 1016, 1015, 1014, 
444, 1014, 1016, 1015, 1014, 
445, 1014, 1016, 1016, 1014, 
446, 1015, 1016, 1016, 1014, 
447, 1016, 1016, 1016, 1014, 
448, 1016, 1015, 1016, 1014, 
449, 1016, 1016, 1016, 1014, 
450, 1016, 1017, 1016, 1015, 
451, 1016, 1016, 1016, 1016, 
452, 1016, 1016, 1016, 1015, 
453, 1016, 1017, 1016, 1015, 
454, 1016, 1017, 1016, 1016, 
455, 1016, 1017, 1016, 1016, 
456, 1016, 1017, 1016, 1016, 
457, 1017, 1017, 1016, 1016, 
458, 1016, 1017, 1016, 1016, 
459, 1016, 1017, 1016, 1016, 
460, 1017, 1017, 1016, 1016, 
461, 1016, 1017, 1016, 1016, 
462, 1016, 1017, 1016, 1016, 
463, 1016, 1017, 1016, 1016, 
464, 1016, 1018, 1016, 1017, 
465, 1016, 1018, 1016, 1017, 
466, 1016, 1018, 1016, 1017, 
467, 1017, 1019, 1016, 1017, 
468, 1016, 1019, 1016, 1017, 
469, 1017, 1019, 1016, 1018, 
470, 1017, 1019, 1018, 1018, 
471, 1017, 1018, 1017, 1018, 
472, 1017, 1019, 1017, 1018, 
473, 1018, 1018, 1018, 1018, 
474, 1017, 1018, 1017, 1018, 
475, 1018, 1018, 1018, 1019, 
476, 1018, 1018, 1018, 1019, 
477, 1018, 1018, 1018, 1019, 
478, 1018, 1018, 1018, 1019, 
479, 1018, 1018, 1018, 1019, 
480, 1018, 1019, 1018, 1019, 
481, 1018, 1019, 1018, 1019, 
482, 1018, 1019, 1018, 1019, 
483, 1019, 1019, 1018, 1019, 
484, 1020, 1019, 1018, 1020, 
485, 1020, 1019, 1019, 1020, 
486, 1020, 1019, 1018, 1020, 
487, 1020, 1019, 1019, 1020, 
488, 1019, 1020, 1019, 1020, 
489, 1020, 1020, 1019, 1020, 
490, 1020, 1020, 1019, 1020, 
491, 1020, 1020, 1019, 1020, 
492, 1020, 1020, 1019, 1020, 
493, 1020, 1021, 1019, 1020, 
494, 1020, 1020, 1020, 1020, 
495, 1020, 1021, 1020, 1019, 
496, 1020, 1021, 1019, 1019, 
497, 1020, 1021, 1019, 1019, 
498, 1020, 1021, 1020, 1020, 
499, 1020, 1021, 1019, 1020, 
500, 1020, 1021, 1020, 1020, 
501, 1020, 1021, 1020, 1020, 
502, 1019, 1021, 1021, 1020, 
503, 1020, 1021, 1020, 1021, 
504, 1020, 1021, 1020, 1021, 
505, 1019, 1021, 1021, 1021, 
506, 1020, 1021, 1021, 1021, 
507, 1020, 1021, 1021, 1021, 
508, 1020, 1020, 1021, 1021, 
509, 1021, 1021, 1021, 1021, 
510, 1021, 1021, 1021, 1021, 
511, 1021, 1021, 1021, 1021, 
512, 1021, 1021, 1021, 1021, 
513, 1022, 1021, 1020, 1021, 
514, 1022, 1021, 1021, 1021, 
515, 1022, 1021, 1021, 1021, 
516, 1022, 1021, 1021, 1021, 
517, 1022, 1021, 1021, 1021, 
518, 1022, 1021, 1021, 1021, 
519, 1022, 1021, 1021, 1021, 
520, 1021, 1021, 1021, 1021, 
521, 1021, 1021, 1021, 1021, 
522, 1022, 1021, 1021, 1021, 
523, 1022, 1021, 1022, 1021, 
524, 1022, 1021, 1022, 1021, 
525, 1022, 1022, 1022, 1021, 
526, 1022, 1022, 1022, 1021, 
527, 1022, 1022, 1021, 1021, 
528, 1022, 1021, 1021, 1021, 
529, 1022, 1021, 1021, 1021, 
530, 1022, 1022, 1021, 1021, 
531, 1022, 1022, 1021, 1021, 
532, 1022, 1022, 1022, 1021, 
533, 1022, 1022, 1022, 1021, 
534, 1022, 1022, 1021, 1021, 
535, 1022, 1022, 1022, 1021, 
536, 1023, 1022, 1022, 1021, 
537, 1023, 1022, 1022, 1022, 
538, 1023, 1022, 1022, 1021, 
539, 1023, 1022, 1022, 1021, 
540, 1023, 1022, 1022, 1021, 
541, 1023, 1022, 1022, 1021, 
542, 1023, 1022, 1022, 1022, 
543, 1023, 1022, 1022, 1022, 
544, 1023, 1022, 1022, 1022, 
545, 1023, 1022, 1022, 1022, 
546, 1023, 1022, 1022, 1023, 
547, 1023, 1023, 1022, 1022, 
548, 1024, 1023, 1022, 1023, 
