Runtime (microseconds), 509967
Generation, Fitness Island 0, Fitness Island 1, Fitness Island 2, Fitness Island 3
0, 538, 538, 540, 550, 
1, 548, 554, 544, 556, 
2, 558, 558, 555, 551, 
3, 558, 560, 563, 558, 
4, 562, 559, 565, 563, 
5, 573, 566, 576, 568, 
6, 574, 569, 585, 570, 
7, 576, 570, 585, 573, 
8, 576, 571, 586, 577, 
9, 580, 583, 587, 581, 
10, 585, 584, 589, 586, 
11, 587, 584, 593, 586, 
12, 592, 593, 593, 589, 
13, 596, 602, 595, 593, 
14, 595, 608, 595, 597, 
15, 600, 612, 596, 602, 
16, 598, 610, 599, 602, 
17, 612, 614, 610, 605, 
18, 610, 616, 614, 608, 
19, 612, 617, 614, 608, 
20, 624, 624, 615, 609, 
21, 625, 623, 618, 611, 
22, 625, 624, 627, 612, 
23, 624, 625, 627, 616, 
24, 627, 626, 637, 623, 
25, 628, 627, 638, 627, 
26, 630, 628, 641, 634, 
27, 632, 629, 645, 635, 
28, 636, 631, 646, 637, 
29, 646, 631, 646, 640, 
30, 647, 636, 647, 639, 
31, 647, 643, 649, 642, 
32, 649, 644, 656, 648, 
33, 649, 645, 656, 650, 
34, 651, 646, 656, 651, 
35, 652, 647, 658, 656, 
36, 653, 649, 659, 656, 
37, 657, 658, 661, 659, 
38, 659, 660, 663, 664, 
39, 660, 660, 662, 662, 
40, 662, 662, 663, 665, 
41, 665, 663, 664, 666, 
42, 667, 666, 666, 669, 
43, 669, 668, 668, 670, 
44, 672, 670, 673, 672, 
45, 675, 671, 674, 674, 
46, 678, 674, 674, 675, 
47, 681, 676, 676, 677, 
48, 684, 677, 678, 678, 
49, 686, 683, 678, 678, 
50, 686, 685, 681, 682, 
51, 687, 688, 681, 684, 
52, 690, 689, 683, 684, 
53, 690, 694, 683, 685, 
54, 691, 694, 687, 686, 
55, 692, 694, 688, 689, 
56, 694, 697, 688, 689, 
57, 696, 698, 690, 695, 
58, 698, 699, 695, 693, 
59, 698, 700, 696, 696, 
60, 702, 704, 696, 697, 
61, 702, 704, 697, 698, 
62, 703, 707, 699, 701, 
63, 705, 708, 704, 702, 
64, 707, 710, 706, 702, 
65, 709, 710, 707, 704, 
66, 709, 712, 707, 709, 
67, 713, 712, 710, 710, 
68, 715, 713, 711, 711, 
69, 716, 714, 712, 711, 
70, 720, 716, 712, 713, 
71, 718, 720, 713, 715, 
72, 720, 720, 714, 715, 
73, 721, 720, 716, 716, 
74, 721, 720, 719, 717, 
75, 723, 721, 720, 717, 
76, 724, 723, 720, 720, 
77, 727, 724, 720, 722, 
78, 728, 726, 724, 724, 
79, 728, 728, 725, 729, 
80, 732, 729, 727, 730, 
81, 733, 730, 729, 736, 
82, 733, 735, 731, 737, 
83, 733, 736, 737, 738, 
84, 735, 736, 740, 740, 
85, 736, 736, 742, 741, 
86, 738, 737, 745, 743, 
87, 739, 740, 743, 743, 
88, 741, 742, 744, 743, 
89, 743, 744, 745, 746, 
90, 744, 746, 747, 745, 
91, 745, 746, 746, 748, 
92, 750, 747, 751, 748, 
93, 752, 746, 750, 749, 
94, 753, 748, 752, 752, 
95, 752, 748, 752, 753, 
96, 752, 750, 754, 754, 
97, 753, 750, 754, 756, 
98, 756, 752, 757, 757, 
99, 755, 756, 758, 760, 
100, 757, 759, 758, 761, 
101, 759, 757, 759, 762, 
102, 759, 762, 760, 763, 
103, 760, 766, 762, 764, 
104, 762, 764, 764, 765, 
105, 763, 766, 765, 766, 
106, 765, 767, 766, 766, 
107, 765, 767, 769, 768, 
108, 768, 769, 769, 770, 
109, 770, 770, 770, 770, 
110, 772, 770, 770, 772, 
111, 773, 771, 771, 773, 
112, 775, 774, 771, 774, 
113, 777, 774, 773, 776, 
114, 781, 775, 774, 775, 
115, 780, 776, 775, 775, 
116, 781, 779, 777, 776, 
117, 781, 779, 777, 779, 
118, 782, 780, 778, 779, 
119, 783, 780, 780, 779, 
120, 783, 781, 781, 779, 
121, 784, 784, 785, 784, 
122, 786, 785, 788, 784, 
123, 789, 785, 789, 785, 
124, 790, 788, 788, 786, 
125, 791, 790, 788, 787, 
126, 793, 792, 790, 788, 
127, 794, 795, 790, 791, 
128, 794, 797, 792, 790, 
129, 796, 798, 795, 797, 
130, 796, 800, 798, 797, 
131, 797, 801, 805, 802, 
132, 798, 803, 803, 805, 
133, 800, 804, 807, 808, 
134, 800, 804, 806, 806, 
135, 805, 808, 810, 810, 
136, 807, 805, 811, 812, 
137, 808, 809, 809, 813, 
138, 810, 809, 812, 816, 
139, 812, 812, 814, 816, 
140, 813, 813, 815, 818, 
141, 814, 817, 816, 819, 
142, 816, 816, 816, 820, 
143, 819, 819, 819, 822, 
144, 821, 821, 819, 822, 
145, 821, 820, 819, 821, 
146, 823, 821, 822, 822, 
147, 825, 822, 822, 823, 
148, 824, 823, 821, 824, 
149, 827, 824, 825, 825, 
150, 827, 824, 827, 829, 
151, 829, 824, 828, 829, 
152, 830, 826, 830, 830, 
153, 833, 827, 830, 830, 
154, 832, 830, 831, 831, 
155, 834, 829, 834, 833, 
156, 835, 830, 836, 833, 
157, 837, 833, 837, 834, 
158, 839, 832, 838, 836, 
159, 839, 833, 840, 836, 
160, 842, 834, 839, 837, 
161, 842, 841, 840, 841, 
162, 843, 840, 841, 838, 
163, 844, 843, 845, 841, 
164, 845, 843, 845, 841, 
165, 846, 844, 847, 842, 
166, 850, 847, 848, 843, 
167, 850, 849, 849, 844, 
168, 849, 849, 852, 846, 
169, 851, 849, 853, 847, 
170, 851, 851, 853, 847, 
171, 853, 851, 853, 849, 
172, 855, 851, 854, 852, 
173, 855, 854, 854, 850, 
174, 858, 857, 855, 851, 
175, 858, 857, 856, 855, 
176, 857, 855, 856, 855, 
177, 858, 858, 856, 856, 
178, 859, 858, 860, 856, 
179, 860, 860, 859, 858, 
180, 862, 860, 860, 857, 
181, 862, 862, 860, 859, 
182, 864, 863, 862, 861, 
183, 866, 862, 862, 862, 
184, 865, 864, 864, 862, 
185, 867, 864, 863, 864, 
186, 867, 865, 866, 865, 
187, 869, 867, 867, 867, 
188, 869, 867, 868, 867, 
189, 871, 867, 868, 870, 
190, 871, 868, 868, 870, 
191, 872, 869, 871, 872, 
192, 872, 871, 869, 872, 
193, 873, 872, 871, 873, 
194, 873, 871, 872, 874, 
195, 874, 871, 873, 873, 
196, 875, 873, 874, 877, 
197, 876, 875, 874, 876, 
198, 878, 875, 876, 880, 
199, 880, 877, 877, 881, 
200, 882, 879, 879, 880, 
201, 882, 880, 880, 880, 
202, 882, 881, 880, 880, 
203, 881, 882, 884, 881, 
204, 882, 882, 885, 882, 
205, 882, 883, 886, 883, 
206, 882, 885, 888, 883, 
207, 883, 885, 889, 885, 
208, 884, 887, 892, 886, 
209, 885, 890, 891, 886, 
210, 885, 891, 891, 886, 
211, 886, 889, 892, 887, 
212, 887, 891, 893, 887, 
213, 891, 891, 894, 889, 
214, 889, 891, 895, 889, 
215, 889, 893, 896, 890, 
216, 890, 894, 896, 891, 
217, 893, 895, 897, 891, 
218, 891, 897, 897, 894, 
219, 892, 898, 900, 894, 
220, 892, 898, 901, 897, 
221, 895, 899, 902, 898, 
222, 896, 900, 902, 898, 
223, 897, 901, 901, 900, 
224, 898, 902, 902, 903, 
225, 901, 902, 903, 903, 
226, 900, 902, 903, 903, 
227, 900, 904, 904, 907, 
228, 903, 903, 906, 906, 
229, 904, 903, 908, 908, 
230, 904, 904, 907, 908, 
231, 905, 907, 907, 908, 
232, 906, 908, 908, 909, 
233, 908, 908, 910, 910, 
234, 908, 908, 909, 910, 
235, 908, 910, 911, 911, 
236, 909, 909, 913, 912, 
237, 911, 913, 913, 918, 
238, 911, 914, 914, 917, 
239, 911, 914, 913, 917, 
240, 913, 914, 915, 917, 
241, 913, 914, 915, 919, 
242, 916, 914, 915, 919, 
243, 916, 917, 917, 921, 
244, 917, 918, 918, 920, 
245, 917, 921, 919, 921, 
246, 918, 920, 920, 924, 
247, 919, 922, 919, 924, 
248, 921, 924, 919, 924, 
249, 924, 925, 920, 925, 
250, 922, 924, 927, 927, 
251, 923, 926, 925, 929, 
252, 924, 926, 925, 928, 
253, 925, 928, 925, 928, 
254, 926, 929, 926, 929, 
255, 925, 929, 925, 930, 
256, 927, 929, 929, 930, 
257, 927, 929, 929, 930, 
258, 930, 929, 929, 932, 
259, 932, 929, 929, 932, 
260, 931, 929, 931, 930, 
261, 931, 929, 932, 931, 
262, 933, 929, 933, 931, 
263, 935, 929, 932, 933, 
264, 936, 930, 934, 934, 
265, 935, 930, 934, 934, 
266, 936, 931, 936, 934, 
267, 938, 932, 935, 936, 
268, 938, 934, 935, 936, 
269, 938, 935, 935, 936, 
270, 938, 935, 937, 937, 
271, 938, 938, 937, 938, 
272, 940, 939, 939, 937, 
273, 942, 942, 940, 938, 
274, 941, 942, 941, 939, 
275, 941, 945, 941, 939, 
276, 941, 945, 941, 939, 
277, 941, 945, 942, 939, 
278, 942, 945, 943, 940, 
279, 943, 945, 944, 943, 
280, 945, 945, 944, 943, 
281, 945, 946, 946, 944, 
282, 945, 948, 947, 943, 
283, 945, 948, 945, 947, 
284, 945, 948, 946, 947, 
285, 947, 949, 948, 947, 
286, 949, 950, 949, 949, 
287, 949, 950, 949, 948, 
288, 950, 950, 950, 949, 
289, 950, 953, 950, 949, 
290, 951, 952, 953, 950, 
291, 952, 953, 954, 951, 
292, 954, 953, 954, 952, 
293, 956, 954, 955, 952, 
294, 953, 954, 955, 954, 
295, 953, 955, 955, 955, 
296, 954, 956, 957, 956, 
297, 956, 957, 956, 955, 
298, 955, 957, 958, 955, 
299, 957, 957, 958, 955, 
300, 958, 957, 958, 957, 
301, 958, 958, 959, 960, 
302, 958, 958, 959, 958, 
303, 958, 959, 960, 959, 
304, 959, 960, 961, 958, 
305, 960, 961, 961, 962, 
306, 961, 962, 961, 962, 
307, 962, 963, 961, 963, 
308, 963, 962, 962, 963, 
309, 963, 963, 963, 963, 
310, 964, 965, 963, 964, 
311, 965, 965, 964, 963, 
312, 965, 966, 963, 963, 
313, 966, 967, 964, 964, 
314, 967, 966, 965, 964, 
315, 967, 965, 964, 964, 
316, 968, 966, 965, 964, 
317, 968, 966, 968, 964, 
318, 967, 966, 967, 966, 
319, 968, 968, 968, 969, 
320, 968, 970, 968, 969, 
321, 969, 970, 969, 969, 
322, 968, 970, 969, 970, 
323, 968, 972, 970, 971, 
324, 969, 972, 970, 972, 
325, 972, 972, 972, 973, 
326, 972, 972, 972, 973, 
327, 972, 972, 972, 972, 
328, 972, 973, 972, 973, 
329, 975, 973, 973, 973, 
330, 975, 975, 974, 975, 
331, 975, 976, 975, 975, 
332, 975, 977, 975, 974, 
333, 976, 977, 975, 975, 
334, 976, 978, 976, 975, 
335, 976, 978, 977, 976, 
336, 976, 978, 978, 978, 
337, 978, 981, 978, 978, 
338, 978, 982, 978, 979, 
339, 978, 981, 978, 981, 
340, 978, 982, 978, 981, 
341, 979, 985, 980, 982, 
342, 979, 984, 980, 980, 
343, 980, 984, 980, 983, 
344, 980, 984, 981, 985, 
345, 981, 984, 981, 986, 
346, 981, 984, 982, 985, 
347, 982, 983, 981, 985, 
348, 983, 983, 982, 986, 
349, 985, 984, 984, 987, 
350, 986, 984, 984, 986, 
351, 987, 984, 983, 987, 
352, 988, 984, 986, 987, 
353, 988, 984, 986, 987, 
354, 988, 985, 985, 987, 
355, 989, 985, 986, 988, 
356, 990, 986, 986, 988, 
357, 989, 986, 986, 988, 
358, 991, 986, 987, 989, 
359, 991, 987, 988, 989, 
360, 991, 986, 988, 989, 
361, 993, 986, 988, 990, 
362, 993, 987, 990, 989, 
363, 993, 991, 989, 989, 
364, 993, 990, 989, 990, 
365, 993, 990, 992, 989, 
366, 993, 991, 991, 989, 
367, 993, 991, 991, 991, 
368, 995, 992, 991, 992, 
369, 994, 991, 991, 992, 
370, 993, 991, 992, 993, 
371, 993, 993, 992, 992, 
372, 994, 992, 992, 992, 
373, 995, 993, 993, 993, 
374, 994, 993, 993, 993, 
375, 996, 994, 994, 994, 
376, 997, 995, 994, 994, 
377, 997, 995, 996, 993, 
378, 997, 994, 996, 995, 
379, 997, 995, 996, 995, 
380, 997, 995, 996, 995, 
381, 998, 995, 996, 996, 
382, 998, 995, 997, 997, 
383, 998, 995, 998, 997, 
384, 998, 996, 998, 999, 
385, 999, 998, 998, 999, 
386, 999, 998, 998, 999, 
387, 1000, 998, 999, 999, 
388, 1000, 999, 999, 998, 
389, 1000, 999, 999, 1000, 
390, 1001, 1000, 1001, 1000, 
391, 1002, 999, 1002, 1000, 
392, 1003, 999, 1000, 1000, 
393, 1003, 999, 1001, 1000, 
394, 1003, 999, 1001, 1001, 
395, 1003, 1000, 1002, 1001, 
396, 1003, 1000, 1002, 1001, 
397, 1004, 1000, 1002, 1002, 
398, 1004, 1003, 1003, 1003, 
399, 1004, 1001, 1003, 1004, 
400, 1003, 1004, 1005, 1005, 
401, 1004, 1003, 1007, 1006, 
402, 1004, 1004, 1008, 1006, 
403, 1005, 1005, 1008, 1006, 
404, 1004, 1005, 1007, 1007, 
405, 1007, 1006, 1008, 1007, 
406, 1007, 1006, 1008, 1007, 
407, 1007, 1006, 1008, 1007, 
408, 1006, 1005, 1008, 1007, 
409, 1007, 1007, 1008, 1008, 
410, 1007, 1007, 1008, 1008, 
411, 1007, 1008, 1008, 1008, 
412, 1008, 1008, 1008, 1008, 
413, 1007, 1008, 1008, 1009, 
414, 1008, 1008, 1008, 1008, 
415, 1009, 1009, 1008, 1008, 
416, 1008, 1009, 1008, 1009, 
417, 1008, 1009, 1009, 1009, 
418, 1009, 1009, 1009, 1009, 
419, 1009, 1008, 1009, 1009, 
420, 1009, 1010, 1010, 1009, 
421, 1009, 1009, 1009, 1009, 
422, 1010, 1009, 1010, 1009, 
423, 1010, 1010, 1010, 1010, 
424, 1010, 1010, 1011, 1010, 
425, 1011, 1010, 1011, 1010, 
426, 1010, 1010, 1011, 1010, 
427, 1011, 1010, 1011, 1010, 
428, 1011, 1010, 1011, 1010, 
429, 1011, 1010, 1012, 1011, 
430, 1011, 1010, 1012, 1011, 
431, 1011, 1012, 1012, 1011, 
432, 1011, 1012, 1011, 1011, 
433, 1012, 1012, 1012, 1012, 
434, 1012, 1011, 1012, 1012, 
435, 1012, 1012, 1012, 1013, 
436, 1013, 1012, 1013, 1013, 
437, 1013, 1012, 1013, 1013, 
438, 1014, 1013, 1013, 1013, 
439, 1014, 1013, 1013, 1014, 
440, 1014, 1013, 1013, 1014, 
441, 1015, 1014, 1013, 1014, 
442, 1014, 1015, 1013, 1013, 
443, 1014, 1016, 1014, 1014, 
444, 1016, 1016, 1014, 1013, 
445, 1016, 1016, 1014, 1014, 
446, 1017, 1016, 1013, 1013, 
447, 1017, 1016, 1014, 1015, 
448, 1017, 1016, 1014, 1014, 
449, 1017, 1016, 1015, 1016, 
450, 1018, 1017, 1016, 1016, 
451, 1018, 1017, 1016, 1016, 
452, 1018, 1018, 1016, 1016, 
453, 1018, 1017, 1016, 1016, 
454, 1018, 1018, 1017, 1017, 
455, 1018, 1018, 1018, 1017, 
456, 1019, 1018, 1018, 1018, 
457, 1019, 1018, 1019, 1018, 
458, 1019, 1018, 1019, 1018, 
459, 1019, 1018, 1019, 1018, 
460, 1019, 1018, 1019, 1018, 
461, 1019, 1018, 1019, 1019, 
462, 1019, 1018, 1020, 1019, 
463, 1019, 1018, 1020, 1019, 
464, 1019, 1019, 1019, 1019, 
465, 1019, 1019, 1020, 1019, 
466, 1020, 1019, 1020, 1019, 
467, 1020, 1019, 1020, 1019, 
468, 1019, 1019, 1020, 1020, 
469, 1019, 1019, 1020, 1020, 
470, 1019, 1019, 1020, 1020, 
471, 1019, 1019, 1020, 1020, 
472, 1020, 1019, 1020, 1021, 
473, 1019, 1019, 1020, 1021, 
474, 1019, 1019, 1019, 1020, 
475, 1019, 1019, 1019, 1020, 
476, 1019, 1019, 1019, 1020, 
477, 1019, 1019, 1019, 1021, 
478, 1019, 1020, 1020, 1021, 
479, 1019, 1020, 1020, 1021, 
480, 1019, 1020, 1020, 1021, 
481, 1019, 1020, 1020, 1021, 
482, 1019, 1020, 1021, 1021, 
483, 1020, 1020, 1021, 1020, 
484, 1020, 1020, 1021, 1020, 
485, 1020, 1020, 1021, 1020, 
486, 1020, 1022, 1021, 1021, 
487, 1020, 1020, 1021, 1020, 
488, 1021, 1020, 1021, 1020, 
489, 1021, 1020, 1021, 1020, 
490, 1021, 1020, 1021, 1021, 
491, 1021, 1019, 1021, 1021, 
492, 1021, 1021, 1021, 1022, 
493, 1021, 1021, 1021, 1021, 
494, 1021, 1021, 1021, 1021, 
495, 1021, 1021, 1021, 1021, 
496, 1021, 1020, 1021, 1021, 
497, 1021, 1021, 1021, 1022, 
498, 1021, 1021, 1021, 1022, 
499, 1021, 1021, 1021, 1022, 
500, 1021, 1021, 1021, 1022, 
501, 1022, 1022, 1022, 1022, 
502, 1022, 1022, 1022, 1022, 
503, 1022, 1022, 1022, 1022, 
504, 1022, 1022, 1022, 1022, 
505, 1022, 1022, 1022, 1022, 
506, 1022, 1022, 1022, 1022, 
507, 1022, 1022, 1022, 1022, 
508, 1023, 1022, 1022, 1022, 
509, 1023, 1022, 1022, 1022, 
510, 1023, 1022, 1022, 1022, 
511, 1023, 1022, 1022, 1022, 
512, 1023, 1022, 1022, 1022, 
513, 1023, 1023, 1022, 1022, 
514, 1023, 1023, 1022, 1022, 
515, 1023, 1022, 1022, 1022, 
516, 1023, 1022, 1022, 1022, 
517, 1023, 1022, 1022, 1022, 
518, 1023, 1023, 1022, 1022, 
519, 1023, 1023, 1022, 1022, 
520, 1023, 1023, 1022, 1022, 
521, 1023, 1023, 1022, 1022, 
522, 1023, 1023, 1022, 1022, 
523, 1023, 1022, 1023, 1022, 
524, 1023, 1023, 1022, 1022, 
525, 1023, 1022, 1023, 1021, 
526, 1023, 1022, 1023, 1022, 
527, 1023, 1023, 1024, 1022, 
