Runtime (microseconds), 367504
Generation, Fitness Island 0, Fitness Island 1, Fitness Island 2, Fitness Island 3
0, 540, 535, 548, 544, 
1, 539, 537, 558, 548, 
2, 552, 546, 567, 555, 
3, 558, 552, 569, 557, 
4, 569, 554, 567, 561, 
5, 568, 570, 570, 566, 
6, 568, 572, 577, 572, 
7, 569, 575, 584, 577, 
8, 574, 580, 589, 577, 
9, 587, 581, 589, 580, 
10, 592, 589, 589, 585, 
11, 595, 588, 590, 589, 
12, 597, 592, 593, 592, 
13, 599, 594, 596, 599, 
14, 602, 599, 598, 608, 
15, 605, 605, 599, 608, 
16, 605, 607, 606, 614, 
17, 612, 608, 611, 615, 
18, 615, 610, 617, 622, 
19, 619, 613, 618, 623, 
20, 622, 617, 619, 624, 
21, 623, 618, 622, 624, 
22, 623, 621, 625, 630, 
23, 625, 624, 627, 633, 
24, 628, 627, 630, 633, 
25, 629, 631, 630, 641, 
26, 631, 634, 633, 641, 
27, 632, 638, 635, 642, 
28, 636, 640, 635, 644, 
29, 637, 643, 637, 650, 
30, 640, 645, 637, 653, 
31, 648, 651, 640, 656, 
32, 647, 649, 640, 656, 
33, 649, 653, 654, 657, 
34, 649, 654, 656, 658, 
35, 652, 658, 657, 658, 
36, 653, 658, 657, 660, 
37, 654, 660, 658, 660, 
38, 660, 662, 660, 661, 
39, 660, 666, 661, 663, 
40, 662, 666, 664, 665, 
41, 662, 666, 668, 666, 
42, 666, 669, 668, 667, 
43, 667, 670, 668, 671, 
44, 671, 674, 669, 673, 
45, 670, 676, 671, 675, 
46, 673, 678, 672, 674, 
47, 677, 679, 676, 677, 
48, 676, 681, 678, 679, 
49, 680, 683, 678, 679, 
50, 678, 683, 682, 682, 
51, 680, 685, 683, 684, 
52, 682, 686, 684, 687, 
53, 681, 688, 689, 692, 
54, 683, 690, 691, 690, 
55, 684, 690, 690, 690, 
56, 688, 691, 690, 690, 
57, 689, 693, 691, 691, 
58, 692, 693, 693, 693, 
59, 693, 693, 693, 692, 
60, 693, 695, 696, 696, 
61, 696, 697, 696, 696, 
62, 697, 696, 699, 696, 
63, 698, 699, 699, 698, 
64, 698, 703, 703, 700, 
65, 700, 705, 705, 705, 
66, 699, 707, 706, 709, 
67, 703, 708, 708, 710, 
68, 706, 710, 709, 712, 
69, 709, 712, 715, 713, 
70, 711, 713, 715, 717, 
71, 712, 714, 715, 715, 
72, 713, 716, 717, 718, 
73, 715, 716, 717, 719, 
74, 716, 717, 719, 720, 
75, 718, 719, 719, 719, 
76, 718, 719, 720, 722, 
77, 720, 722, 723, 722, 
78, 721, 722, 723, 724, 
79, 722, 725, 723, 724, 
80, 723, 727, 725, 726, 
81, 726, 727, 726, 726, 
82, 727, 727, 727, 727, 
83, 727, 728, 728, 728, 
84, 731, 728, 730, 728, 
85, 731, 730, 731, 729, 
86, 732, 735, 732, 731, 
87, 735, 736, 733, 732, 
88, 736, 736, 736, 734, 
89, 737, 736, 736, 734, 
90, 738, 740, 740, 735, 
91, 738, 743, 740, 736, 
92, 738, 742, 740, 739, 
93, 741, 744, 741, 744, 
94, 742, 743, 741, 746, 
95, 742, 746, 742, 746, 
96, 743, 747, 744, 749, 
97, 744, 747, 744, 749, 
98, 746, 748, 747, 749, 
99, 747, 750, 746, 750, 
100, 747, 752, 749, 751, 
101, 749, 753, 750, 751, 
102, 750, 753, 751, 752, 
103, 751, 755, 754, 754, 
104, 753, 756, 756, 757, 
105, 755, 758, 756, 758, 
106, 757, 759, 757, 759, 
107, 758, 759, 759, 761, 
108, 761, 760, 761, 762, 
109, 763, 762, 762, 764, 
110, 762, 763, 765, 764, 
111, 764, 763, 767, 764, 
112, 764, 765, 767, 768, 
113, 769, 766, 771, 768, 
114, 775, 768, 772, 773, 
115, 777, 770, 773, 773, 
116, 779, 772, 773, 775, 
117, 777, 773, 775, 774, 
118, 777, 777, 777, 778, 
119, 781, 778, 779, 779, 
120, 783, 779, 780, 782, 
121, 784, 782, 781, 780, 
122, 786, 785, 782, 782, 
123, 785, 785, 782, 783, 
124, 787, 784, 783, 784, 
125, 788, 786, 784, 784, 
126, 790, 793, 785, 788, 
127, 791, 791, 786, 791, 
128, 793, 795, 787, 791, 
129, 795, 797, 791, 792, 
130, 796, 795, 790, 794, 
131, 802, 795, 796, 796, 
132, 802, 797, 796, 796, 
133, 804, 798, 798, 800, 
134, 806, 802, 802, 803, 
135, 806, 806, 804, 805, 
136, 806, 805, 803, 808, 
137, 808, 808, 806, 807, 
138, 808, 810, 807, 809, 
139, 809, 810, 807, 809, 
140, 811, 812, 808, 812, 
141, 811, 812, 810, 813, 
142, 812, 814, 810, 814, 
143, 815, 817, 814, 814, 
144, 815, 817, 816, 816, 
145, 817, 817, 818, 816, 
146, 817, 820, 820, 818, 
147, 817, 821, 821, 821, 
148, 819, 824, 821, 822, 
149, 822, 824, 822, 824, 
150, 820, 825, 824, 825, 
151, 822, 825, 825, 826, 
152, 823, 827, 826, 828, 
153, 824, 826, 826, 828, 
154, 826, 827, 828, 829, 
155, 827, 830, 829, 832, 
156, 829, 831, 830, 831, 
157, 829, 831, 830, 831, 
158, 829, 833, 831, 831, 
159, 831, 833, 832, 832, 
160, 831, 833, 834, 833, 
161, 834, 834, 833, 835, 
162, 834, 837, 835, 835, 
163, 835, 838, 835, 836, 
164, 836, 840, 837, 837, 
165, 841, 841, 838, 838, 
166, 840, 842, 839, 841, 
167, 843, 842, 839, 841, 
168, 844, 843, 844, 843, 
169, 845, 846, 844, 844, 
170, 845, 847, 845, 849, 
171, 848, 847, 845, 852, 
172, 848, 849, 849, 852, 
173, 849, 849, 849, 853, 
174, 849, 850, 850, 856, 
175, 850, 852, 852, 855, 
176, 852, 853, 853, 859, 
177, 853, 852, 855, 860, 
178, 856, 855, 857, 863, 
179, 859, 856, 862, 862, 
180, 860, 857, 861, 862, 
181, 863, 859, 862, 863, 
182, 865, 862, 863, 865, 
183, 868, 865, 863, 865, 
184, 871, 866, 865, 866, 
185, 871, 867, 866, 866, 
186, 871, 869, 867, 868, 
187, 874, 873, 867, 868, 
188, 874, 873, 869, 869, 
189, 874, 877, 871, 869, 
190, 876, 875, 872, 871, 
191, 876, 878, 873, 871, 
192, 877, 880, 873, 874, 
193, 876, 879, 874, 875, 
194, 878, 879, 874, 876, 
195, 879, 880, 876, 877, 
196, 880, 880, 875, 878, 
197, 882, 882, 878, 879, 
198, 882, 883, 880, 882, 
199, 882, 883, 884, 883, 
200, 885, 885, 884, 883, 
201, 885, 886, 884, 883, 
202, 886, 887, 885, 883, 
203, 886, 887, 887, 884, 
204, 887, 889, 889, 885, 
205, 887, 889, 890, 887, 
206, 891, 890, 891, 886, 
207, 891, 893, 892, 889, 
208, 894, 891, 894, 892, 
209, 893, 892, 895, 893, 
210, 896, 892, 897, 895, 
211, 895, 893, 899, 896, 
212, 897, 894, 899, 897, 
213, 897, 896, 900, 898, 
214, 898, 897, 900, 898, 
215, 902, 900, 901, 901, 
216, 904, 901, 902, 903, 
217, 904, 900, 904, 904, 
218, 904, 903, 904, 906, 
219, 905, 903, 905, 906, 
220, 910, 904, 904, 906, 
221, 910, 905, 904, 906, 
222, 910, 907, 905, 910, 
223, 911, 910, 908, 911, 
224, 912, 911, 911, 912, 
225, 913, 911, 911, 912, 
226, 914, 912, 914, 913, 
227, 915, 913, 915, 914, 
228, 914, 914, 912, 914, 
229, 916, 914, 913, 914, 
230, 916, 915, 915, 915, 
231, 917, 915, 916, 916, 
232, 918, 916, 916, 916, 
233, 920, 916, 918, 917, 
234, 918, 916, 918, 918, 
235, 919, 917, 918, 918, 
236, 919, 918, 919, 918, 
237, 919, 921, 920, 919, 
238, 919, 920, 920, 920, 
239, 920, 922, 922, 921, 
240, 921, 923, 922, 921, 
241, 921, 922, 922, 924, 
242, 922, 922, 923, 923, 
243, 922, 923, 925, 922, 
244, 922, 924, 925, 926, 
245, 923, 925, 925, 926, 
246, 924, 927, 925, 924, 
247, 925, 927, 927, 925, 
248, 925, 928, 926, 927, 
249, 928, 928, 928, 927, 
250, 928, 930, 928, 927, 
251, 930, 930, 928, 928, 
252, 932, 932, 931, 927, 
253, 931, 936, 932, 927, 
254, 931, 936, 933, 928, 
255, 933, 936, 932, 928, 
256, 933, 937, 931, 929, 
257, 933, 936, 933, 934, 
258, 934, 937, 934, 932, 
259, 934, 937, 935, 934, 
260, 936, 938, 936, 937, 
261, 936, 938, 936, 938, 
262, 937, 937, 936, 939, 
263, 938, 938, 939, 939, 
264, 939, 939, 939, 939, 
265, 939, 939, 939, 939, 
266, 941, 940, 941, 940, 
267, 942, 940, 942, 939, 
268, 942, 941, 944, 939, 
269, 943, 941, 945, 940, 
270, 946, 942, 944, 941, 
271, 945, 942, 945, 941, 
272, 945, 945, 946, 946, 
273, 946, 943, 947, 946, 
274, 946, 945, 948, 946, 
275, 947, 946, 948, 948, 
276, 947, 946, 948, 948, 
277, 947, 948, 950, 948, 
278, 947, 951, 951, 949, 
279, 949, 951, 949, 951, 
280, 949, 954, 951, 951, 
281, 950, 953, 951, 950, 
282, 952, 954, 952, 951, 
283, 952, 954, 952, 952, 
284, 952, 956, 953, 952, 
285, 952, 955, 952, 953, 
286, 952, 956, 954, 953, 
287, 953, 956, 954, 953, 
288, 953, 956, 955, 953, 
289, 956, 957, 957, 953, 
290, 957, 957, 956, 954, 
291, 959, 957, 956, 957, 
292, 959, 957, 957, 957, 
293, 959, 958, 958, 957, 
294, 959, 958, 958, 957, 
295, 962, 960, 960, 957, 
296, 963, 960, 960, 959, 
297, 962, 961, 960, 959, 
298, 963, 961, 961, 960, 
299, 965, 961, 961, 961, 
300, 964, 962, 962, 962, 
301, 965, 963, 962, 963, 
302, 965, 966, 963, 962, 
303, 966, 966, 964, 962, 
304, 966, 966, 966, 962, 
305, 966, 966, 967, 962, 
306, 966, 966, 968, 965, 
307, 967, 967, 970, 964, 
308, 966, 968, 969, 967, 
309, 966, 967, 969, 968, 
310, 966, 967, 971, 969, 
311, 967, 968, 971, 969, 
312, 971, 968, 971, 969, 
313, 972, 969, 972, 969, 
314, 972, 969, 972, 971, 
315, 975, 971, 973, 971, 
316, 972, 972, 973, 970, 
317, 973, 971, 972, 971, 
318, 974, 972, 973, 972, 
319, 975, 971, 973, 972, 
320, 974, 972, 974, 974, 
321, 974, 973, 974, 974, 
322, 975, 973, 975, 974, 
323, 976, 973, 975, 974, 
324, 976, 975, 975, 974, 
325, 976, 976, 976, 975, 
326, 976, 975, 976, 975, 
327, 978, 975, 976, 975, 
328, 978, 975, 976, 975, 
329, 978, 978, 976, 976, 
330, 979, 978, 977, 976, 
331, 979, 979, 977, 976, 
332, 980, 979, 978, 977, 
333, 980, 980, 979, 976, 
334, 979, 981, 980, 978, 
335, 979, 982, 980, 977, 
336, 981, 982, 981, 979, 
337, 981, 982, 982, 979, 
338, 981, 982, 981, 979, 
339, 982, 982, 982, 981, 
340, 982, 982, 981, 981, 
341, 982, 982, 982, 982, 
342, 983, 982, 984, 984, 
343, 983, 984, 984, 984, 
344, 984, 985, 988, 985, 
345, 983, 984, 987, 985, 
346, 983, 984, 986, 986, 
347, 984, 985, 987, 986, 
348, 984, 985, 986, 986, 
349, 985, 985, 987, 986, 
350, 986, 986, 989, 987, 
351, 987, 986, 989, 988, 
352, 987, 989, 989, 988, 
353, 988, 987, 989, 989, 
354, 989, 988, 990, 988, 
355, 991, 988, 989, 990, 
356, 989, 989, 991, 989, 
357, 990, 990, 991, 991, 
358, 990, 989, 991, 992, 
359, 990, 989, 991, 993, 
360, 991, 989, 991, 993, 
361, 992, 990, 992, 992, 
362, 992, 992, 992, 994, 
363, 993, 991, 991, 995, 
364, 995, 991, 991, 996, 
365, 995, 991, 990, 996, 
366, 994, 993, 991, 997, 
367, 994, 993, 996, 997, 
368, 995, 994, 995, 997, 
369, 996, 994, 995, 997, 
370, 997, 994, 995, 997, 
371, 997, 994, 995, 997, 
372, 996, 994, 995, 998, 
373, 997, 995, 996, 998, 
374, 998, 995, 997, 998, 
375, 997, 996, 997, 998, 
376, 998, 995, 998, 998, 
377, 998, 996, 998, 998, 
378, 998, 996, 998, 998, 
379, 998, 997, 998, 999, 
380, 1000, 997, 999, 1000, 
381, 998, 999, 999, 1000, 
382, 999, 998, 999, 999, 
383, 1000, 999, 999, 999, 
384, 1000, 1000, 1001, 1000, 
385, 1001, 1000, 1001, 1000, 
386, 1001, 1000, 1001, 999, 
387, 1001, 1001, 1001, 1001, 
388, 1002, 1001, 1001, 1002, 
389, 1001, 1001, 1001, 1001, 
390, 1002, 1001, 1001, 1000, 
391, 1002, 1001, 1001, 1000, 
392, 1003, 1001, 1001, 1001, 
393, 1002, 1001, 1002, 1001, 
394, 1003, 1001, 1002, 1001, 
395, 1003, 1003, 1002, 1001, 
396, 1004, 1002, 1002, 1002, 
397, 1004, 1002, 1003, 1002, 
398, 1004, 1002, 1003, 1002, 
399, 1004, 1002, 1003, 1002, 
400, 1003, 1003, 1003, 1003, 
401, 1004, 1003, 1004, 1003, 
402, 1004, 1003, 1004, 1004, 
403, 1004, 1003, 1004, 1004, 
404, 1004, 1004, 1004, 1004, 
405, 1004, 1007, 1003, 1005, 
406, 1004, 1006, 1003, 1005, 
407, 1005, 1006, 1004, 1006, 
408, 1005, 1006, 1005, 1006, 
409, 1005, 1006, 1005, 1005, 
410, 1005, 1008, 1005, 1005, 
411, 1005, 1008, 1005, 1005, 
412, 1005, 1008, 1005, 1005, 
413, 1006, 1008, 1005, 1005, 
414, 1005, 1007, 1006, 1005, 
415, 1006, 1007, 1006, 1006, 
416, 1007, 1009, 1006, 1006, 
417, 1007, 1009, 1007, 1007, 
418, 1007, 1007, 1009, 1007, 
419, 1007, 1008, 1009, 1007, 
420, 1007, 1008, 1009, 1007, 
421, 1008, 1008, 1009, 1007, 
422, 1008, 1009, 1009, 1007, 
423, 1009, 1009, 1010, 1009, 
424, 1009, 1009, 1010, 1008, 
425, 1009, 1010, 1009, 1009, 
426, 1008, 1010, 1010, 1008, 
427, 1009, 1010, 1010, 1010, 
428, 1009, 1010, 1011, 1010, 
429, 1009, 1010, 1011, 1013, 
430, 1009, 1010, 1011, 1014, 
431, 1010, 1011, 1011, 1014, 
432, 1013, 1011, 1011, 1013, 
433, 1013, 1011, 1011, 1013, 
434, 1013, 1011, 1013, 1014, 
435, 1013, 1012, 1012, 1013, 
436, 1013, 1012, 1013, 1013, 
437, 1013, 1012, 1013, 1013, 
438, 1013, 1012, 1013, 1013, 
439, 1014, 1013, 1014, 1014, 
440, 1013, 1013, 1013, 1014, 
441, 1014, 1013, 1014, 1014, 
442, 1015, 1013, 1014, 1014, 
443, 1014, 1013, 1014, 1014, 
444, 1015, 1014, 1015, 1014, 
445, 1014, 1014, 1015, 1014, 
446, 1015, 1014, 1015, 1015, 
447, 1015, 1015, 1015, 1015, 
448, 1015, 1015, 1015, 1015, 
449, 1015, 1015, 1015, 1015, 
450, 1015, 1017, 1015, 1015, 
451, 1015, 1016, 1015, 1015, 
452, 1015, 1015, 1015, 1015, 
453, 1016, 1016, 1015, 1015, 
454, 1016, 1016, 1016, 1016, 
455, 1015, 1016, 1016, 1015, 
456, 1016, 1016, 1016, 1015, 
457, 1016, 1016, 1016, 1015, 
458, 1016, 1016, 1016, 1014, 
459, 1016, 1016, 1017, 1015, 
460, 1016, 1016, 1017, 1015, 
461, 1016, 1016, 1017, 1017, 
462, 1016, 1016, 1016, 1016, 
463, 1017, 1016, 1017, 1016, 
464, 1016, 1016, 1016, 1017, 
465, 1016, 1016, 1016, 1017, 
466, 1016, 1016, 1016, 1017, 
467, 1016, 1016, 1016, 1016, 
468, 1016, 1016, 1017, 1017, 
469, 1017, 1017, 1017, 1017, 
470, 1016, 1016, 1017, 1018, 
471, 1016, 1016, 1017, 1017, 
472, 1016, 1016, 1018, 1018, 
473, 1018, 1017, 1018, 1018, 
474, 1017, 1016, 1018, 1018, 
475, 1017, 1016, 1019, 1018, 
476, 1017, 1016, 1018, 1018, 
477, 1017, 1016, 1019, 1018, 
478, 1017, 1016, 1019, 1018, 
479, 1017, 1017, 1019, 1018, 
480, 1017, 1016, 1019, 1017, 
481, 1018, 1016, 1019, 1018, 
482, 1018, 1016, 1019, 1018, 
483, 1018, 1016, 1018, 1018, 
484, 1018, 1016, 1019, 1018, 
485, 1018, 1016, 1019, 1018, 
486, 1018, 1017, 1019, 1018, 
487, 1018, 1017, 1019, 1018, 
488, 1018, 1017, 1020, 1019, 
489, 1018, 1017, 1019, 1019, 
490, 1019, 1017, 1019, 1019, 
491, 1019, 1018, 1020, 1019, 
492, 1018, 1019, 1019, 1019, 
493, 1018, 1019, 1019, 1019, 
494, 1019, 1019, 1019, 1020, 
495, 1019, 1019, 1020, 1019, 
496, 1020, 1019, 1020, 1020, 
497, 1020, 1019, 1020, 1020, 
498, 1020, 1020, 1020, 1020, 
499, 1019, 1020, 1020, 1020, 
500, 1020, 1021, 1020, 1020, 
501, 1021, 1021, 1020, 1020, 
502, 1021, 1021, 1020, 1019, 
503, 1020, 1021, 1020, 1020, 
504, 1020, 1021, 1020, 1021, 
505, 1020, 1020, 1020, 1022, 
506, 1021, 1020, 1020, 1021, 
507, 1020, 1021, 1020, 1021, 
508, 1021, 1021, 1019, 1021, 
509, 1021, 1021, 1020, 1022, 
510, 1020, 1021, 1020, 1021, 
511, 1021, 1021, 1020, 1022, 
512, 1021, 1022, 1020, 1022, 
513, 1021, 1022, 1021, 1022, 
514, 1022, 1022, 1020, 1022, 
515, 1022, 1022, 1020, 1022, 
516, 1021, 1022, 1021, 1022, 
517, 1021, 1022, 1021, 1022, 
518, 1021, 1022, 1021, 1022, 
519, 1021, 1022, 1022, 1022, 
520, 1020, 1022, 1022, 1022, 
521, 1021, 1022, 1022, 1022, 
522, 1021, 1022, 1022, 1022, 
523, 1020, 1022, 1022, 1022, 
524, 1021, 1022, 1022, 1022, 
525, 1021, 1022, 1022, 1022, 
526, 1021, 1022, 1022, 1022, 
527, 1021, 1022, 1022, 1022, 
528, 1022, 1022, 1022, 1022, 
529, 1021, 1022, 1022, 1022, 
530, 1022, 1022, 1022, 1022, 
531, 1022, 1022, 1022, 1022, 
532, 1022, 1021, 1022, 1022, 
533, 1021, 1022, 1022, 1022, 
534, 1022, 1022, 1022, 1022, 
535, 1021, 1022, 1022, 1022, 
536, 1022, 1022, 1022, 1022, 
537, 1022, 1022, 1022, 1022, 
538, 1022, 1022, 1022, 1022, 
539, 1022, 1022, 1022, 1022, 
540, 1022, 1022, 1022, 1022, 
541, 1022, 1022, 1022, 1022, 
542, 1022, 1021, 1022, 1022, 
543, 1021, 1022, 1022, 1022, 
544, 1021, 1021, 1022, 1022, 
545, 1022, 1021, 1022, 1022, 
546, 1022, 1022, 1022, 1022, 
547, 1023, 1022, 1022, 1022, 
548, 1024, 1022, 1021, 1022, 
