Runtime (microseconds), 1026371
Generation, Fitness Island 0, Fitness Island 1, Fitness Island 2, Fitness Island 3
0, 538, 538, 540, 550, 
1, 548, 554, 544, 556, 
2, 551, 558, 549, 554, 
3, 559, 559, 558, 563, 
4, 568, 560, 558, 565, 
5, 572, 562, 563, 566, 
6, 578, 564, 579, 571, 
7, 577, 565, 586, 575, 
8, 577, 572, 587, 576, 
9, 579, 579, 587, 578, 
10, 581, 583, 587, 581, 
11, 583, 590, 588, 587, 
12, 584, 589, 591, 586, 
13, 589, 596, 594, 586, 
14, 593, 608, 598, 590, 
15, 598, 611, 604, 602, 
16, 598, 613, 606, 610, 
17, 599, 618, 607, 614, 
18, 604, 620, 608, 616, 
19, 610, 621, 616, 616, 
20, 610, 621, 623, 616, 
21, 612, 621, 619, 617, 
22, 618, 624, 621, 620, 
23, 624, 625, 625, 622, 
24, 626, 626, 629, 621, 
25, 628, 627, 629, 623, 
26, 634, 629, 630, 625, 
27, 634, 631, 630, 631, 
28, 636, 631, 634, 630, 
29, 639, 636, 635, 632, 
30, 642, 636, 637, 633, 
31, 641, 637, 638, 635, 
32, 644, 639, 639, 637, 
33, 642, 642, 640, 641, 
34, 647, 643, 642, 650, 
35, 645, 649, 647, 651, 
36, 646, 650, 645, 652, 
37, 647, 650, 650, 653, 
38, 647, 652, 659, 659, 
39, 655, 657, 659, 658, 
40, 656, 658, 659, 660, 
41, 657, 660, 661, 662, 
42, 658, 660, 661, 663, 
43, 664, 663, 664, 664, 
44, 666, 663, 665, 665, 
45, 667, 666, 665, 668, 
46, 669, 668, 668, 668, 
47, 671, 670, 668, 670, 
48, 673, 674, 670, 672, 
49, 673, 674, 671, 672, 
50, 674, 677, 673, 673, 
51, 676, 677, 675, 675, 
52, 677, 677, 677, 676, 
53, 678, 678, 678, 677, 
54, 679, 678, 682, 679, 
55, 679, 680, 683, 681, 
56, 680, 681, 684, 681, 
57, 681, 681, 684, 684, 
58, 682, 682, 687, 684, 
59, 686, 687, 688, 685, 
60, 687, 686, 688, 686, 
61, 688, 689, 690, 690, 
62, 693, 691, 691, 690, 
63, 693, 692, 691, 691, 
64, 694, 693, 694, 692, 
65, 697, 693, 695, 694, 
66, 700, 695, 694, 693, 
67, 702, 697, 699, 696, 
68, 703, 698, 700, 697, 
69, 702, 701, 701, 697, 
70, 704, 702, 704, 699, 
71, 706, 702, 708, 705, 
72, 707, 705, 709, 703, 
73, 712, 707, 712, 705, 
74, 712, 708, 711, 707, 
75, 714, 713, 713, 709, 
76, 715, 709, 714, 710, 
77, 716, 711, 717, 711, 
78, 718, 711, 718, 712, 
79, 718, 715, 718, 717, 
80, 720, 718, 719, 722, 
81, 720, 716, 720, 722, 
82, 721, 720, 720, 724, 
83, 723, 721, 722, 723, 
84, 724, 723, 723, 726, 
85, 727, 725, 723, 729, 
86, 728, 728, 724, 729, 
87, 729, 729, 725, 731, 
88, 731, 728, 726, 732, 
89, 732, 730, 731, 733, 
90, 736, 732, 734, 734, 
91, 736, 731, 734, 735, 
92, 736, 736, 736, 735, 
93, 737, 736, 738, 736, 
94, 737, 740, 739, 738, 
95, 738, 738, 740, 739, 
96, 740, 742, 742, 741, 
97, 742, 745, 742, 742, 
98, 742, 746, 745, 742, 
99, 744, 749, 745, 743, 
100, 744, 749, 746, 743, 
101, 745, 749, 746, 744, 
102, 747, 751, 747, 747, 
103, 750, 752, 749, 748, 
104, 751, 752, 750, 750, 
105, 752, 756, 752, 752, 
106, 752, 756, 754, 752, 
107, 753, 759, 756, 753, 
108, 755, 760, 756, 756, 
109, 755, 760, 757, 757, 
110, 757, 763, 757, 758, 
111, 757, 764, 763, 759, 
112, 758, 765, 766, 762, 
113, 758, 766, 768, 764, 
114, 766, 767, 769, 768, 
115, 767, 768, 769, 764, 
116, 766, 768, 772, 766, 
117, 767, 768, 773, 767, 
118, 771, 771, 774, 768, 
119, 775, 771, 774, 771, 
120, 778, 773, 775, 773, 
121, 779, 774, 775, 773, 
122, 780, 775, 776, 775, 
123, 783, 776, 777, 777, 
124, 786, 778, 777, 777, 
125, 789, 777, 779, 778, 
126, 789, 782, 783, 780, 
127, 790, 786, 781, 781, 
128, 791, 787, 785, 781, 
129, 792, 788, 784, 784, 
130, 792, 794, 785, 790, 
131, 794, 795, 791, 792, 
132, 795, 795, 793, 791, 
133, 796, 798, 793, 796, 
134, 798, 798, 795, 796, 
135, 799, 800, 796, 798, 
136, 799, 801, 797, 801, 
137, 800, 807, 800, 802, 
138, 800, 808, 801, 803, 
139, 802, 808, 802, 806, 
140, 803, 809, 806, 808, 
141, 807, 809, 805, 811, 
142, 807, 809, 806, 811, 
143, 807, 810, 808, 811, 
144, 810, 812, 809, 813, 
145, 810, 812, 809, 813, 
146, 812, 813, 812, 815, 
147, 811, 813, 813, 816, 
148, 814, 816, 813, 817, 
149, 817, 817, 814, 817, 
150, 817, 818, 816, 817, 
151, 817, 820, 816, 818, 
152, 818, 821, 818, 819, 
153, 819, 821, 819, 821, 
154, 820, 822, 825, 820, 
155, 821, 825, 826, 825, 
156, 823, 824, 826, 826, 
157, 825, 825, 826, 827, 
158, 826, 825, 830, 830, 
159, 827, 826, 831, 832, 
160, 828, 827, 831, 831, 
161, 829, 828, 830, 832, 
162, 832, 830, 835, 833, 
163, 834, 832, 835, 833, 
164, 835, 835, 835, 835, 
165, 836, 834, 833, 836, 
166, 839, 836, 835, 836, 
167, 838, 837, 836, 837, 
168, 840, 837, 837, 837, 
169, 840, 841, 841, 840, 
170, 840, 841, 838, 840, 
171, 841, 842, 838, 841, 
172, 841, 843, 840, 842, 
173, 841, 845, 840, 843, 
174, 841, 846, 841, 845, 
175, 843, 845, 841, 845, 
176, 844, 845, 844, 845, 
177, 844, 846, 845, 846, 
178, 845, 849, 845, 847, 
179, 846, 850, 846, 848, 
180, 848, 854, 847, 848, 
181, 848, 855, 849, 848, 
182, 850, 855, 849, 850, 
183, 851, 856, 850, 854, 
184, 851, 857, 852, 853, 
185, 852, 856, 853, 853, 
186, 853, 858, 853, 853, 
187, 855, 858, 855, 855, 
188, 854, 861, 857, 857, 
189, 856, 862, 859, 857, 
190, 856, 862, 859, 858, 
191, 859, 863, 859, 858, 
192, 860, 863, 860, 858, 
193, 860, 862, 860, 861, 
194, 863, 864, 862, 861, 
195, 864, 865, 862, 863, 
196, 864, 865, 864, 862, 
197, 868, 865, 865, 862, 
198, 869, 866, 866, 864, 
199, 869, 867, 868, 864, 
200, 871, 868, 870, 865, 
201, 872, 868, 872, 866, 
202, 872, 868, 873, 867, 
203, 874, 870, 873, 872, 
204, 875, 872, 874, 872, 
205, 876, 873, 874, 872, 
206, 876, 873, 873, 875, 
207, 876, 875, 875, 875, 
208, 877, 878, 875, 876, 
209, 878, 878, 877, 878, 
210, 879, 880, 877, 876, 
211, 880, 879, 881, 877, 
212, 882, 882, 881, 878, 
213, 882, 883, 881, 880, 
214, 882, 883, 881, 880, 
215, 883, 883, 881, 880, 
216, 884, 884, 881, 883, 
217, 885, 884, 883, 884, 
218, 885, 887, 884, 883, 
219, 888, 888, 884, 884, 
220, 888, 888, 884, 886, 
221, 888, 889, 884, 887, 
222, 888, 889, 885, 887, 
223, 890, 891, 886, 888, 
224, 892, 890, 888, 888, 
225, 890, 891, 892, 889, 
226, 893, 892, 893, 890, 
227, 893, 894, 893, 891, 
228, 895, 894, 893, 892, 
229, 895, 894, 895, 895, 
230, 896, 897, 895, 894, 
231, 896, 897, 895, 895, 
232, 897, 897, 897, 896, 
233, 899, 897, 898, 898, 
234, 899, 897, 900, 899, 
235, 899, 899, 899, 898, 
236, 900, 899, 901, 900, 
237, 902, 901, 901, 899, 
238, 902, 902, 903, 901, 
239, 902, 904, 903, 900, 
240, 904, 906, 902, 902, 
241, 908, 907, 904, 904, 
242, 909, 907, 903, 904, 
243, 908, 909, 904, 904, 
244, 909, 908, 906, 905, 
245, 909, 909, 907, 907, 
246, 909, 912, 907, 911, 
247, 909, 911, 909, 913, 
248, 910, 913, 909, 913, 
249, 912, 915, 910, 916, 
250, 910, 915, 911, 916, 
251, 914, 917, 911, 916, 
252, 913, 917, 915, 917, 
253, 913, 916, 914, 917, 
254, 913, 918, 916, 917, 
255, 915, 917, 917, 919, 
256, 919, 919, 919, 920, 
257, 920, 920, 920, 919, 
258, 920, 919, 920, 920, 
259, 921, 921, 920, 921, 
260, 921, 921, 920, 920, 
261, 922, 921, 920, 922, 
262, 924, 922, 921, 921, 
263, 924, 923, 921, 921, 
264, 924, 923, 921, 922, 
265, 924, 924, 922, 923, 
266, 925, 924, 921, 924, 
267, 925, 924, 922, 925, 
268, 925, 926, 923, 926, 
269, 927, 926, 925, 925, 
270, 928, 926, 925, 926, 
271, 929, 926, 927, 926, 
272, 930, 927, 930, 928, 
273, 932, 928, 930, 928, 
274, 932, 930, 930, 929, 
275, 933, 930, 930, 930, 
276, 935, 931, 931, 932, 
277, 935, 932, 931, 932, 
278, 934, 932, 932, 933, 
279, 934, 931, 933, 934, 
280, 934, 934, 933, 935, 
281, 935, 933, 933, 935, 
282, 935, 934, 934, 935, 
283, 936, 934, 933, 936, 
284, 937, 935, 933, 935, 
285, 937, 936, 936, 937, 
286, 938, 936, 936, 936, 
287, 939, 938, 937, 937, 
288, 940, 940, 941, 938, 
289, 940, 940, 943, 939, 
290, 940, 942, 944, 939, 
291, 942, 943, 943, 941, 
292, 943, 942, 943, 941, 
293, 943, 944, 945, 944, 
294, 944, 944, 945, 947, 
295, 946, 945, 945, 947, 
296, 946, 946, 945, 947, 
297, 947, 946, 947, 946, 
298, 948, 946, 947, 947, 
299, 947, 947, 948, 948, 
300, 947, 947, 948, 951, 
301, 948, 948, 949, 950, 
302, 951, 949, 951, 950, 
303, 951, 949, 951, 951, 
304, 951, 952, 951, 953, 
305, 952, 954, 952, 953, 
306, 952, 954, 953, 953, 
307, 952, 954, 954, 955, 
308, 952, 955, 954, 956, 
309, 953, 956, 954, 955, 
310, 955, 956, 955, 956, 
311, 955, 957, 957, 957, 
312, 958, 958, 957, 958, 
313, 961, 961, 957, 958, 
314, 961, 960, 959, 958, 
315, 961, 960, 960, 959, 
316, 962, 960, 960, 961, 
317, 963, 961, 960, 960, 
318, 963, 962, 962, 963, 
319, 963, 963, 961, 963, 
320, 965, 963, 963, 963, 
321, 965, 964, 964, 963, 
322, 964, 963, 965, 965, 
323, 965, 964, 965, 965, 
324, 965, 964, 966, 965, 
325, 967, 966, 968, 966, 
326, 969, 966, 968, 967, 
327, 968, 969, 968, 968, 
328, 970, 970, 968, 969, 
329, 969, 972, 969, 970, 
330, 970, 973, 969, 970, 
331, 970, 973, 969, 971, 
332, 971, 973, 971, 971, 
333, 972, 973, 970, 972, 
334, 973, 973, 971, 971, 
335, 974, 974, 973, 972, 
336, 973, 974, 973, 973, 
337, 976, 974, 974, 973, 
338, 976, 974, 975, 974, 
339, 977, 975, 976, 974, 
340, 976, 976, 977, 974, 
341, 977, 976, 976, 976, 
342, 978, 976, 977, 976, 
343, 978, 977, 977, 976, 
344, 979, 978, 978, 977, 
345, 981, 978, 978, 979, 
346, 981, 980, 978, 980, 
347, 983, 980, 979, 980, 
348, 983, 979, 980, 981, 
349, 982, 980, 980, 980, 
350, 983, 981, 978, 981, 
351, 984, 980, 980, 982, 
352, 984, 981, 983, 981, 
353, 984, 981, 981, 981, 
354, 984, 981, 983, 981, 
355, 984, 982, 985, 981, 
356, 985, 982, 986, 981, 
357, 984, 982, 984, 982, 
358, 985, 984, 984, 982, 
359, 985, 984, 985, 982, 
360, 985, 983, 986, 982, 
361, 985, 985, 986, 983, 
362, 985, 985, 987, 983, 
363, 985, 986, 987, 984, 
364, 986, 986, 989, 985, 
365, 986, 989, 989, 985, 
366, 986, 988, 989, 985, 
367, 986, 988, 987, 986, 
368, 987, 988, 988, 987, 
369, 987, 988, 987, 986, 
370, 987, 988, 989, 988, 
371, 987, 989, 989, 988, 
372, 988, 990, 989, 988, 
373, 988, 992, 989, 989, 
374, 988, 993, 989, 991, 
375, 989, 993, 994, 989, 
376, 989, 993, 993, 989, 
377, 990, 993, 994, 989, 
378, 990, 993, 994, 991, 
379, 990, 993, 994, 992, 
380, 991, 993, 994, 994, 
381, 993, 994, 995, 993, 
382, 995, 994, 995, 993, 
383, 995, 994, 994, 994, 
384, 995, 995, 994, 995, 
385, 995, 995, 995, 995, 
386, 995, 996, 996, 996, 
387, 995, 996, 995, 998, 
388, 995, 995, 995, 998, 
389, 996, 996, 996, 998, 
390, 997, 997, 996, 997, 
391, 995, 998, 997, 998, 
392, 995, 997, 997, 998, 
393, 996, 999, 997, 998, 
394, 996, 1000, 998, 998, 
395, 995, 999, 998, 998, 
396, 998, 999, 997, 998, 
397, 998, 1000, 997, 998, 
398, 998, 1001, 997, 999, 
399, 997, 1000, 997, 999, 
400, 998, 1000, 998, 1000, 
401, 999, 1001, 998, 1000, 
402, 999, 1001, 998, 1000, 
403, 999, 1000, 999, 1001, 
404, 999, 1001, 999, 1001, 
405, 1000, 1000, 999, 1001, 
406, 1000, 1001, 1000, 1001, 
407, 1000, 1001, 1000, 1001, 
408, 1000, 1002, 1001, 1001, 
409, 1001, 1003, 1001, 1001, 
410, 1002, 1003, 1002, 1001, 
411, 1001, 1003, 1002, 1001, 
412, 1002, 1003, 1003, 1001, 
413, 1002, 1004, 1001, 1002, 
414, 1002, 1004, 1002, 1002, 
415, 1003, 1004, 1001, 1002, 
416, 1004, 1004, 1002, 1003, 
417, 1003, 1005, 1003, 1003, 
418, 1003, 1005, 1004, 1004, 
419, 1005, 1005, 1004, 1003, 
420, 1004, 1005, 1004, 1004, 
421, 1006, 1005, 1005, 1005, 
422, 1005, 1006, 1005, 1005, 
423, 1005, 1006, 1005, 1006, 
424, 1005, 1005, 1005, 1006, 
425, 1006, 1006, 1006, 1006, 
426, 1006, 1006, 1006, 1006, 
427, 1006, 1008, 1006, 1006, 
428, 1007, 1009, 1006, 1007, 
429, 1007, 1009, 1006, 1006, 
430, 1007, 1008, 1007, 1007, 
431, 1007, 1008, 1007, 1007, 
432, 1008, 1008, 1007, 1009, 
433, 1009, 1008, 1008, 1009, 
434, 1009, 1009, 1008, 1008, 
435, 1010, 1009, 1009, 1009, 
436, 1010, 1009, 1009, 1010, 
437, 1010, 1011, 1009, 1010, 
438, 1010, 1011, 1010, 1010, 
439, 1012, 1010, 1010, 1010, 
440, 1012, 1010, 1011, 1011, 
441, 1011, 1011, 1011, 1011, 
442, 1011, 1011, 1011, 1011, 
443, 1011, 1012, 1011, 1011, 
444, 1011, 1012, 1011, 1011, 
445, 1012, 1012, 1011, 1012, 
446, 1012, 1013, 1012, 1013, 
447, 1013, 1012, 1012, 1012, 
448, 1013, 1014, 1012, 1012, 
449, 1013, 1013, 1014, 1012, 
450, 1015, 1013, 1014, 1013, 
451, 1014, 1013, 1014, 1013, 
452, 1014, 1014, 1014, 1013, 
453, 1014, 1015, 1014, 1013, 
454, 1014, 1015, 1014, 1014, 
455, 1015, 1016, 1014, 1014, 
456, 1015, 1017, 1016, 1015, 
457, 1015, 1017, 1017, 1016, 
458, 1015, 1017, 1016, 1017, 
459, 1016, 1017, 1016, 1015, 
460, 1016, 1017, 1016, 1016, 
461, 1017, 1017, 1017, 1017, 
462, 1017, 1018, 1018, 1017, 
463, 1018, 1018, 1020, 1016, 
464, 1019, 1018, 1020, 1016, 
465, 1017, 1018, 1021, 1017, 
466, 1019, 1018, 1019, 1017, 
467, 1019, 1018, 1021, 1018, 
468, 1019, 1020, 1020, 1019, 
469, 1019, 1020, 1021, 1020, 
470, 1018, 1021, 1022, 1019, 
471, 1019, 1021, 1021, 1020, 
472, 1019, 1021, 1021, 1019, 
473, 1018, 1021, 1021, 1019, 
474, 1021, 1022, 1020, 1021, 
475, 1022, 1022, 1020, 1021, 
476, 1021, 1022, 1021, 1022, 
477, 1021, 1022, 1020, 1022, 
478, 1021, 1022, 1022, 1021, 
479, 1021, 1022, 1022, 1021, 
480, 1022, 1022, 1021, 1021, 
481, 1022, 1022, 1021, 1021, 
482, 1022, 1022, 1021, 1021, 
483, 1021, 1022, 1022, 1022, 
484, 1021, 1022, 1022, 1021, 
485, 1022, 1022, 1022, 1021, 
486, 1021, 1022, 1021, 1022, 
487, 1021, 1022, 1022, 1022, 
488, 1022, 1022, 1021, 1022, 
489, 1021, 1022, 1021, 1021, 
490, 1021, 1022, 1022, 1021, 
491, 1022, 1022, 1022, 1021, 
492, 1022, 1021, 1022, 1022, 
493, 1022, 1022, 1022, 1021, 
494, 1022, 1022, 1022, 1022, 
495, 1022, 1022, 1022, 1022, 
496, 1021, 1022, 1022, 1022, 
497, 1022, 1022, 1022, 1022, 
498, 1021, 1022, 1022, 1022, 
499, 1022, 1022, 1022, 1023, 
500, 1022, 1022, 1022, 1023, 
501, 1022, 1022, 1022, 1022, 
502, 1022, 1022, 1022, 1023, 
503, 1022, 1022, 1022, 1023, 
504, 1022, 1021, 1023, 1023, 
505, 1023, 1021, 1022, 1024, 
