Runtime (microseconds), 251908
Generation, Fitness Island 0, Fitness Island 1, Fitness Island 2, Fitness Island 3, Fitness Island 4, Fitness Island 5, Fitness Island 6, Fitness Island 7
0, 538, 533, 540, 550, 542, 546, 530, 533, 
1, 543, 555, 543, 555, 550, 549, 530, 553, 
2, 543, 561, 548, 564, 552, 558, 550, 556, 
3, 545, 562, 549, 568, 556, 568, 561, 556, 
4, 547, 563, 554, 580, 568, 570, 562, 559, 
5, 547, 563, 561, 578, 568, 585, 566, 566, 
6, 552, 568, 568, 580, 568, 585, 570, 574, 
7, 572, 572, 565, 579, 569, 586, 573, 573, 
8, 569, 572, 569, 580, 573, 588, 586, 577, 
9, 572, 588, 578, 581, 576, 591, 591, 581, 
10, 588, 596, 579, 582, 585, 591, 589, 581, 
11, 591, 592, 587, 583, 585, 592, 592, 587, 
12, 589, 593, 587, 591, 589, 593, 596, 588, 
13, 592, 597, 590, 592, 590, 593, 602, 595, 
14, 593, 603, 594, 592, 597, 596, 605, 600, 
15, 596, 606, 598, 594, 600, 596, 608, 603, 
16, 598, 608, 605, 601, 611, 598, 609, 610, 
17, 600, 613, 605, 600, 611, 600, 609, 613, 
18, 601, 612, 608, 605, 611, 614, 613, 614, 
19, 603, 614, 611, 606, 621, 611, 615, 616, 
20, 602, 615, 613, 605, 618, 617, 620, 620, 
21, 616, 620, 617, 612, 618, 619, 620, 620, 
22, 616, 621, 623, 617, 627, 620, 621, 622, 
23, 623, 623, 626, 623, 627, 621, 620, 623, 
24, 624, 621, 625, 624, 626, 623, 624, 624, 
25, 629, 623, 628, 630, 628, 624, 624, 625, 
26, 632, 631, 633, 630, 630, 625, 624, 626, 
27, 638, 635, 636, 628, 629, 626, 630, 628, 
28, 638, 636, 638, 634, 631, 627, 631, 630, 
29, 640, 638, 642, 636, 631, 632, 632, 631, 
30, 644, 642, 641, 638, 634, 635, 634, 634, 
31, 644, 648, 644, 639, 640, 635, 637, 638, 
32, 645, 650, 647, 639, 642, 647, 647, 640, 
33, 645, 651, 647, 645, 643, 645, 646, 641, 
34, 647, 652, 647, 651, 652, 646, 645, 646, 
35, 648, 652, 649, 651, 645, 646, 648, 645, 
36, 651, 653, 650, 652, 647, 651, 650, 647, 
37, 652, 654, 650, 652, 650, 652, 650, 649, 
38, 653, 655, 652, 653, 651, 652, 653, 654, 
39, 656, 655, 659, 654, 653, 663, 659, 653, 
40, 656, 656, 660, 656, 656, 664, 659, 656, 
41, 658, 656, 658, 659, 659, 664, 661, 657, 
42, 660, 658, 662, 661, 658, 663, 663, 658, 
43, 666, 664, 663, 662, 661, 664, 667, 666, 
44, 666, 662, 668, 663, 663, 664, 669, 667, 
45, 663, 662, 670, 666, 668, 669, 669, 673, 
46, 665, 664, 670, 670, 669, 671, 670, 673, 
47, 667, 671, 672, 672, 673, 671, 672, 675, 
48, 674, 673, 672, 674, 674, 676, 674, 677, 
49, 675, 674, 674, 676, 676, 680, 679, 677, 
50, 677, 676, 676, 678, 678, 680, 680, 678, 
51, 676, 678, 675, 679, 680, 683, 680, 677, 
52, 676, 679, 676, 680, 682, 683, 680, 678, 
53, 679, 682, 678, 682, 687, 683, 684, 679, 
54, 684, 682, 679, 683, 690, 685, 685, 681, 
55, 685, 684, 682, 684, 691, 685, 685, 682, 
56, 688, 686, 683, 684, 691, 685, 688, 689, 
57, 689, 687, 685, 686, 692, 686, 688, 690, 
58, 688, 687, 689, 686, 694, 690, 692, 691, 
59, 694, 689, 690, 686, 694, 694, 692, 693, 
60, 695, 695, 692, 687, 695, 692, 693, 695, 
61, 696, 697, 693, 690, 696, 694, 697, 697, 
62, 699, 700, 693, 692, 697, 696, 699, 700, 
63, 702, 701, 699, 695, 701, 697, 700, 703, 
64, 706, 703, 697, 700, 703, 697, 700, 701, 
65, 707, 705, 698, 702, 704, 699, 700, 702, 
66, 708, 705, 698, 704, 705, 703, 701, 702, 
67, 711, 706, 700, 704, 705, 705, 701, 704, 
68, 712, 707, 702, 705, 705, 704, 705, 703, 
69, 713, 709, 704, 706, 707, 709, 705, 706, 
70, 716, 710, 706, 706, 707, 707, 706, 707, 
71, 715, 713, 710, 706, 709, 708, 707, 710, 
72, 717, 715, 709, 708, 709, 708, 708, 710, 
73, 717, 719, 717, 712, 710, 708, 708, 711, 
74, 717, 721, 716, 712, 711, 710, 710, 712, 
75, 720, 721, 717, 712, 714, 711, 717, 713, 
76, 721, 722, 717, 713, 714, 717, 717, 715, 
77, 721, 723, 719, 714, 720, 720, 717, 713, 
78, 722, 722, 721, 715, 719, 720, 719, 716, 
79, 726, 723, 721, 722, 725, 720, 718, 716, 
80, 728, 724, 722, 722, 723, 725, 720, 725, 
81, 727, 724, 722, 724, 724, 725, 721, 721, 
82, 729, 725, 724, 724, 725, 728, 724, 723, 
83, 730, 726, 728, 727, 727, 728, 725, 726, 
84, 732, 726, 730, 726, 727, 729, 727, 727, 
85, 732, 727, 730, 727, 728, 729, 730, 726, 
86, 733, 727, 731, 732, 732, 730, 729, 727, 
87, 733, 728, 732, 732, 732, 732, 734, 729, 
88, 733, 730, 734, 734, 733, 732, 735, 729, 
89, 733, 732, 734, 736, 734, 734, 735, 730, 
90, 734, 732, 735, 735, 736, 736, 735, 733, 
91, 736, 733, 735, 739, 736, 737, 737, 738, 
92, 737, 736, 737, 740, 737, 737, 737, 738, 
93, 737, 737, 737, 739, 739, 738, 738, 739, 
94, 739, 739, 739, 741, 739, 742, 742, 742, 
95, 739, 740, 739, 742, 740, 742, 744, 743, 
96, 742, 740, 740, 743, 743, 743, 742, 744, 
97, 746, 742, 742, 744, 743, 744, 745, 745, 
98, 747, 745, 742, 744, 744, 745, 750, 747, 
99, 747, 745, 747, 745, 746, 746, 748, 746, 
100, 750, 747, 747, 746, 749, 747, 747, 749, 
101, 751, 748, 747, 748, 749, 747, 752, 750, 
102, 752, 755, 749, 747, 753, 748, 751, 752, 
103, 753, 754, 749, 753, 753, 749, 752, 752, 
104, 754, 754, 751, 753, 754, 753, 755, 751, 
105, 755, 757, 751, 755, 754, 756, 756, 753, 
106, 756, 759, 751, 757, 757, 757, 761, 758, 
107, 758, 760, 754, 759, 758, 759, 763, 758, 
108, 759, 762, 753, 762, 757, 759, 762, 759, 
109, 761, 762, 753, 761, 758, 760, 762, 759, 
110, 760, 763, 758, 762, 759, 761, 764, 759, 
111, 762, 764, 761, 762, 762, 764, 765, 760, 
112, 762, 765, 761, 764, 765, 766, 766, 761, 
113, 764, 765, 763, 767, 767, 766, 766, 765, 
114, 765, 765, 765, 768, 767, 769, 767, 766, 
115, 768, 765, 765, 769, 771, 770, 768, 767, 
116, 769, 767, 767, 770, 772, 771, 771, 768, 
117, 773, 769, 768, 772, 772, 773, 770, 768, 
118, 775, 771, 773, 772, 771, 774, 772, 770, 
119, 775, 772, 773, 774, 772, 774, 777, 770, 
120, 777, 774, 773, 774, 773, 774, 778, 771, 
121, 776, 778, 773, 774, 776, 774, 777, 772, 
122, 777, 777, 774, 774, 776, 774, 776, 773, 
123, 778, 780, 774, 776, 780, 775, 778, 776, 
124, 781, 781, 775, 781, 780, 779, 778, 775, 
125, 781, 782, 778, 781, 781, 776, 779, 776, 
126, 782, 784, 777, 781, 782, 776, 781, 776, 
127, 785, 785, 781, 784, 783, 778, 782, 776, 
128, 786, 784, 781, 784, 783, 780, 782, 778, 
129, 787, 784, 783, 785, 784, 781, 783, 782, 
130, 787, 785, 784, 787, 783, 781, 785, 783, 
131, 790, 785, 787, 787, 786, 786, 785, 784, 
132, 790, 786, 787, 788, 788, 787, 785, 785, 
133, 792, 786, 788, 789, 787, 788, 785, 785, 
134, 793, 787, 792, 789, 788, 790, 786, 785, 
135, 793, 788, 792, 789, 789, 792, 788, 787, 
136, 794, 788, 791, 791, 793, 793, 790, 788, 
137, 797, 788, 794, 792, 795, 792, 792, 793, 
138, 797, 790, 797, 792, 796, 794, 792, 794, 
139, 800, 792, 797, 792, 795, 795, 794, 793, 
140, 800, 794, 797, 794, 797, 795, 794, 798, 
141, 803, 795, 799, 794, 797, 799, 797, 798, 
142, 803, 798, 799, 796, 797, 799, 798, 798, 
143, 804, 801, 801, 797, 798, 802, 799, 798, 
144, 805, 804, 801, 799, 802, 804, 799, 801, 
145, 805, 803, 801, 804, 802, 805, 799, 801, 
146, 807, 802, 803, 805, 803, 806, 800, 802, 
147, 807, 804, 805, 805, 802, 806, 801, 803, 
148, 809, 803, 805, 808, 804, 806, 803, 805, 
149, 809, 804, 807, 810, 804, 810, 807, 805, 
150, 809, 810, 809, 810, 806, 810, 807, 806, 
151, 810, 810, 809, 811, 809, 811, 809, 807, 
152, 811, 810, 809, 812, 808, 813, 810, 807, 
153, 811, 811, 810, 812, 812, 813, 812, 812, 
154, 812, 813, 811, 813, 813, 815, 815, 812, 
155, 812, 812, 811, 817, 814, 815, 816, 811, 
156, 813, 813, 812, 816, 814, 815, 817, 813, 
157, 818, 814, 816, 817, 818, 816, 818, 814, 
158, 817, 815, 817, 817, 819, 816, 818, 816, 
159, 818, 816, 817, 818, 819, 819, 820, 816, 
160, 818, 818, 819, 818, 820, 821, 819, 818, 
161, 818, 820, 822, 819, 820, 821, 819, 818, 
162, 821, 819, 823, 820, 820, 821, 821, 819, 
163, 822, 820, 824, 822, 820, 823, 824, 820, 
164, 822, 823, 823, 825, 820, 824, 825, 823, 
165, 824, 823, 823, 826, 822, 824, 825, 824, 
166, 823, 823, 824, 826, 824, 825, 825, 824, 
167, 825, 825, 823, 826, 823, 826, 825, 831, 
168, 826, 826, 825, 827, 828, 826, 826, 830, 
169, 827, 827, 826, 826, 831, 829, 826, 832, 
170, 827, 827, 826, 827, 836, 830, 827, 832, 
171, 830, 829, 830, 829, 836, 831, 832, 832, 
172, 831, 829, 833, 830, 837, 835, 833, 832, 
173, 831, 835, 833, 831, 840, 834, 833, 833, 
174, 832, 835, 834, 833, 840, 835, 833, 834, 
175, 833, 834, 835, 835, 841, 836, 838, 834, 
176, 836, 833, 835, 835, 842, 837, 836, 835, 
177, 836, 837, 836, 834, 843, 838, 838, 835, 
178, 836, 837, 836, 838, 843, 839, 839, 836, 
179, 839, 842, 837, 836, 844, 839, 841, 837, 
180, 841, 841, 840, 839, 845, 840, 841, 837, 
181, 843, 840, 837, 841, 846, 840, 841, 843, 
182, 843, 838, 837, 844, 846, 840, 842, 843, 
183, 843, 839, 837, 844, 847, 840, 845, 843, 
184, 843, 840, 839, 844, 847, 843, 846, 844, 
185, 843, 841, 843, 846, 848, 844, 848, 846, 
186, 844, 842, 845, 846, 849, 848, 848, 846, 
187, 849, 842, 847, 848, 851, 849, 850, 849, 
188, 846, 848, 847, 848, 849, 849, 848, 848, 
189, 846, 849, 849, 849, 849, 849, 850, 850, 
190, 846, 848, 851, 849, 851, 849, 851, 850, 
191, 848, 850, 851, 849, 853, 848, 856, 850, 
192, 847, 851, 853, 853, 853, 849, 855, 851, 
193, 848, 853, 851, 852, 856, 851, 856, 854, 
194, 855, 852, 855, 856, 855, 850, 856, 854, 
195, 854, 852, 853, 856, 857, 851, 856, 853, 
196, 855, 853, 853, 859, 858, 851, 858, 855, 
197, 855, 854, 855, 859, 860, 852, 858, 855, 
198, 855, 855, 855, 859, 859, 853, 858, 856, 
199, 855, 855, 855, 860, 860, 854, 857, 856, 
200, 857, 859, 855, 860, 861, 860, 857, 857, 
201, 859, 858, 861, 861, 861, 860, 857, 858, 
202, 860, 859, 861, 862, 861, 858, 858, 857, 
203, 862, 861, 861, 862, 862, 860, 858, 859, 
204, 861, 861, 861, 863, 863, 862, 861, 861, 
205, 861, 862, 861, 863, 864, 864, 862, 864, 
206, 864, 862, 861, 864, 865, 865, 863, 863, 
207, 865, 866, 863, 864, 864, 865, 864, 863, 
208, 865, 866, 864, 866, 864, 866, 864, 864, 
209, 864, 866, 865, 866, 865, 866, 866, 864, 
210, 864, 866, 865, 866, 866, 867, 867, 865, 
211, 868, 866, 866, 867, 866, 867, 868, 866, 
212, 869, 867, 866, 867, 868, 867, 867, 866, 
213, 869, 866, 867, 868, 869, 868, 869, 868, 
214, 871, 869, 867, 868, 870, 868, 871, 868, 
215, 872, 872, 870, 868, 870, 869, 871, 870, 
216, 872, 872, 870, 870, 871, 868, 871, 868, 
217, 874, 873, 871, 870, 874, 870, 874, 870, 
218, 874, 874, 872, 871, 873, 872, 873, 871, 
219, 876, 874, 872, 873, 874, 875, 874, 870, 
220, 876, 875, 873, 874, 878, 876, 875, 871, 
221, 876, 875, 875, 875, 880, 875, 879, 872, 
222, 876, 876, 877, 875, 878, 876, 879, 877, 
223, 877, 880, 878, 876, 883, 877, 880, 879, 
224, 877, 883, 881, 876, 882, 877, 881, 879, 
225, 879, 881, 882, 879, 882, 877, 880, 879, 
226, 878, 882, 884, 878, 883, 879, 883, 882, 
227, 879, 883, 884, 881, 883, 882, 882, 882, 
228, 879, 882, 884, 884, 884, 883, 882, 885, 
229, 881, 883, 885, 884, 884, 883, 883, 885, 
230, 881, 882, 885, 885, 886, 883, 885, 884, 
231, 882, 885, 886, 886, 886, 883, 884, 884, 
232, 884, 884, 887, 887, 886, 886, 885, 885, 
233, 882, 882, 887, 888, 887, 888, 887, 885, 
234, 885, 883, 888, 888, 887, 886, 887, 884, 
235, 886, 883, 888, 890, 887, 888, 887, 886, 
236, 887, 884, 889, 889, 888, 889, 888, 888, 
237, 888, 885, 889, 893, 889, 889, 888, 888, 
238, 887, 888, 889, 894, 888, 892, 889, 888, 
239, 889, 889, 890, 894, 890, 890, 890, 889, 
240, 889, 890, 894, 896, 890, 893, 890, 889, 
241, 888, 889, 893, 896, 889, 892, 890, 890, 
242, 891, 891, 893, 896, 890, 895, 890, 891, 
243, 892, 892, 896, 897, 891, 896, 895, 893, 
244, 893, 893, 896, 899, 895, 897, 893, 894, 
245, 894, 892, 897, 897, 897, 898, 894, 895, 
246, 895, 893, 897, 899, 898, 898, 895, 895, 
247, 895, 895, 897, 899, 900, 899, 896, 897, 
248, 895, 895, 898, 900, 899, 898, 896, 897, 
249, 896, 895, 897, 900, 900, 898, 896, 898, 
250, 897, 897, 897, 899, 899, 898, 897, 897, 
251, 897, 898, 899, 899, 900, 899, 898, 899, 
252, 898, 899, 900, 899, 900, 900, 899, 898, 
253, 901, 902, 901, 899, 900, 900, 900, 899, 
254, 901, 905, 901, 899, 900, 902, 901, 900, 
255, 902, 905, 902, 899, 900, 903, 902, 901, 
256, 902, 906, 903, 901, 900, 903, 902, 902, 
257, 903, 907, 903, 900, 901, 905, 904, 902, 
258, 905, 907, 905, 902, 902, 905, 904, 901, 
259, 905, 908, 904, 902, 901, 905, 905, 903, 
260, 905, 907, 905, 903, 904, 907, 905, 905, 
261, 906, 907, 906, 905, 906, 907, 905, 905, 
262, 906, 906, 906, 904, 907, 908, 906, 908, 
263, 907, 907, 907, 906, 909, 907, 905, 908, 
264, 907, 908, 908, 907, 911, 907, 906, 907, 
265, 907, 908, 908, 910, 911, 907, 907, 908, 
266, 907, 911, 908, 912, 911, 908, 907, 908, 
267, 908, 911, 910, 911, 911, 910, 908, 908, 
268, 907, 911, 910, 912, 911, 910, 909, 909, 
269, 908, 912, 910, 913, 912, 909, 912, 911, 
270, 909, 912, 910, 915, 913, 910, 912, 915, 
271, 909, 912, 910, 917, 912, 911, 913, 913, 
272, 911, 914, 910, 918, 913, 911, 913, 913, 
273, 911, 913, 911, 918, 914, 914, 914, 913, 
274, 912, 914, 911, 918, 914, 913, 917, 914, 
275, 913, 914, 911, 918, 914, 913, 917, 915, 
276, 913, 915, 912, 918, 914, 915, 917, 917, 
277, 918, 915, 912, 919, 916, 914, 917, 916, 
278, 918, 916, 915, 919, 919, 916, 917, 918, 
279, 920, 917, 914, 919, 918, 918, 917, 917, 
280, 918, 918, 915, 919, 920, 919, 917, 917, 
281, 920, 918, 917, 919, 921, 919, 917, 918, 
282, 920, 918, 917, 919, 922, 918, 917, 918, 
283, 920, 919, 920, 919, 923, 919, 918, 919, 
284, 920, 919, 920, 919, 921, 921, 921, 919, 
285, 921, 921, 921, 920, 921, 920, 921, 919, 
286, 921, 921, 921, 920, 923, 921, 922, 921, 
287, 922, 922, 924, 920, 923, 922, 922, 920, 
288, 922, 923, 924, 922, 922, 922, 922, 924, 
289, 922, 926, 925, 924, 923, 925, 923, 924, 
290, 925, 926, 926, 923, 923, 925, 923, 924, 
291, 925, 926, 925, 926, 924, 925, 923, 926, 
292, 926, 931, 925, 927, 926, 925, 923, 927, 
293, 927, 931, 925, 927, 926, 925, 925, 927, 
294, 927, 931, 926, 927, 930, 927, 925, 927, 
295, 927, 931, 929, 928, 933, 926, 926, 928, 
296, 930, 932, 929, 929, 930, 926, 926, 928, 
297, 929, 932, 931, 928, 934, 927, 928, 928, 
298, 930, 933, 933, 929, 934, 928, 930, 928, 
299, 931, 933, 934, 929, 934, 928, 930, 928, 
300, 934, 934, 934, 929, 935, 932, 932, 930, 
301, 933, 934, 934, 929, 936, 930, 935, 930, 
302, 932, 934, 934, 934, 935, 930, 936, 931, 
303, 933, 934, 935, 932, 936, 931, 935, 930, 
304, 933, 934, 936, 932, 936, 931, 936, 931, 
305, 934, 934, 936, 933, 936, 930, 936, 932, 
306, 936, 935, 937, 934, 936, 931, 935, 932, 
307, 936, 935, 938, 937, 936, 933, 935, 933, 
308, 938, 935, 939, 937, 935, 934, 937, 936, 
309, 938, 938, 941, 938, 937, 934, 938, 935, 
310, 937, 938, 941, 938, 939, 935, 936, 938, 
311, 937, 942, 942, 938, 938, 938, 938, 938, 
312, 938, 944, 942, 938, 941, 939, 940, 937, 
313, 938, 944, 943, 939, 943, 939, 939, 938, 
314, 941, 945, 943, 940, 945, 939, 940, 941, 
315, 942, 945, 942, 940, 945, 941, 943, 940, 
316, 943, 946, 943, 941, 946, 942, 943, 942, 
317, 943, 946, 946, 941, 946, 943, 942, 941, 
318, 943, 946, 947, 942, 947, 944, 942, 941, 
319, 946, 947, 947, 947, 947, 944, 942, 943, 
320, 947, 947, 948, 945, 947, 947, 944, 945, 
321, 946, 948, 950, 948, 947, 947, 944, 945, 
322, 947, 949, 952, 949, 947, 948, 944, 946, 
323, 950, 948, 953, 949, 947, 948, 947, 947, 
324, 950, 949, 952, 950, 948, 949, 948, 947, 
325, 947, 951, 954, 951, 947, 949, 950, 948, 
326, 948, 953, 953, 952, 949, 952, 952, 952, 
327, 948, 955, 954, 953, 950, 954, 953, 954, 
328, 949, 956, 954, 954, 950, 953, 954, 954, 
329, 949, 954, 955, 953, 950, 954, 954, 954, 
330, 949, 955, 955, 953, 954, 954, 954, 955, 
331, 951, 955, 957, 953, 954, 955, 953, 955, 
332, 954, 955, 956, 956, 954, 955, 954, 955, 
333, 954, 955, 956, 957, 955, 955, 954, 955, 
334, 955, 955, 956, 957, 956, 956, 955, 955, 
335, 958, 955, 956, 958, 956, 957, 955, 955, 
336, 957, 956, 956, 957, 957, 957, 956, 956, 
337, 957, 955, 957, 958, 956, 957, 957, 956, 
338, 958, 956, 960, 959, 956, 957, 957, 958, 
339, 956, 956, 959, 959, 957, 958, 957, 958, 
340, 958, 957, 959, 959, 957, 959, 957, 958, 
341, 957, 958, 960, 961, 957, 959, 957, 958, 
342, 958, 959, 959, 961, 959, 960, 958, 958, 
343, 958, 960, 959, 962, 960, 958, 957, 958, 
344, 959, 959, 961, 962, 961, 960, 957, 958, 
345, 959, 959, 961, 963, 961, 959, 960, 958, 
346, 962, 959, 963, 963, 961, 961, 960, 958, 
347, 962, 960, 963, 964, 961, 960, 961, 959, 
348, 962, 961, 964, 964, 963, 960, 961, 959, 
349, 963, 961, 963, 964, 963, 961, 961, 961, 
350, 965, 961, 963, 964, 963, 962, 962, 963, 
351, 966, 961, 963, 964, 963, 964, 962, 964, 
352, 966, 965, 966, 964, 962, 963, 963, 966, 
353, 965, 964, 966, 964, 963, 964, 964, 966, 
354, 967, 966, 966, 967, 965, 965, 964, 966, 
355, 966, 967, 967, 966, 964, 965, 963, 967, 
356, 966, 968, 966, 965, 964, 965, 967, 968, 
357, 967, 968, 967, 966, 964, 966, 967, 968, 
358, 968, 968, 968, 966, 964, 966, 969, 968, 
359, 968, 969, 969, 966, 965, 966, 968, 969, 
360, 967, 969, 969, 966, 965, 966, 968, 969, 
361, 968, 969, 969, 966, 964, 967, 968, 969, 
362, 969, 971, 969, 968, 964, 966, 968, 969, 
363, 968, 971, 969, 969, 966, 967, 968, 970, 
364, 968, 970, 969, 968, 968, 968, 968, 970, 
365, 969, 970, 970, 968, 970, 967, 968, 970, 
366, 971, 971, 970, 968, 970, 968, 968, 971, 
367, 972, 972, 971, 968, 970, 969, 969, 974, 
368, 974, 972, 970, 969, 971, 968, 969, 974, 
369, 974, 973, 971, 973, 971, 970, 971, 974, 
370, 974, 973, 974, 973, 971, 972, 971, 975, 
371, 975, 976, 974, 973, 971, 975, 972, 975, 
372, 974, 973, 974, 973, 971, 973, 973, 976, 
373, 975, 976, 977, 973, 971, 973, 971, 977, 
374, 975, 975, 977, 974, 972, 975, 973, 975, 
375, 975, 976, 977, 975, 973, 976, 975, 975, 
376, 975, 976, 978, 975, 973, 976, 975, 977, 
377, 976, 978, 978, 975, 975, 977, 975, 976, 
378, 977, 978, 980, 975, 975, 976, 978, 976, 
379, 977, 978, 980, 975, 974, 975, 978, 976, 
380, 977, 979, 979, 976, 977, 976, 978, 977, 
381, 977, 979, 979, 976, 977, 976, 978, 978, 
382, 977, 980, 980, 975, 978, 977, 978, 977, 
383, 979, 980, 980, 977, 978, 979, 979, 977, 
384, 979, 979, 979, 977, 979, 978, 980, 978, 
385, 979, 979, 979, 978, 979, 978, 979, 977, 
386, 979, 979, 979, 980, 978, 980, 980, 978, 
387, 980, 980, 979, 980, 978, 979, 979, 980, 
388, 980, 981, 979, 980, 979, 980, 978, 980, 
389, 980, 979, 979, 980, 978, 980, 978, 981, 
390, 981, 980, 979, 979, 978, 980, 980, 983, 
391, 981, 981, 979, 980, 979, 980, 980, 982, 
392, 981, 980, 980, 980, 979, 981, 980, 983, 
393, 981, 981, 979, 980, 980, 981, 981, 983, 
394, 981, 982, 979, 980, 980, 981, 980, 983, 
395, 981, 983, 980, 982, 981, 981, 980, 983, 
396, 982, 984, 979, 981, 981, 981, 982, 983, 
397, 982, 984, 980, 982, 982, 981, 982, 983, 
398, 982, 983, 981, 982, 983, 982, 983, 982, 
399, 982, 985, 983, 983, 983, 983, 983, 982, 
400, 982, 984, 983, 983, 984, 983, 984, 982, 
401, 982, 986, 984, 983, 985, 983, 984, 982, 
402, 983, 985, 984, 982, 985, 983, 984, 981, 
403, 983, 984, 984, 983, 987, 983, 985, 981, 
404, 983, 985, 984, 984, 986, 983, 984, 984, 
405, 983, 985, 984, 983, 987, 983, 984, 984, 
406, 984, 985, 984, 985, 987, 983, 984, 984, 
407, 985, 986, 985, 986, 986, 983, 985, 985, 
408, 985, 987, 986, 986, 987, 985, 985, 985, 
409, 984, 986, 987, 985, 987, 984, 987, 985, 
410, 986, 986, 988, 985, 987, 986, 985, 986, 
411, 986, 986, 986, 985, 986, 985, 986, 987, 
412, 987, 987, 986, 984, 986, 988, 987, 987, 
413, 987, 987, 988, 985, 986, 988, 987, 987, 
414, 988, 988, 988, 985, 990, 990, 986, 986, 
415, 989, 988, 989, 985, 988, 989, 986, 986, 
416, 990, 988, 989, 985, 989, 988, 987, 987, 
417, 991, 988, 989, 985, 990, 989, 986, 987, 
418, 991, 989, 989, 986, 990, 988, 986, 989, 
419, 991, 988, 989, 986, 990, 989, 986, 992, 
420, 991, 989, 989, 986, 989, 989, 990, 992, 
421, 992, 990, 990, 987, 989, 990, 992, 992, 
422, 992, 991, 989, 989, 991, 990, 991, 992, 
423, 993, 991, 990, 991, 992, 991, 991, 993, 
424, 993, 991, 992, 990, 990, 991, 991, 993, 
425, 993, 990, 992, 991, 991, 993, 994, 993, 
426, 994, 991, 993, 991, 991, 991, 993, 993, 
427, 994, 990, 994, 991, 991, 992, 992, 993, 
428, 994, 991, 993, 991, 991, 994, 991, 994, 
429, 994, 992, 993, 991, 992, 993, 992, 994, 
430, 993, 992, 993, 991, 992, 993, 993, 994, 
431, 994, 991, 994, 993, 992, 994, 993, 995, 
432, 995, 993, 994, 994, 992, 995, 993, 995, 
433, 998, 993, 993, 994, 992, 995, 993, 995, 
434, 998, 994, 993, 996, 994, 995, 994, 995, 
435, 997, 994, 994, 997, 994, 996, 995, 995, 
436, 998, 995, 994, 997, 994, 996, 996, 995, 
437, 1000, 994, 994, 998, 995, 996, 996, 994, 
438, 1000, 994, 995, 996, 995, 996, 996, 995, 
439, 999, 995, 995, 998, 997, 997, 996, 995, 
440, 999, 996, 997, 998, 997, 998, 997, 996, 
441, 1000, 996, 998, 998, 999, 998, 996, 995, 
442, 1000, 997, 998, 999, 998, 1000, 996, 995, 
443, 999, 997, 998, 998, 998, 1000, 997, 997, 
444, 999, 997, 998, 999, 997, 1001, 997, 996, 
445, 1000, 998, 998, 999, 1000, 1001, 999, 999, 
446, 1000, 998, 999, 1000, 1001, 1001, 999, 1000, 
447, 1001, 999, 1000, 1000, 1000, 1001, 999, 999, 
448, 1001, 999, 1001, 1001, 1001, 1001, 999, 1000, 
449, 1001, 1000, 1001, 1001, 1001, 1000, 1001, 999, 
450, 1000, 1000, 1000, 1001, 1001, 1000, 1001, 1000, 
451, 1001, 1000, 1000, 1000, 1001, 1000, 1000, 1001, 
452, 1001, 1000, 1000, 1001, 1001, 1000, 1000, 1000, 
453, 1002, 1001, 1000, 1001, 1003, 1001, 1001, 1000, 
454, 1002, 1001, 1003, 1001, 1003, 1001, 1001, 1000, 
455, 1002, 1001, 1002, 1002, 1003, 1002, 1001, 1000, 
456, 1002, 1002, 1002, 1002, 1003, 1003, 1002, 1000, 
457, 1002, 1001, 1002, 1001, 1003, 1002, 1002, 1003, 
458, 1001, 1001, 1003, 1002, 1003, 1002, 1002, 1003, 
459, 1002, 1002, 1002, 1002, 1003, 1002, 1002, 1003, 
460, 1002, 1001, 1003, 1003, 1003, 1001, 1003, 1003, 
461, 1003, 1003, 1003, 1003, 1003, 1004, 1002, 1003, 
462, 1003, 1003, 1003, 1003, 1003, 1005, 1005, 1003, 
463, 1003, 1003, 1003, 1003, 1003, 1005, 1005, 1003, 
464, 1002, 1004, 1003, 1003, 1003, 1005, 1005, 1003, 
465, 1003, 1004, 1004, 1003, 1003, 1005, 1005, 1003, 
466, 1003, 1004, 1004, 1002, 1004, 1004, 1005, 1004, 
467, 1002, 1004, 1004, 1004, 1004, 1004, 1006, 1005, 
468, 1002, 1004, 1004, 1004, 1004, 1004, 1006, 1004, 
469, 1002, 1004, 1004, 1004, 1005, 1004, 1006, 1004, 
470, 1004, 1004, 1005, 1005, 1005, 1004, 1006, 1005, 
471, 1006, 1004, 1004, 1006, 1005, 1004, 1006, 1004, 
472, 1003, 1005, 1004, 1006, 1006, 1005, 1005, 1004, 
473, 1005, 1005, 1004, 1006, 1006, 1006, 1005, 1004, 
474, 1005, 1006, 1004, 1006, 1006, 1006, 1006, 1005, 
475, 1005, 1006, 1006, 1006, 1006, 1005, 1007, 1005, 
476, 1005, 1007, 1007, 1006, 1006, 1005, 1006, 1007, 
477, 1006, 1007, 1007, 1006, 1006, 1005, 1007, 1006, 
478, 1008, 1007, 1007, 1006, 1007, 1006, 1006, 1006, 
479, 1007, 1007, 1007, 1006, 1005, 1007, 1006, 1007, 
480, 1009, 1007, 1007, 1006, 1006, 1006, 1006, 1007, 
481, 1006, 1007, 1007, 1006, 1007, 1005, 1007, 1007, 
482, 1007, 1007, 1007, 1006, 1008, 1008, 1007, 1007, 
483, 1007, 1007, 1008, 1007, 1008, 1009, 1008, 1007, 
484, 1008, 1007, 1008, 1008, 1008, 1009, 1008, 1008, 
485, 1007, 1008, 1009, 1008, 1008, 1009, 1008, 1008, 
486, 1007, 1007, 1010, 1008, 1009, 1009, 1009, 1008, 
487, 1007, 1008, 1010, 1008, 1010, 1010, 1008, 1008, 
488, 1007, 1007, 1010, 1009, 1011, 1010, 1008, 1009, 
489, 1008, 1007, 1010, 1008, 1010, 1009, 1009, 1009, 
490, 1008, 1007, 1011, 1007, 1011, 1008, 1008, 1008, 
491, 1008, 1007, 1011, 1008, 1011, 1008, 1009, 1009, 
492, 1008, 1008, 1011, 1008, 1010, 1009, 1010, 1009, 
493, 1009, 1011, 1011, 1010, 1011, 1008, 1010, 1009, 
494, 1009, 1011, 1011, 1009, 1010, 1010, 1010, 1009, 
495, 1009, 1011, 1011, 1010, 1010, 1009, 1010, 1009, 
496, 1009, 1011, 1011, 1011, 1011, 1010, 1010, 1009, 
497, 1010, 1011, 1011, 1011, 1011, 1010, 1011, 1008, 
498, 1010, 1011, 1011, 1010, 1011, 1010, 1011, 1009, 
499, 1009, 1011, 1012, 1011, 1011, 1011, 1011, 1010, 
500, 1010, 1011, 1012, 1011, 1011, 1010, 1011, 1009, 
501, 1010, 1011, 1012, 1011, 1011, 1010, 1012, 1010, 
502, 1011, 1012, 1012, 1010, 1012, 1010, 1011, 1010, 
503, 1012, 1011, 1012, 1010, 1011, 1010, 1012, 1010, 
504, 1012, 1010, 1012, 1010, 1011, 1010, 1012, 1010, 
505, 1011, 1011, 1012, 1010, 1012, 1011, 1012, 1010, 
506, 1012, 1011, 1012, 1011, 1012, 1011, 1012, 1011, 
507, 1012, 1011, 1013, 1011, 1012, 1011, 1012, 1010, 
508, 1012, 1011, 1012, 1012, 1012, 1011, 1012, 1011, 
509, 1012, 1011, 1012, 1012, 1012, 1012, 1013, 1009, 
510, 1012, 1011, 1012, 1013, 1012, 1012, 1013, 1009, 
511, 1012, 1011, 1012, 1014, 1012, 1012, 1014, 1010, 
512, 1013, 1011, 1012, 1014, 1012, 1011, 1013, 1010, 
513, 1013, 1012, 1011, 1013, 1012, 1012, 1014, 1011, 
514, 1014, 1012, 1011, 1013, 1011, 1011, 1013, 1012, 
515, 1014, 1013, 1012, 1014, 1012, 1012, 1013, 1010, 
516, 1014, 1013, 1012, 1014, 1014, 1012, 1013, 1012, 
517, 1014, 1013, 1012, 1013, 1014, 1014, 1013, 1012, 
518, 1014, 1013, 1011, 1014, 1014, 1014, 1012, 1011, 
519, 1014, 1013, 1011, 1015, 1014, 1013, 1013, 1012, 
520, 1014, 1014, 1011, 1014, 1014, 1014, 1012, 1013, 
521, 1014, 1014, 1014, 1015, 1014, 1013, 1011, 1014, 
522, 1014, 1015, 1014, 1015, 1015, 1014, 1012, 1014, 
523, 1014, 1014, 1014, 1015, 1014, 1014, 1012, 1014, 
524, 1014, 1014, 1014, 1015, 1014, 1014, 1013, 1014, 
525, 1016, 1015, 1014, 1015, 1014, 1014, 1013, 1014, 
526, 1016, 1015, 1014, 1014, 1015, 1014, 1014, 1014, 
527, 1016, 1015, 1015, 1014, 1014, 1014, 1015, 1014, 
528, 1016, 1014, 1014, 1015, 1015, 1014, 1015, 1015, 
529, 1016, 1014, 1015, 1016, 1014, 1014, 1015, 1015, 
530, 1016, 1015, 1015, 1015, 1014, 1015, 1016, 1015, 
531, 1017, 1016, 1015, 1015, 1014, 1014, 1016, 1015, 
532, 1017, 1015, 1015, 1015, 1015, 1014, 1015, 1015, 
533, 1017, 1015, 1014, 1015, 1016, 1015, 1015, 1015, 
534, 1017, 1017, 1016, 1015, 1016, 1015, 1014, 1015, 
535, 1017, 1014, 1016, 1017, 1016, 1016, 1015, 1015, 
536, 1017, 1014, 1016, 1017, 1017, 1015, 1015, 1017, 
537, 1017, 1015, 1016, 1017, 1016, 1016, 1016, 1016, 
538, 1017, 1015, 1016, 1017, 1017, 1016, 1016, 1016, 
539, 1017, 1015, 1016, 1017, 1017, 1017, 1017, 1017, 
540, 1017, 1015, 1017, 1017, 1018, 1016, 1018, 1016, 
541, 1016, 1015, 1016, 1018, 1018, 1016, 1018, 1016, 
542, 1016, 1015, 1015, 1018, 1019, 1018, 1017, 1016, 
543, 1018, 1015, 1018, 1018, 1018, 1018, 1018, 1017, 
544, 1017, 1016, 1017, 1018, 1018, 1017, 1018, 1016, 
545, 1018, 1017, 1016, 1018, 1019, 1018, 1018, 1018, 
546, 1018, 1016, 1017, 1018, 1019, 1018, 1018, 1018, 
547, 1018, 1017, 1017, 1018, 1019, 1017, 1018, 1017, 
548, 1018, 1018, 1017, 1018, 1019, 1017, 1018, 1016, 
549, 1018, 1018, 1017, 1018, 1019, 1016, 1018, 1017, 
550, 1017, 1019, 1017, 1018, 1019, 1017, 1018, 1017, 
551, 1017, 1019, 1019, 1018, 1020, 1017, 1017, 1016, 
552, 1018, 1018, 1019, 1018, 1020, 1017, 1018, 1016, 
553, 1018, 1020, 1018, 1017, 1020, 1017, 1018, 1017, 
554, 1018, 1018, 1017, 1017, 1020, 1020, 1018, 1017, 
555, 1018, 1019, 1017, 1018, 1020, 1020, 1018, 1018, 
556, 1018, 1019, 1018, 1018, 1020, 1019, 1018, 1018, 
557, 1018, 1019, 1018, 1019, 1020, 1019, 1018, 1019, 
558, 1018, 1019, 1018, 1019, 1020, 1019, 1019, 1019, 
559, 1018, 1019, 1018, 1019, 1019, 1019, 1019, 1018, 
560, 1018, 1019, 1019, 1019, 1019, 1019, 1018, 1019, 
561, 1018, 1019, 1019, 1020, 1019, 1019, 1018, 1019, 
562, 1018, 1019, 1019, 1020, 1018, 1019, 1018, 1019, 
563, 1018, 1019, 1019, 1020, 1019, 1019, 1018, 1019, 
564, 1019, 1019, 1019, 1020, 1019, 1021, 1018, 1019, 
565, 1019, 1019, 1019, 1019, 1019, 1021, 1018, 1020, 
566, 1018, 1018, 1019, 1019, 1019, 1020, 1018, 1019, 
567, 1018, 1019, 1019, 1019, 1019, 1020, 1019, 1019, 
568, 1019, 1019, 1019, 1019, 1019, 1020, 1019, 1018, 
569, 1019, 1019, 1019, 1019, 1019, 1020, 1019, 1018, 
570, 1019, 1019, 1019, 1019, 1020, 1021, 1018, 1018, 
571, 1018, 1020, 1019, 1019, 1021, 1020, 1018, 1018, 
572, 1018, 1020, 1019, 1019, 1021, 1020, 1018, 1018, 
573, 1018, 1020, 1019, 1019, 1021, 1020, 1019, 1018, 
574, 1020, 1020, 1019, 1019, 1021, 1020, 1019, 1018, 
575, 1020, 1020, 1020, 1019, 1020, 1020, 1019, 1018, 
576, 1021, 1020, 1019, 1019, 1021, 1020, 1018, 1019, 
577, 1021, 1021, 1020, 1019, 1021, 1020, 1018, 1020, 
578, 1021, 1021, 1020, 1021, 1021, 1021, 1018, 1020, 
579, 1021, 1021, 1020, 1021, 1020, 1022, 1020, 1019, 
580, 1021, 1021, 1022, 1021, 1021, 1022, 1019, 1019, 
581, 1020, 1022, 1022, 1021, 1021, 1022, 1020, 1019, 
582, 1021, 1022, 1022, 1021, 1021, 1021, 1019, 1022, 
583, 1020, 1022, 1022, 1022, 1021, 1022, 1018, 1021, 
584, 1021, 1022, 1022, 1022, 1021, 1021, 1019, 1021, 
585, 1022, 1022, 1022, 1022, 1021, 1022, 1018, 1021, 
586, 1022, 1022, 1022, 1022, 1021, 1022, 1019, 1021, 
587, 1022, 1022, 1022, 1022, 1021, 1022, 1019, 1021, 
588, 1022, 1022, 1022, 1022, 1021, 1022, 1019, 1021, 
589, 1022, 1022, 1022, 1023, 1021, 1022, 1019, 1020, 
590, 1022, 1022, 1022, 1022, 1021, 1022, 1019, 1022, 
591, 1022, 1022, 1022, 1024, 1022, 1022, 1021, 1020, 
