Runtime (microseconds), 259690
Generation, Fitness Island 0, Fitness Island 1, Fitness Island 2, Fitness Island 3, Fitness Island 4, Fitness Island 5, Fitness Island 6, Fitness Island 7
0, 540, 533, 548, 544, 537, 551, 545, 539, 
1, 547, 535, 544, 549, 550, 546, 546, 542, 
2, 547, 552, 548, 560, 546, 552, 547, 543, 
3, 553, 554, 551, 559, 550, 559, 550, 552, 
4, 555, 559, 554, 564, 555, 561, 551, 557, 
5, 558, 561, 571, 564, 561, 565, 560, 571, 
6, 566, 565, 574, 565, 562, 565, 565, 568, 
7, 569, 563, 573, 566, 567, 565, 570, 572, 
8, 579, 570, 579, 566, 574, 566, 573, 574, 
9, 584, 571, 582, 568, 575, 568, 572, 577, 
10, 586, 575, 583, 569, 577, 569, 574, 578, 
11, 588, 578, 590, 583, 581, 586, 575, 580, 
12, 591, 580, 592, 584, 587, 581, 579, 580, 
13, 592, 581, 594, 585, 590, 591, 581, 590, 
14, 594, 582, 596, 586, 592, 594, 589, 590, 
15, 596, 587, 598, 588, 595, 598, 592, 599, 
16, 597, 587, 609, 589, 600, 600, 598, 600, 
17, 599, 591, 609, 590, 600, 600, 598, 601, 
18, 601, 594, 611, 591, 601, 604, 599, 601, 
19, 602, 602, 613, 600, 603, 603, 602, 611, 
20, 603, 601, 615, 601, 613, 607, 602, 614, 
21, 610, 611, 618, 605, 614, 617, 606, 615, 
22, 614, 613, 618, 610, 616, 618, 614, 617, 
23, 618, 613, 619, 617, 618, 619, 621, 618, 
24, 619, 617, 621, 625, 620, 620, 623, 619, 
25, 619, 623, 621, 619, 621, 622, 630, 619, 
26, 621, 627, 622, 621, 630, 622, 630, 620, 
27, 623, 630, 623, 630, 630, 625, 631, 624, 
28, 623, 631, 624, 632, 629, 625, 632, 623, 
29, 627, 632, 625, 632, 631, 627, 633, 623, 
30, 628, 633, 627, 633, 634, 632, 633, 630, 
31, 629, 633, 631, 634, 633, 637, 634, 628, 
32, 631, 635, 642, 635, 633, 639, 634, 636, 
33, 632, 642, 646, 646, 638, 637, 635, 637, 
34, 636, 642, 647, 643, 644, 640, 635, 641, 
35, 643, 643, 649, 643, 646, 641, 641, 642, 
36, 642, 648, 650, 644, 649, 643, 641, 649, 
37, 651, 648, 651, 645, 650, 644, 649, 650, 
38, 651, 649, 652, 651, 652, 643, 646, 650, 
39, 655, 650, 653, 651, 654, 648, 653, 650, 
40, 657, 650, 652, 651, 654, 649, 653, 651, 
41, 658, 651, 654, 652, 654, 655, 655, 654, 
42, 663, 652, 656, 653, 655, 656, 655, 655, 
43, 663, 653, 657, 653, 657, 664, 658, 660, 
44, 663, 654, 659, 655, 658, 663, 660, 660, 
45, 663, 656, 663, 655, 665, 664, 664, 661, 
46, 665, 661, 666, 656, 665, 667, 667, 662, 
47, 664, 667, 667, 657, 666, 666, 669, 662, 
48, 665, 667, 667, 666, 669, 669, 669, 665, 
49, 665, 671, 670, 663, 667, 671, 669, 667, 
50, 667, 672, 672, 666, 668, 671, 670, 668, 
51, 668, 672, 671, 670, 669, 675, 673, 671, 
52, 671, 673, 675, 669, 670, 674, 676, 673, 
53, 676, 673, 675, 674, 672, 674, 675, 672, 
54, 679, 675, 677, 674, 675, 677, 675, 676, 
55, 679, 678, 678, 676, 678, 678, 678, 680, 
56, 678, 681, 681, 676, 681, 678, 679, 679, 
57, 682, 682, 681, 678, 682, 680, 679, 680, 
58, 686, 683, 683, 679, 685, 682, 682, 680, 
59, 692, 684, 685, 684, 683, 682, 683, 682, 
60, 692, 687, 685, 688, 684, 683, 685, 685, 
61, 687, 688, 686, 686, 685, 686, 684, 684, 
62, 690, 690, 687, 686, 686, 686, 686, 686, 
63, 691, 692, 690, 690, 692, 689, 686, 686, 
64, 690, 694, 693, 694, 693, 692, 687, 692, 
65, 694, 696, 695, 694, 694, 695, 689, 693, 
66, 694, 695, 696, 693, 695, 695, 694, 693, 
67, 696, 697, 698, 695, 697, 696, 695, 694, 
68, 696, 699, 697, 696, 697, 698, 695, 697, 
69, 702, 701, 698, 702, 697, 697, 697, 697, 
70, 703, 702, 699, 703, 698, 701, 698, 697, 
71, 704, 703, 700, 704, 699, 701, 699, 699, 
72, 704, 704, 703, 705, 704, 704, 704, 707, 
73, 704, 704, 705, 706, 707, 705, 704, 706, 
74, 706, 707, 706, 708, 707, 706, 705, 707, 
75, 706, 706, 705, 710, 708, 707, 709, 707, 
76, 712, 707, 706, 714, 711, 708, 709, 708, 
77, 710, 706, 707, 713, 712, 710, 713, 709, 
78, 713, 707, 709, 714, 713, 709, 714, 710, 
79, 713, 709, 710, 715, 714, 712, 715, 711, 
80, 715, 715, 712, 716, 714, 713, 717, 716, 
81, 717, 714, 714, 717, 716, 714, 717, 717, 
82, 718, 715, 713, 719, 717, 715, 718, 718, 
83, 718, 716, 716, 718, 717, 716, 718, 718, 
84, 721, 717, 719, 722, 723, 719, 721, 722, 
85, 721, 718, 719, 723, 725, 720, 722, 724, 
86, 722, 720, 722, 725, 725, 723, 722, 724, 
87, 724, 721, 724, 725, 726, 723, 723, 725, 
88, 726, 721, 726, 725, 727, 725, 724, 727, 
89, 725, 726, 727, 724, 731, 726, 725, 729, 
90, 728, 725, 728, 727, 731, 728, 726, 729, 
91, 728, 726, 728, 730, 732, 732, 726, 729, 
92, 729, 730, 729, 732, 734, 736, 729, 729, 
93, 731, 731, 729, 733, 735, 737, 729, 730, 
94, 732, 732, 735, 735, 735, 735, 730, 731, 
95, 733, 736, 736, 736, 737, 738, 732, 733, 
96, 736, 735, 735, 736, 739, 739, 733, 733, 
97, 733, 735, 735, 739, 741, 739, 734, 734, 
98, 734, 737, 737, 742, 742, 740, 738, 736, 
99, 736, 739, 738, 746, 742, 741, 739, 738, 
100, 737, 740, 740, 747, 744, 741, 739, 737, 
101, 738, 746, 742, 747, 744, 742, 743, 743, 
102, 743, 745, 745, 748, 744, 745, 744, 742, 
103, 741, 747, 744, 749, 744, 745, 744, 745, 
104, 744, 751, 745, 749, 746, 745, 747, 748, 
105, 747, 754, 745, 749, 746, 748, 748, 749, 
106, 748, 754, 747, 751, 747, 749, 752, 753, 
107, 749, 754, 753, 752, 749, 749, 754, 749, 
108, 749, 755, 756, 754, 748, 753, 754, 751, 
109, 749, 756, 757, 754, 750, 755, 756, 753, 
110, 750, 758, 759, 758, 753, 755, 763, 755, 
111, 753, 758, 763, 758, 757, 755, 766, 760, 
112, 760, 759, 764, 758, 759, 759, 763, 764, 
113, 760, 760, 764, 759, 759, 761, 766, 763, 
114, 763, 761, 765, 759, 760, 763, 769, 762, 
115, 761, 762, 766, 762, 762, 766, 768, 763, 
116, 766, 762, 767, 763, 763, 766, 769, 764, 
117, 766, 769, 766, 763, 765, 766, 771, 764, 
118, 766, 769, 768, 765, 767, 767, 771, 770, 
119, 768, 766, 768, 768, 770, 769, 774, 773, 
120, 768, 769, 769, 768, 771, 769, 774, 771, 
121, 769, 773, 770, 772, 771, 772, 776, 773, 
122, 770, 777, 770, 772, 773, 773, 776, 773, 
123, 772, 781, 773, 774, 773, 773, 777, 775, 
124, 776, 780, 778, 777, 778, 773, 778, 778, 
125, 774, 784, 778, 777, 777, 777, 780, 784, 
126, 780, 783, 778, 778, 779, 778, 779, 783, 
127, 781, 783, 780, 779, 781, 780, 781, 783, 
128, 782, 783, 783, 780, 781, 782, 783, 786, 
129, 783, 785, 783, 783, 782, 784, 783, 786, 
130, 785, 785, 782, 785, 784, 785, 785, 786, 
131, 786, 789, 784, 786, 786, 785, 786, 787, 
132, 785, 790, 784, 785, 787, 786, 787, 786, 
133, 789, 790, 785, 786, 789, 786, 789, 788, 
134, 788, 792, 787, 787, 790, 789, 791, 788, 
135, 790, 793, 787, 788, 791, 789, 792, 789, 
136, 791, 793, 790, 790, 791, 790, 793, 793, 
137, 794, 793, 792, 790, 792, 791, 794, 791, 
138, 794, 793, 794, 791, 792, 794, 796, 793, 
139, 795, 796, 794, 792, 792, 794, 797, 794, 
140, 794, 796, 797, 793, 793, 795, 798, 796, 
141, 798, 798, 797, 795, 794, 795, 799, 796, 
142, 799, 800, 800, 800, 799, 796, 799, 800, 
143, 801, 800, 800, 800, 798, 797, 799, 800, 
144, 802, 802, 801, 802, 798, 800, 799, 802, 
145, 803, 803, 801, 802, 804, 798, 800, 802, 
146, 804, 804, 803, 802, 805, 802, 804, 802, 
147, 805, 804, 806, 805, 805, 804, 805, 803, 
148, 809, 805, 805, 807, 806, 804, 805, 805, 
149, 809, 805, 808, 812, 806, 805, 806, 806, 
150, 810, 805, 809, 812, 807, 807, 809, 807, 
151, 812, 805, 810, 814, 809, 812, 809, 809, 
152, 811, 811, 810, 814, 810, 817, 809, 810, 
153, 815, 811, 811, 814, 811, 817, 810, 812, 
154, 816, 811, 811, 815, 812, 819, 815, 812, 
155, 818, 817, 811, 816, 814, 818, 817, 812, 
156, 819, 816, 813, 816, 814, 819, 818, 817, 
157, 818, 812, 819, 817, 817, 818, 822, 818, 
158, 821, 816, 823, 817, 818, 820, 825, 818, 
159, 819, 818, 824, 819, 821, 821, 825, 818, 
160, 819, 822, 824, 820, 821, 821, 824, 818, 
161, 822, 820, 825, 820, 824, 822, 825, 818, 
162, 823, 824, 827, 821, 824, 822, 825, 821, 
163, 823, 825, 826, 823, 823, 824, 826, 822, 
164, 825, 825, 827, 824, 823, 824, 826, 826, 
165, 826, 826, 828, 826, 824, 824, 826, 825, 
166, 827, 827, 829, 826, 824, 828, 826, 826, 
167, 827, 829, 829, 830, 827, 828, 827, 825, 
168, 828, 830, 829, 832, 828, 830, 827, 829, 
169, 830, 829, 830, 833, 829, 830, 827, 832, 
170, 831, 830, 830, 836, 830, 832, 832, 832, 
171, 833, 831, 831, 836, 830, 834, 832, 832, 
172, 834, 831, 833, 836, 831, 835, 832, 834, 
173, 835, 831, 831, 837, 833, 835, 833, 834, 
174, 836, 832, 834, 837, 834, 836, 834, 837, 
175, 836, 833, 835, 838, 835, 837, 834, 837, 
176, 837, 834, 836, 838, 837, 837, 836, 839, 
177, 838, 837, 836, 838, 838, 839, 835, 841, 
178, 838, 838, 839, 840, 842, 839, 837, 840, 
179, 840, 839, 842, 840, 842, 840, 838, 842, 
180, 841, 841, 843, 841, 842, 839, 843, 844, 
181, 844, 842, 841, 842, 842, 840, 843, 844, 
182, 845, 843, 844, 841, 843, 840, 847, 845, 
183, 845, 847, 846, 847, 843, 841, 847, 846, 
184, 845, 846, 846, 847, 843, 843, 848, 846, 
185, 846, 846, 848, 846, 843, 843, 848, 847, 
186, 847, 847, 847, 847, 845, 845, 848, 847, 
187, 848, 847, 848, 848, 846, 845, 848, 849, 
188, 848, 849, 847, 849, 849, 845, 850, 850, 
189, 850, 849, 849, 849, 850, 846, 850, 851, 
190, 852, 849, 849, 849, 850, 847, 851, 852, 
191, 853, 850, 850, 849, 851, 848, 854, 853, 
192, 853, 850, 849, 850, 851, 852, 854, 854, 
193, 855, 852, 851, 852, 851, 851, 854, 855, 
194, 857, 854, 851, 854, 856, 851, 855, 856, 
195, 858, 855, 853, 856, 855, 853, 856, 856, 
196, 858, 856, 855, 856, 856, 854, 855, 858, 
197, 857, 857, 858, 856, 856, 854, 859, 859, 
198, 857, 857, 858, 857, 855, 855, 860, 861, 
199, 857, 858, 860, 858, 857, 856, 861, 863, 
200, 862, 858, 859, 859, 858, 857, 860, 861, 
201, 862, 861, 859, 859, 859, 861, 861, 861, 
202, 862, 863, 859, 860, 861, 862, 863, 862, 
203, 862, 863, 859, 860, 861, 864, 862, 862, 
204, 861, 862, 860, 861, 861, 863, 863, 863, 
205, 862, 863, 862, 862, 862, 863, 863, 863, 
206, 864, 865, 862, 862, 863, 865, 863, 864, 
207, 864, 863, 862, 862, 865, 865, 862, 864, 
208, 866, 863, 866, 863, 866, 868, 862, 866, 
209, 868, 863, 867, 863, 869, 870, 863, 867, 
210, 868, 865, 868, 864, 867, 871, 864, 867, 
211, 872, 866, 866, 865, 868, 869, 864, 867, 
212, 870, 867, 867, 866, 870, 870, 864, 868, 
213, 871, 868, 867, 866, 871, 871, 867, 869, 
214, 872, 868, 867, 867, 871, 870, 867, 868, 
215, 873, 870, 869, 869, 873, 870, 869, 869, 
216, 872, 871, 872, 869, 874, 872, 871, 869, 
217, 873, 871, 872, 875, 874, 874, 873, 869, 
218, 874, 873, 873, 875, 874, 875, 873, 871, 
219, 874, 875, 873, 875, 875, 875, 874, 870, 
220, 875, 874, 873, 874, 876, 876, 874, 870, 
221, 876, 874, 876, 875, 876, 876, 874, 873, 
222, 876, 877, 874, 878, 876, 876, 875, 873, 
223, 875, 878, 874, 879, 877, 877, 876, 873, 
224, 881, 881, 874, 880, 878, 878, 879, 875, 
225, 881, 882, 877, 880, 877, 879, 879, 875, 
226, 884, 879, 879, 880, 878, 879, 880, 878, 
227, 885, 879, 883, 879, 881, 878, 879, 880, 
228, 885, 880, 882, 879, 881, 881, 880, 881, 
229, 884, 883, 883, 880, 885, 883, 882, 883, 
230, 885, 884, 884, 880, 887, 882, 883, 890, 
231, 887, 886, 889, 884, 890, 883, 885, 889, 
232, 888, 887, 890, 884, 891, 884, 887, 890, 
233, 890, 886, 892, 884, 889, 892, 888, 893, 
234, 895, 889, 891, 887, 889, 890, 890, 895, 
235, 893, 891, 893, 888, 890, 892, 892, 896, 
236, 896, 893, 894, 888, 890, 892, 893, 895, 
237, 895, 893, 893, 890, 893, 892, 895, 897, 
238, 896, 897, 893, 892, 892, 892, 895, 899, 
239, 895, 896, 894, 894, 894, 893, 895, 899, 
240, 896, 897, 893, 894, 895, 893, 897, 901, 
241, 896, 897, 894, 897, 896, 893, 899, 900, 
242, 897, 898, 898, 898, 897, 894, 898, 900, 
243, 899, 899, 898, 898, 897, 897, 899, 900, 
244, 899, 901, 898, 899, 897, 900, 899, 902, 
245, 900, 901, 899, 899, 900, 900, 899, 901, 
246, 901, 901, 901, 900, 901, 900, 900, 903, 
247, 901, 900, 901, 900, 900, 900, 900, 903, 
248, 901, 903, 901, 900, 900, 900, 902, 903, 
249, 900, 903, 904, 903, 902, 900, 903, 904, 
250, 902, 903, 904, 904, 903, 900, 902, 905, 
251, 903, 903, 905, 904, 903, 900, 903, 904, 
252, 901, 904, 905, 904, 903, 902, 906, 905, 
253, 903, 905, 907, 906, 904, 900, 906, 905, 
254, 906, 904, 907, 906, 904, 904, 908, 906, 
255, 904, 905, 907, 906, 904, 904, 908, 907, 
256, 905, 905, 908, 906, 905, 904, 909, 907, 
257, 909, 904, 909, 907, 905, 905, 910, 907, 
258, 909, 904, 908, 907, 907, 908, 911, 907, 
259, 909, 905, 909, 908, 909, 909, 911, 907, 
260, 909, 906, 910, 907, 908, 909, 912, 907, 
261, 909, 907, 913, 908, 909, 907, 912, 908, 
262, 910, 909, 913, 908, 911, 910, 912, 908, 
263, 910, 908, 913, 908, 913, 913, 912, 911, 
264, 910, 909, 913, 909, 913, 913, 912, 909, 
265, 911, 911, 913, 910, 914, 913, 912, 911, 
266, 912, 914, 913, 916, 916, 915, 913, 913, 
267, 915, 915, 913, 911, 916, 916, 913, 914, 
268, 915, 914, 913, 912, 916, 916, 913, 914, 
269, 915, 915, 913, 912, 916, 917, 914, 914, 
270, 916, 915, 914, 913, 917, 917, 918, 915, 
271, 916, 916, 917, 912, 918, 918, 919, 915, 
272, 916, 916, 916, 913, 918, 919, 918, 918, 
273, 916, 917, 916, 913, 918, 919, 918, 919, 
274, 916, 918, 918, 917, 918, 920, 918, 919, 
275, 917, 917, 919, 918, 919, 920, 919, 920, 
276, 918, 918, 920, 918, 919, 921, 920, 920, 
277, 918, 920, 920, 921, 919, 921, 918, 920, 
278, 919, 920, 922, 920, 919, 920, 918, 919, 
279, 922, 920, 921, 920, 918, 920, 920, 921, 
280, 923, 922, 923, 920, 920, 921, 920, 922, 
281, 923, 920, 923, 921, 919, 922, 921, 921, 
282, 925, 921, 923, 922, 921, 923, 922, 921, 
283, 927, 921, 923, 922, 922, 924, 927, 922, 
284, 927, 921, 923, 927, 922, 924, 927, 922, 
285, 930, 921, 923, 928, 926, 925, 925, 923, 
286, 931, 923, 925, 933, 923, 926, 925, 926, 
287, 931, 924, 925, 928, 923, 928, 925, 926, 
288, 931, 925, 927, 931, 926, 928, 927, 925, 
289, 932, 926, 929, 931, 931, 929, 927, 926, 
290, 931, 928, 929, 931, 925, 929, 929, 927, 
291, 930, 928, 933, 930, 933, 932, 928, 928, 
292, 931, 928, 931, 930, 934, 934, 929, 933, 
293, 932, 932, 932, 930, 931, 934, 930, 932, 
294, 933, 933, 933, 930, 932, 935, 931, 933, 
295, 935, 932, 931, 931, 934, 935, 933, 935, 
296, 934, 935, 932, 931, 934, 936, 933, 934, 
297, 936, 933, 931, 935, 935, 936, 935, 934, 
298, 937, 934, 932, 937, 935, 936, 936, 935, 
299, 936, 936, 933, 937, 936, 936, 934, 936, 
300, 936, 937, 934, 937, 936, 936, 934, 935, 
301, 939, 940, 934, 938, 935, 937, 938, 936, 
302, 939, 941, 934, 937, 938, 938, 939, 936, 
303, 939, 941, 935, 937, 938, 939, 939, 937, 
304, 939, 940, 938, 938, 939, 941, 939, 938, 
305, 939, 939, 938, 942, 940, 942, 940, 938, 
306, 938, 940, 939, 940, 941, 941, 939, 939, 
307, 939, 940, 940, 943, 940, 944, 939, 940, 
308, 942, 941, 941, 943, 942, 944, 940, 943, 
309, 940, 941, 942, 944, 942, 944, 941, 942, 
310, 941, 942, 943, 945, 943, 946, 945, 942, 
311, 941, 941, 944, 944, 945, 944, 945, 943, 
312, 941, 943, 943, 944, 946, 944, 947, 943, 
313, 942, 944, 946, 944, 947, 944, 946, 943, 
314, 944, 945, 946, 945, 948, 947, 949, 948, 
315, 945, 946, 946, 945, 948, 947, 949, 948, 
316, 945, 947, 945, 945, 949, 947, 949, 947, 
317, 945, 947, 945, 945, 950, 947, 950, 950, 
318, 945, 947, 946, 946, 952, 947, 950, 951, 
319, 945, 946, 947, 947, 955, 949, 951, 953, 
320, 947, 947, 949, 949, 955, 951, 951, 954, 
321, 950, 947, 948, 950, 955, 952, 950, 954, 
322, 949, 948, 950, 949, 955, 953, 951, 954, 
323, 953, 947, 950, 950, 955, 953, 951, 954, 
324, 952, 949, 951, 952, 956, 955, 951, 954, 
325, 952, 954, 951, 951, 955, 954, 952, 954, 
326, 953, 953, 955, 952, 956, 954, 952, 954, 
327, 953, 954, 958, 953, 956, 954, 954, 954, 
328, 955, 954, 959, 954, 956, 955, 954, 954, 
329, 956, 954, 957, 954, 956, 955, 957, 954, 
330, 957, 956, 958, 953, 956, 954, 958, 955, 
331, 956, 957, 959, 954, 956, 955, 958, 956, 
332, 957, 957, 959, 954, 957, 954, 959, 956, 
333, 957, 957, 959, 956, 957, 955, 959, 956, 
334, 959, 957, 959, 956, 957, 955, 959, 956, 
335, 959, 957, 960, 957, 958, 956, 959, 959, 
336, 960, 957, 961, 957, 961, 958, 958, 959, 
337, 961, 958, 961, 957, 960, 958, 958, 959, 
338, 962, 958, 960, 958, 961, 958, 959, 961, 
339, 961, 958, 961, 959, 963, 962, 960, 959, 
340, 961, 959, 961, 959, 962, 964, 961, 959, 
341, 961, 964, 961, 960, 962, 963, 960, 960, 
342, 961, 963, 960, 960, 963, 963, 961, 962, 
343, 962, 966, 961, 961, 964, 963, 962, 963, 
344, 966, 966, 962, 961, 963, 965, 964, 963, 
345, 965, 966, 966, 961, 963, 966, 964, 963, 
346, 965, 967, 963, 964, 963, 965, 964, 963, 
347, 966, 967, 965, 963, 965, 964, 964, 963, 
348, 965, 968, 966, 963, 965, 965, 964, 965, 
349, 966, 967, 966, 964, 967, 966, 965, 965, 
350, 965, 967, 966, 965, 966, 967, 966, 965, 
351, 966, 967, 967, 965, 967, 967, 968, 965, 
352, 965, 967, 968, 966, 967, 967, 965, 965, 
353, 966, 970, 968, 966, 967, 967, 967, 968, 
354, 966, 969, 968, 966, 968, 967, 967, 966, 
355, 968, 970, 969, 967, 968, 967, 966, 966, 
356, 968, 969, 970, 970, 968, 967, 966, 966, 
357, 970, 970, 970, 969, 968, 970, 968, 969, 
358, 970, 970, 970, 969, 968, 970, 968, 970, 
359, 970, 971, 970, 969, 968, 971, 968, 972, 
360, 969, 970, 970, 969, 969, 974, 969, 972, 
361, 970, 971, 970, 971, 970, 973, 969, 973, 
362, 970, 971, 969, 970, 971, 973, 971, 973, 
363, 970, 973, 970, 971, 971, 973, 970, 972, 
364, 970, 973, 970, 971, 971, 974, 971, 973, 
365, 970, 973, 970, 971, 972, 973, 973, 973, 
366, 971, 972, 971, 973, 974, 975, 973, 974, 
367, 972, 973, 971, 972, 974, 976, 974, 974, 
368, 971, 974, 972, 972, 974, 975, 973, 974, 
369, 971, 974, 974, 972, 974, 975, 974, 975, 
370, 973, 975, 974, 973, 974, 976, 975, 975, 
371, 974, 975, 975, 974, 974, 978, 973, 975, 
372, 973, 976, 975, 975, 975, 978, 973, 974, 
373, 974, 976, 976, 974, 974, 977, 973, 974, 
374, 976, 976, 976, 975, 975, 977, 973, 974, 
375, 976, 976, 978, 975, 975, 977, 973, 974, 
376, 976, 978, 979, 975, 975, 977, 976, 974, 
377, 976, 978, 979, 978, 975, 978, 975, 974, 
378, 977, 977, 979, 978, 976, 977, 976, 974, 
379, 977, 977, 979, 979, 976, 978, 977, 975, 
380, 977, 978, 979, 979, 977, 978, 977, 975, 
381, 977, 978, 978, 978, 977, 979, 978, 978, 
382, 978, 978, 978, 979, 977, 980, 979, 977, 
383, 978, 978, 978, 980, 977, 979, 979, 977, 
384, 978, 979, 978, 979, 976, 978, 978, 977, 
385, 978, 980, 978, 979, 977, 980, 978, 978, 
386, 978, 979, 977, 980, 977, 980, 979, 978, 
387, 978, 980, 977, 980, 978, 980, 978, 980, 
388, 979, 981, 977, 980, 980, 980, 978, 979, 
389, 979, 980, 978, 981, 980, 980, 981, 979, 
390, 979, 981, 979, 981, 981, 980, 981, 981, 
391, 981, 983, 981, 982, 980, 979, 981, 981, 
392, 981, 982, 981, 981, 981, 980, 982, 981, 
393, 981, 982, 983, 980, 981, 980, 982, 983, 
394, 981, 983, 982, 980, 981, 980, 983, 984, 
395, 981, 984, 982, 983, 981, 982, 984, 984, 
396, 981, 984, 981, 982, 980, 982, 983, 984, 
397, 982, 984, 983, 983, 981, 982, 985, 987, 
398, 982, 984, 986, 984, 982, 984, 985, 986, 
399, 983, 984, 986, 983, 982, 984, 985, 986, 
400, 983, 984, 986, 984, 984, 984, 984, 986, 
401, 983, 984, 985, 984, 985, 984, 986, 986, 
402, 983, 985, 987, 984, 985, 984, 987, 985, 
403, 983, 985, 986, 985, 985, 984, 988, 986, 
404, 986, 986, 986, 985, 984, 985, 988, 986, 
405, 987, 986, 986, 986, 985, 985, 989, 987, 
406, 987, 986, 987, 986, 986, 989, 990, 987, 
407, 987, 987, 989, 986, 986, 988, 990, 987, 
408, 988, 987, 988, 986, 986, 988, 990, 987, 
409, 989, 989, 988, 986, 987, 988, 990, 986, 
410, 989, 989, 990, 987, 988, 988, 990, 987, 
411, 990, 989, 989, 987, 990, 989, 990, 988, 
412, 991, 989, 990, 988, 990, 989, 990, 988, 
413, 991, 989, 990, 989, 990, 990, 991, 989, 
414, 990, 990, 988, 989, 991, 991, 989, 989, 
415, 990, 993, 990, 989, 991, 991, 991, 989, 
416, 991, 993, 991, 992, 992, 991, 991, 988, 
417, 990, 991, 991, 991, 992, 992, 992, 990, 
418, 991, 991, 991, 994, 992, 992, 992, 989, 
419, 992, 992, 991, 992, 992, 992, 991, 990, 
420, 992, 992, 992, 995, 993, 992, 991, 992, 
421, 992, 992, 993, 995, 993, 992, 992, 991, 
422, 992, 992, 992, 995, 994, 992, 991, 992, 
423, 992, 992, 994, 995, 993, 992, 992, 991, 
424, 993, 992, 994, 995, 995, 992, 992, 992, 
425, 993, 994, 994, 995, 992, 992, 992, 993, 
426, 992, 994, 994, 996, 992, 995, 992, 993, 
427, 992, 995, 994, 996, 992, 996, 992, 992, 
428, 992, 995, 994, 996, 994, 997, 992, 994, 
429, 993, 994, 994, 995, 993, 995, 993, 994, 
430, 993, 994, 993, 996, 993, 995, 993, 994, 
431, 996, 994, 993, 995, 993, 997, 994, 994, 
432, 995, 994, 993, 996, 993, 996, 995, 994, 
433, 995, 997, 995, 997, 994, 997, 995, 994, 
434, 996, 997, 994, 995, 995, 998, 997, 995, 
435, 997, 996, 994, 995, 995, 998, 997, 995, 
436, 997, 999, 996, 995, 995, 999, 997, 995, 
437, 997, 1000, 996, 996, 995, 1001, 997, 1001, 
438, 997, 1000, 995, 996, 995, 1000, 1000, 1000, 
439, 998, 1000, 997, 997, 998, 1000, 1000, 1000, 
440, 998, 1000, 1000, 997, 998, 1000, 998, 999, 
441, 999, 1000, 1000, 997, 999, 1000, 999, 999, 
442, 999, 1000, 1000, 997, 999, 1001, 998, 999, 
443, 998, 1000, 1000, 998, 999, 1000, 998, 999, 
444, 999, 1000, 1000, 999, 999, 1000, 999, 999, 
445, 998, 1000, 1000, 999, 998, 1000, 998, 999, 
446, 999, 999, 1000, 999, 998, 1002, 999, 999, 
447, 999, 1000, 1000, 999, 998, 1002, 999, 1000, 
448, 999, 1000, 1001, 1000, 998, 1002, 1000, 1000, 
449, 999, 1002, 1001, 1000, 999, 1002, 1000, 1000, 
450, 999, 1002, 1001, 1000, 999, 1002, 1000, 999, 
451, 1001, 1001, 1001, 1000, 1000, 1002, 1001, 999, 
452, 1001, 1001, 1001, 1000, 1000, 1002, 1002, 1000, 
453, 1002, 1001, 1000, 1000, 1001, 1002, 1001, 1000, 
454, 1002, 1001, 1002, 1001, 1001, 1002, 1002, 1000, 
455, 1002, 1001, 1002, 1001, 1001, 1003, 1002, 1000, 
456, 1001, 1000, 1001, 1001, 1001, 1004, 1002, 1001, 
457, 1004, 1002, 1000, 1002, 1001, 1004, 1002, 1001, 
458, 1004, 1001, 1000, 1003, 1001, 1004, 1002, 1002, 
459, 1004, 1002, 1003, 1003, 1001, 1004, 1003, 1002, 
460, 1004, 1002, 1003, 1002, 1001, 1005, 1003, 1002, 
461, 1004, 1002, 1002, 1002, 1004, 1005, 1004, 1004, 
462, 1004, 1003, 1002, 1003, 1004, 1005, 1003, 1004, 
463, 1004, 1003, 1002, 1004, 1004, 1005, 1003, 1004, 
464, 1004, 1003, 1002, 1004, 1003, 1005, 1004, 1004, 
465, 1004, 1003, 1004, 1004, 1002, 1005, 1005, 1005, 
466, 1004, 1003, 1004, 1005, 1003, 1005, 1005, 1005, 
467, 1005, 1004, 1005, 1003, 1003, 1005, 1005, 1003, 
468, 1004, 1004, 1005, 1003, 1003, 1004, 1006, 1004, 
469, 1005, 1004, 1005, 1003, 1005, 1004, 1007, 1005, 
470, 1005, 1004, 1005, 1003, 1005, 1004, 1006, 1005, 
471, 1005, 1004, 1005, 1004, 1005, 1005, 1006, 1005, 
472, 1005, 1004, 1005, 1005, 1005, 1005, 1006, 1004, 
473, 1006, 1005, 1005, 1006, 1005, 1005, 1006, 1004, 
474, 1006, 1005, 1005, 1005, 1006, 1006, 1006, 1004, 
475, 1006, 1004, 1005, 1005, 1006, 1006, 1006, 1005, 
476, 1008, 1005, 1005, 1006, 1006, 1005, 1006, 1005, 
477, 1007, 1005, 1005, 1006, 1006, 1006, 1006, 1005, 
478, 1006, 1006, 1004, 1006, 1005, 1005, 1006, 1005, 
479, 1007, 1006, 1004, 1006, 1006, 1005, 1006, 1005, 
480, 1007, 1006, 1004, 1006, 1007, 1006, 1006, 1005, 
481, 1007, 1007, 1004, 1007, 1007, 1006, 1007, 1004, 
482, 1008, 1007, 1004, 1007, 1007, 1006, 1007, 1006, 
483, 1007, 1006, 1004, 1007, 1007, 1005, 1006, 1007, 
484, 1007, 1006, 1005, 1007, 1007, 1006, 1006, 1006, 
485, 1007, 1007, 1005, 1007, 1007, 1005, 1006, 1006, 
486, 1007, 1007, 1005, 1007, 1006, 1006, 1006, 1006, 
487, 1008, 1006, 1005, 1007, 1005, 1006, 1007, 1007, 
488, 1010, 1007, 1005, 1007, 1007, 1006, 1006, 1006, 
489, 1009, 1007, 1006, 1007, 1008, 1006, 1006, 1007, 
490, 1009, 1007, 1007, 1007, 1007, 1006, 1007, 1007, 
491, 1009, 1007, 1007, 1007, 1009, 1007, 1008, 1009, 
492, 1009, 1007, 1007, 1006, 1009, 1007, 1008, 1009, 
493, 1010, 1007, 1007, 1007, 1010, 1007, 1008, 1009, 
494, 1010, 1007, 1007, 1006, 1010, 1007, 1008, 1009, 
495, 1010, 1007, 1008, 1007, 1010, 1008, 1008, 1009, 
496, 1010, 1008, 1009, 1007, 1010, 1008, 1009, 1009, 
497, 1010, 1009, 1008, 1007, 1010, 1008, 1010, 1009, 
498, 1010, 1007, 1008, 1008, 1010, 1008, 1008, 1009, 
499, 1011, 1009, 1007, 1009, 1011, 1008, 1008, 1009, 
500, 1011, 1009, 1008, 1008, 1011, 1007, 1010, 1009, 
501, 1011, 1009, 1008, 1009, 1011, 1008, 1009, 1009, 
502, 1011, 1008, 1011, 1009, 1011, 1011, 1010, 1009, 
503, 1011, 1007, 1010, 1011, 1011, 1010, 1009, 1009, 
504, 1011, 1007, 1011, 1011, 1011, 1011, 1009, 1010, 
505, 1011, 1009, 1011, 1011, 1011, 1010, 1009, 1010, 
506, 1011, 1008, 1012, 1009, 1012, 1010, 1009, 1010, 
507, 1011, 1009, 1011, 1012, 1012, 1010, 1009, 1010, 
508, 1011, 1009, 1012, 1011, 1012, 1010, 1010, 1010, 
509, 1011, 1009, 1012, 1013, 1011, 1011, 1010, 1010, 
510, 1011, 1009, 1011, 1012, 1012, 1011, 1011, 1011, 
511, 1011, 1010, 1012, 1012, 1012, 1011, 1011, 1011, 
512, 1011, 1011, 1012, 1013, 1012, 1011, 1011, 1012, 
513, 1011, 1012, 1011, 1013, 1012, 1011, 1011, 1011, 
514, 1011, 1012, 1011, 1012, 1012, 1012, 1011, 1012, 
515, 1011, 1012, 1011, 1012, 1012, 1011, 1011, 1012, 
516, 1011, 1012, 1011, 1012, 1013, 1011, 1011, 1012, 
517, 1011, 1012, 1011, 1012, 1013, 1011, 1012, 1013, 
518, 1012, 1011, 1011, 1013, 1013, 1012, 1012, 1013, 
519, 1012, 1012, 1012, 1013, 1013, 1013, 1013, 1013, 
520, 1013, 1012, 1011, 1013, 1013, 1012, 1013, 1013, 
521, 1013, 1012, 1011, 1015, 1014, 1013, 1012, 1013, 
522, 1014, 1012, 1012, 1015, 1014, 1013, 1013, 1013, 
523, 1013, 1012, 1011, 1014, 1014, 1013, 1013, 1013, 
524, 1013, 1014, 1012, 1015, 1014, 1013, 1013, 1013, 
525, 1013, 1013, 1014, 1014, 1014, 1013, 1014, 1013, 
526, 1013, 1013, 1016, 1014, 1014, 1014, 1013, 1013, 
527, 1012, 1013, 1016, 1015, 1014, 1013, 1015, 1013, 
528, 1013, 1012, 1015, 1014, 1014, 1013, 1015, 1014, 
529, 1013, 1012, 1016, 1015, 1014, 1013, 1014, 1014, 
530, 1013, 1013, 1016, 1014, 1014, 1015, 1015, 1014, 
531, 1014, 1012, 1016, 1015, 1015, 1014, 1016, 1013, 
532, 1015, 1014, 1016, 1014, 1015, 1015, 1015, 1014, 
533, 1015, 1014, 1016, 1014, 1016, 1015, 1015, 1014, 
534, 1015, 1013, 1016, 1014, 1017, 1014, 1016, 1014, 
535, 1012, 1013, 1016, 1013, 1017, 1014, 1016, 1014, 
536, 1016, 1013, 1016, 1014, 1017, 1015, 1015, 1014, 
537, 1015, 1014, 1016, 1014, 1017, 1015, 1016, 1015, 
538, 1016, 1014, 1016, 1014, 1017, 1015, 1015, 1015, 
539, 1015, 1015, 1016, 1015, 1017, 1015, 1015, 1016, 
540, 1017, 1015, 1016, 1014, 1017, 1015, 1016, 1015, 
541, 1017, 1015, 1015, 1016, 1016, 1015, 1016, 1015, 
542, 1017, 1016, 1016, 1016, 1017, 1015, 1015, 1014, 
543, 1017, 1016, 1016, 1016, 1017, 1015, 1016, 1015, 
544, 1017, 1016, 1016, 1015, 1017, 1016, 1016, 1015, 
545, 1017, 1016, 1016, 1016, 1017, 1015, 1016, 1017, 
546, 1017, 1016, 1016, 1016, 1017, 1015, 1016, 1018, 
547, 1017, 1016, 1016, 1016, 1017, 1016, 1016, 1016, 
548, 1016, 1016, 1015, 1016, 1018, 1016, 1016, 1015, 
549, 1016, 1016, 1015, 1016, 1018, 1016, 1016, 1016, 
550, 1016, 1016, 1016, 1016, 1018, 1016, 1016, 1016, 
551, 1016, 1016, 1016, 1017, 1018, 1016, 1017, 1016, 
552, 1016, 1016, 1016, 1016, 1017, 1016, 1017, 1016, 
553, 1017, 1016, 1016, 1016, 1018, 1017, 1017, 1016, 
554, 1017, 1017, 1016, 1017, 1017, 1017, 1018, 1016, 
555, 1017, 1017, 1016, 1018, 1017, 1017, 1018, 1016, 
556, 1017, 1017, 1016, 1018, 1019, 1016, 1019, 1017, 
557, 1017, 1017, 1019, 1017, 1019, 1016, 1018, 1017, 
558, 1017, 1017, 1017, 1017, 1018, 1016, 1018, 1017, 
559, 1017, 1019, 1019, 1017, 1018, 1016, 1018, 1017, 
560, 1017, 1018, 1017, 1018, 1019, 1017, 1019, 1017, 
561, 1017, 1018, 1017, 1018, 1018, 1016, 1019, 1017, 
562, 1017, 1018, 1017, 1018, 1018, 1016, 1018, 1017, 
563, 1017, 1018, 1019, 1018, 1017, 1016, 1018, 1017, 
564, 1017, 1018, 1019, 1019, 1017, 1017, 1018, 1017, 
565, 1017, 1018, 1019, 1020, 1017, 1019, 1017, 1018, 
566, 1016, 1019, 1019, 1020, 1019, 1018, 1017, 1019, 
567, 1016, 1021, 1019, 1020, 1019, 1018, 1018, 1018, 
568, 1017, 1021, 1020, 1020, 1019, 1017, 1018, 1019, 
569, 1018, 1021, 1019, 1020, 1019, 1020, 1018, 1020, 
570, 1019, 1020, 1020, 1020, 1019, 1021, 1018, 1021, 
571, 1018, 1019, 1020, 1020, 1019, 1021, 1018, 1021, 
572, 1020, 1021, 1020, 1020, 1020, 1021, 1019, 1021, 
573, 1020, 1020, 1020, 1020, 1020, 1021, 1020, 1021, 
574, 1020, 1020, 1020, 1020, 1020, 1021, 1020, 1021, 
575, 1022, 1022, 1020, 1020, 1020, 1021, 1020, 1021, 
576, 1021, 1022, 1020, 1020, 1020, 1021, 1019, 1021, 
577, 1022, 1023, 1020, 1021, 1019, 1021, 1019, 1021, 
578, 1021, 1023, 1022, 1022, 1020, 1021, 1020, 1020, 
579, 1021, 1023, 1021, 1022, 1020, 1021, 1020, 1020, 
580, 1021, 1023, 1021, 1022, 1022, 1021, 1021, 1020, 
581, 1021, 1023, 1022, 1023, 1022, 1022, 1021, 1020, 
582, 1021, 1023, 1021, 1023, 1022, 1022, 1022, 1021, 
583, 1021, 1023, 1021, 1023, 1022, 1022, 1021, 1021, 
584, 1021, 1023, 1022, 1023, 1022, 1023, 1021, 1021, 
585, 1020, 1023, 1022, 1023, 1022, 1023, 1021, 1021, 
586, 1022, 1023, 1021, 1023, 1022, 1022, 1022, 1020, 
587, 1022, 1023, 1021, 1023, 1022, 1023, 1023, 1021, 
588, 1022, 1022, 1021, 1023, 1021, 1023, 1023, 1021, 
589, 1022, 1023, 1021, 1023, 1022, 1023, 1023, 1020, 
590, 1023, 1023, 1021, 1022, 1022, 1023, 1023, 1021, 
591, 1022, 1023, 1020, 1022, 1022, 1023, 1023, 1022, 
592, 1022, 1023, 1021, 1023, 1023, 1023, 1023, 1022, 
593, 1022, 1023, 1022, 1023, 1022, 1023, 1023, 1022, 
594, 1022, 1023, 1021, 1022, 1022, 1023, 1023, 1022, 
595, 1021, 1023, 1021, 1022, 1022, 1023, 1023, 1022, 
596, 1022, 1023, 1021, 1022, 1022, 1023, 1023, 1022, 
597, 1022, 1023, 1021, 1022, 1022, 1023, 1023, 1022, 
598, 1022, 1023, 1022, 1022, 1023, 1022, 1023, 1023, 
599, 1022, 1023, 1022, 1022, 1022, 1022, 1023, 1023, 
600, 1023, 1023, 1022, 1023, 1022, 1022, 1023, 1023, 
601, 1023, 1023, 1021, 1022, 1022, 1023, 1022, 1023, 
602, 1023, 1023, 1022, 1022, 1022, 1023, 1023, 1023, 
603, 1023, 1023, 1022, 1022, 1023, 1023, 1023, 1023, 
604, 1022, 1023, 1020, 1022, 1023, 1023, 1022, 1023, 
605, 1022, 1022, 1022, 1021, 1024, 1022, 1022, 1022, 
