Runtime (microseconds), 19237
Generation, Fitness Island 0, Fitness Island 1, Fitness Island 2, Fitness Island 3, Fitness Island 4, Fitness Island 5, Fitness Island 6, Fitness Island 7
0, 38, 39, 39, 38, 43, 39, 37, 39, 
1, 39, 41, 40, 43, 42, 42, 40, 38, 
2, 42, 42, 40, 44, 43, 44, 40, 39, 
3, 43, 44, 41, 45, 45, 45, 42, 40, 
4, 44, 48, 44, 47, 48, 45, 43, 42, 
5, 44, 47, 45, 48, 49, 45, 46, 44, 
6, 46, 50, 46, 49, 49, 46, 46, 45, 
7, 48, 50, 47, 50, 49, 47, 48, 46, 
8, 48, 50, 48, 50, 49, 48, 49, 47, 
9, 51, 50, 50, 52, 50, 49, 49, 48, 
10, 50, 52, 51, 54, 52, 50, 55, 50, 
11, 51, 52, 53, 55, 52, 51, 51, 49, 
12, 51, 52, 54, 56, 53, 53, 52, 50, 
13, 53, 54, 54, 54, 53, 52, 53, 51, 
14, 53, 54, 54, 55, 55, 55, 54, 51, 
15, 55, 55, 54, 55, 56, 57, 54, 52, 
16, 54, 56, 56, 57, 55, 57, 57, 54, 
17, 55, 58, 56, 58, 55, 57, 56, 56, 
18, 55, 57, 57, 57, 56, 57, 57, 57, 
19, 57, 58, 57, 57, 57, 59, 59, 59, 
20, 56, 59, 57, 58, 56, 59, 58, 58, 
21, 56, 59, 58, 58, 57, 60, 58, 58, 
22, 58, 59, 59, 59, 57, 60, 60, 59, 
23, 57, 59, 59, 60, 57, 61, 61, 59, 
24, 59, 59, 58, 60, 61, 60, 62, 59, 
25, 58, 60, 58, 61, 60, 60, 61, 59, 
26, 60, 60, 58, 61, 61, 61, 62, 59, 
27, 60, 60, 58, 62, 62, 62, 61, 61, 
28, 60, 61, 61, 62, 62, 62, 62, 60, 
29, 60, 61, 61, 62, 62, 62, 62, 60, 
30, 61, 61, 64, 63, 64, 62, 62, 61, 
