Runtime (microseconds), 14345
Generation, Fitness Island 0, Fitness Island 1, Fitness Island 2, Fitness Island 3, Fitness Island 4, Fitness Island 5, Fitness Island 6, Fitness Island 7
0, 20, 20, 22, 25, 21, 21, 20, 21, 
1, 22, 22, 24, 26, 22, 24, 20, 22, 
2, 22, 24, 24, 28, 22, 24, 22, 22, 
3, 25, 27, 23, 29, 23, 25, 24, 24, 
4, 27, 26, 25, 29, 24, 27, 24, 24, 
5, 27, 29, 26, 28, 24, 28, 24, 25, 
6, 26, 29, 26, 28, 24, 27, 27, 27, 
7, 27, 29, 27, 30, 26, 28, 27, 28, 
8, 27, 30, 28, 31, 27, 28, 27, 28, 
9, 27, 29, 30, 31, 27, 28, 28, 28, 
10, 27, 29, 30, 31, 27, 28, 28, 29, 
11, 31, 29, 29, 31, 27, 28, 28, 29, 
12, 31, 31, 29, 31, 29, 29, 29, 29, 
13, 31, 31, 29, 32, 29, 30, 30, 29, 
