Runtime (microseconds), 1158189
Generation, Fitness Island 0, Fitness Island 1, Fitness Island 2, Fitness Island 3, Fitness Island 4, Fitness Island 5, Fitness Island 6, Fitness Island 7
0, 1267, 1252, 1258, 1269, 1279, 1290, 1271, 1294, 
1, 1268, 1272, 1262, 1271, 1281, 1290, 1285, 1309, 
2, 1276, 1272, 1280, 1285, 1284, 1289, 1302, 1308, 
3, 1277, 1281, 1295, 1281, 1307, 1293, 1303, 1309, 
4, 1289, 1288, 1294, 1302, 1321, 1327, 1304, 1312, 
5, 1288, 1289, 1295, 1301, 1323, 1329, 1306, 1310, 
6, 1289, 1297, 1309, 1306, 1323, 1329, 1306, 1313, 
7, 1310, 1304, 1304, 1318, 1323, 1329, 1308, 1313, 
8, 1322, 1327, 1319, 1318, 1324, 1330, 1319, 1315, 
9, 1325, 1343, 1329, 1323, 1327, 1332, 1325, 1319, 
10, 1330, 1347, 1343, 1332, 1332, 1333, 1324, 1324, 
11, 1334, 1354, 1346, 1346, 1339, 1334, 1325, 1326, 
12, 1344, 1356, 1345, 1345, 1340, 1335, 1339, 1329, 
13, 1345, 1362, 1351, 1346, 1356, 1342, 1339, 1331, 
14, 1353, 1366, 1349, 1347, 1356, 1341, 1343, 1344, 
15, 1356, 1377, 1364, 1377, 1359, 1353, 1362, 1349, 
16, 1377, 1385, 1364, 1372, 1360, 1365, 1367, 1351, 
17, 1374, 1386, 1366, 1381, 1365, 1369, 1374, 1374, 
18, 1385, 1387, 1367, 1381, 1366, 1379, 1385, 1370, 
19, 1388, 1388, 1367, 1382, 1366, 1379, 1386, 1374, 
20, 1393, 1389, 1369, 1384, 1379, 1381, 1389, 1383, 
21, 1396, 1392, 1387, 1385, 1382, 1384, 1393, 1392, 
22, 1398, 1392, 1390, 1390, 1385, 1384, 1396, 1394, 
23, 1398, 1395, 1390, 1393, 1388, 1394, 1399, 1396, 
24, 1401, 1396, 1393, 1393, 1390, 1400, 1405, 1397, 
25, 1401, 1407, 1402, 1400, 1392, 1400, 1405, 1400, 
26, 1402, 1412, 1405, 1401, 1396, 1402, 1406, 1415, 
27, 1402, 1416, 1413, 1402, 1402, 1403, 1407, 1416, 
28, 1404, 1416, 1414, 1403, 1407, 1406, 1408, 1415, 
29, 1406, 1418, 1417, 1404, 1414, 1406, 1412, 1417, 
30, 1407, 1418, 1422, 1409, 1418, 1415, 1410, 1419, 
31, 1413, 1420, 1420, 1417, 1421, 1413, 1417, 1420, 
32, 1419, 1421, 1424, 1417, 1423, 1421, 1422, 1421, 
33, 1418, 1422, 1427, 1424, 1433, 1426, 1425, 1420, 
34, 1427, 1424, 1431, 1430, 1437, 1423, 1430, 1423, 
35, 1429, 1427, 1431, 1432, 1438, 1427, 1441, 1426, 
36, 1434, 1427, 1431, 1438, 1439, 1429, 1443, 1426, 
37, 1437, 1429, 1433, 1437, 1442, 1429, 1445, 1427, 
38, 1440, 1429, 1436, 1439, 1441, 1433, 1446, 1444, 
39, 1445, 1431, 1446, 1445, 1444, 1435, 1448, 1442, 
40, 1448, 1431, 1447, 1446, 1447, 1447, 1449, 1449, 
41, 1446, 1456, 1446, 1449, 1448, 1448, 1456, 1452, 
42, 1449, 1447, 1448, 1453, 1448, 1456, 1458, 1456, 
43, 1452, 1451, 1449, 1455, 1449, 1457, 1457, 1456, 
44, 1452, 1455, 1452, 1457, 1450, 1458, 1458, 1462, 
45, 1452, 1456, 1455, 1460, 1456, 1461, 1458, 1463, 
46, 1458, 1462, 1457, 1464, 1457, 1462, 1460, 1464, 
47, 1464, 1461, 1461, 1465, 1459, 1462, 1464, 1466, 
48, 1470, 1464, 1462, 1466, 1467, 1467, 1468, 1469, 
49, 1472, 1467, 1463, 1466, 1463, 1466, 1469, 1469, 
50, 1472, 1474, 1465, 1469, 1464, 1467, 1470, 1471, 
51, 1479, 1475, 1470, 1473, 1466, 1473, 1471, 1473, 
52, 1481, 1477, 1472, 1473, 1470, 1480, 1472, 1475, 
53, 1481, 1477, 1474, 1475, 1472, 1480, 1475, 1478, 
54, 1482, 1478, 1474, 1478, 1474, 1481, 1475, 1480, 
55, 1484, 1480, 1479, 1479, 1478, 1483, 1480, 1487, 
56, 1485, 1481, 1482, 1481, 1485, 1486, 1484, 1487, 
57, 1488, 1481, 1485, 1481, 1483, 1486, 1483, 1487, 
58, 1489, 1483, 1490, 1486, 1486, 1488, 1487, 1489, 
59, 1491, 1486, 1495, 1492, 1487, 1488, 1487, 1495, 
60, 1491, 1488, 1494, 1490, 1490, 1488, 1489, 1496, 
61, 1496, 1493, 1495, 1494, 1494, 1493, 1493, 1497, 
62, 1497, 1495, 1498, 1497, 1497, 1495, 1496, 1502, 
63, 1497, 1497, 1497, 1504, 1498, 1506, 1495, 1504, 
64, 1498, 1499, 1498, 1503, 1498, 1506, 1496, 1503, 
65, 1499, 1504, 1501, 1506, 1501, 1503, 1500, 1506, 
66, 1501, 1505, 1503, 1506, 1501, 1506, 1499, 1505, 
67, 1503, 1507, 1508, 1507, 1503, 1509, 1507, 1504, 
68, 1504, 1508, 1509, 1508, 1505, 1511, 1508, 1505, 
69, 1504, 1508, 1508, 1511, 1514, 1512, 1511, 1509, 
70, 1506, 1510, 1511, 1509, 1516, 1513, 1512, 1509, 
71, 1510, 1510, 1512, 1517, 1518, 1514, 1517, 1511, 
72, 1513, 1514, 1513, 1516, 1518, 1519, 1523, 1512, 
73, 1515, 1517, 1513, 1521, 1519, 1522, 1524, 1515, 
74, 1520, 1519, 1515, 1519, 1519, 1522, 1520, 1517, 
75, 1520, 1522, 1516, 1523, 1522, 1525, 1522, 1518, 
76, 1521, 1525, 1524, 1524, 1524, 1525, 1525, 1521, 
77, 1520, 1526, 1527, 1525, 1524, 1527, 1525, 1520, 
78, 1522, 1528, 1527, 1526, 1525, 1527, 1527, 1523, 
79, 1525, 1528, 1530, 1527, 1526, 1531, 1529, 1527, 
80, 1527, 1531, 1533, 1527, 1528, 1531, 1532, 1528, 
81, 1529, 1530, 1534, 1528, 1530, 1532, 1535, 1529, 
82, 1531, 1531, 1534, 1530, 1532, 1534, 1535, 1530, 
83, 1532, 1534, 1535, 1533, 1534, 1535, 1537, 1532, 
84, 1536, 1535, 1536, 1534, 1538, 1538, 1539, 1533, 
85, 1535, 1537, 1538, 1539, 1541, 1538, 1541, 1535, 
86, 1536, 1538, 1538, 1539, 1542, 1537, 1542, 1536, 
87, 1540, 1540, 1543, 1541, 1543, 1537, 1545, 1541, 
88, 1539, 1541, 1542, 1544, 1544, 1538, 1543, 1542, 
89, 1542, 1543, 1544, 1543, 1543, 1539, 1544, 1541, 
90, 1547, 1546, 1544, 1545, 1544, 1547, 1545, 1543, 
91, 1547, 1549, 1545, 1547, 1546, 1548, 1546, 1546, 
92, 1549, 1550, 1549, 1549, 1548, 1548, 1547, 1550, 
93, 1552, 1550, 1550, 1551, 1549, 1553, 1548, 1549, 
94, 1551, 1550, 1557, 1555, 1556, 1553, 1549, 1553, 
95, 1551, 1551, 1558, 1555, 1557, 1554, 1554, 1555, 
96, 1556, 1556, 1561, 1556, 1557, 1554, 1556, 1557, 
97, 1563, 1557, 1561, 1558, 1557, 1556, 1558, 1558, 
98, 1565, 1559, 1561, 1559, 1564, 1558, 1558, 1559, 
99, 1567, 1560, 1562, 1562, 1562, 1561, 1560, 1562, 
100, 1568, 1562, 1563, 1564, 1562, 1566, 1561, 1563, 
101, 1569, 1563, 1563, 1566, 1565, 1568, 1563, 1567, 
102, 1570, 1563, 1564, 1567, 1566, 1568, 1563, 1566, 
103, 1571, 1565, 1566, 1569, 1572, 1568, 1564, 1569, 
104, 1571, 1566, 1567, 1570, 1573, 1570, 1568, 1571, 
105, 1572, 1569, 1568, 1570, 1574, 1571, 1575, 1571, 
106, 1572, 1571, 1571, 1571, 1579, 1573, 1572, 1574, 
107, 1573, 1572, 1571, 1573, 1579, 1573, 1578, 1576, 
108, 1574, 1572, 1572, 1576, 1580, 1573, 1579, 1578, 
109, 1577, 1574, 1575, 1579, 1581, 1574, 1583, 1578, 
110, 1578, 1583, 1576, 1584, 1583, 1576, 1585, 1582, 
111, 1579, 1583, 1581, 1585, 1585, 1578, 1588, 1584, 
112, 1585, 1585, 1580, 1584, 1585, 1579, 1589, 1585, 
113, 1588, 1585, 1585, 1584, 1586, 1583, 1589, 1585, 
114, 1589, 1588, 1583, 1585, 1587, 1583, 1589, 1585, 
115, 1589, 1589, 1589, 1587, 1588, 1589, 1589, 1585, 
116, 1591, 1591, 1589, 1588, 1588, 1589, 1590, 1586, 
117, 1591, 1592, 1589, 1592, 1592, 1595, 1592, 1587, 
118, 1592, 1592, 1589, 1593, 1596, 1594, 1592, 1589, 
119, 1592, 1592, 1592, 1595, 1596, 1598, 1593, 1590, 
120, 1593, 1594, 1593, 1596, 1598, 1598, 1595, 1594, 
121, 1593, 1596, 1594, 1599, 1598, 1601, 1594, 1599, 
122, 1602, 1601, 1598, 1598, 1602, 1603, 1596, 1597, 
123, 1601, 1603, 1599, 1600, 1603, 1603, 1599, 1599, 
124, 1601, 1604, 1601, 1604, 1605, 1604, 1598, 1601, 
125, 1602, 1604, 1602, 1606, 1606, 1604, 1601, 1602, 
126, 1603, 1605, 1605, 1612, 1607, 1605, 1603, 1603, 
127, 1604, 1605, 1615, 1614, 1608, 1606, 1609, 1604, 
128, 1604, 1612, 1618, 1615, 1608, 1606, 1610, 1605, 
129, 1607, 1613, 1619, 1616, 1610, 1610, 1611, 1605, 
130, 1609, 1617, 1620, 1620, 1613, 1611, 1613, 1606, 
131, 1615, 1616, 1622, 1619, 1620, 1612, 1616, 1607, 
132, 1621, 1619, 1624, 1620, 1621, 1615, 1617, 1618, 
133, 1620, 1622, 1622, 1622, 1620, 1618, 1620, 1611, 
134, 1620, 1624, 1623, 1624, 1623, 1619, 1620, 1611, 
135, 1621, 1627, 1624, 1628, 1624, 1619, 1622, 1621, 
136, 1624, 1628, 1624, 1628, 1627, 1622, 1626, 1621, 
137, 1624, 1628, 1625, 1629, 1627, 1624, 1626, 1621, 
138, 1626, 1630, 1626, 1630, 1627, 1630, 1628, 1622, 
139, 1627, 1630, 1626, 1631, 1629, 1631, 1629, 1630, 
140, 1628, 1633, 1627, 1631, 1630, 1630, 1630, 1630, 
141, 1629, 1634, 1628, 1633, 1631, 1630, 1631, 1630, 
142, 1632, 1637, 1630, 1635, 1632, 1634, 1633, 1631, 
143, 1632, 1638, 1632, 1635, 1631, 1634, 1634, 1633, 
144, 1633, 1638, 1635, 1636, 1631, 1634, 1634, 1634, 
145, 1637, 1641, 1637, 1637, 1635, 1636, 1635, 1635, 
146, 1636, 1641, 1639, 1639, 1636, 1637, 1637, 1636, 
147, 1636, 1640, 1643, 1639, 1638, 1638, 1638, 1637, 
148, 1638, 1642, 1644, 1640, 1640, 1640, 1640, 1639, 
149, 1639, 1644, 1645, 1646, 1644, 1643, 1643, 1644, 
150, 1639, 1645, 1645, 1645, 1645, 1645, 1646, 1643, 
151, 1645, 1645, 1649, 1647, 1647, 1651, 1647, 1644, 
152, 1648, 1650, 1650, 1648, 1647, 1651, 1648, 1645, 
153, 1649, 1651, 1652, 1648, 1647, 1652, 1651, 1651, 
154, 1652, 1652, 1654, 1649, 1650, 1653, 1653, 1654, 
155, 1655, 1656, 1659, 1653, 1652, 1657, 1653, 1655, 
156, 1657, 1659, 1661, 1656, 1654, 1658, 1655, 1655, 
157, 1658, 1659, 1660, 1659, 1656, 1661, 1659, 1659, 
158, 1660, 1663, 1660, 1659, 1661, 1663, 1659, 1660, 
159, 1666, 1664, 1662, 1663, 1659, 1664, 1660, 1659, 
160, 1667, 1666, 1667, 1667, 1660, 1666, 1664, 1660, 
161, 1668, 1665, 1669, 1666, 1661, 1666, 1667, 1663, 
162, 1668, 1666, 1670, 1667, 1665, 1666, 1667, 1664, 
163, 1669, 1669, 1671, 1670, 1668, 1667, 1668, 1665, 
164, 1670, 1669, 1671, 1670, 1668, 1671, 1674, 1667, 
165, 1670, 1670, 1671, 1671, 1670, 1671, 1674, 1671, 
166, 1671, 1671, 1671, 1675, 1670, 1671, 1675, 1675, 
167, 1671, 1673, 1674, 1674, 1674, 1672, 1678, 1675, 
168, 1674, 1674, 1676, 1679, 1674, 1675, 1685, 1676, 
169, 1675, 1673, 1678, 1682, 1676, 1675, 1685, 1677, 
170, 1676, 1674, 1679, 1682, 1682, 1675, 1686, 1679, 
171, 1685, 1677, 1681, 1682, 1683, 1677, 1686, 1681, 
172, 1684, 1678, 1683, 1685, 1686, 1678, 1686, 1683, 
173, 1686, 1682, 1685, 1686, 1687, 1680, 1687, 1684, 
174, 1687, 1684, 1692, 1688, 1689, 1682, 1688, 1684, 
175, 1688, 1684, 1691, 1688, 1687, 1688, 1689, 1685, 
176, 1689, 1684, 1693, 1690, 1688, 1689, 1690, 1686, 
177, 1690, 1685, 1693, 1690, 1689, 1690, 1689, 1687, 
178, 1691, 1688, 1695, 1692, 1690, 1690, 1691, 1688, 
179, 1692, 1691, 1696, 1692, 1690, 1692, 1692, 1690, 
180, 1696, 1692, 1698, 1694, 1698, 1695, 1694, 1691, 
181, 1695, 1692, 1696, 1694, 1696, 1697, 1695, 1695, 
182, 1697, 1694, 1697, 1695, 1698, 1698, 1696, 1694, 
183, 1696, 1699, 1698, 1695, 1699, 1697, 1697, 1698, 
184, 1699, 1699, 1699, 1697, 1700, 1700, 1697, 1699, 
185, 1700, 1700, 1700, 1700, 1700, 1702, 1699, 1700, 
186, 1701, 1700, 1700, 1700, 1701, 1701, 1701, 1701, 
187, 1702, 1702, 1702, 1701, 1701, 1702, 1702, 1703, 
188, 1706, 1703, 1702, 1702, 1703, 1702, 1702, 1704, 
189, 1706, 1705, 1705, 1706, 1704, 1704, 1708, 1705, 
190, 1709, 1707, 1707, 1707, 1703, 1705, 1709, 1706, 
191, 1709, 1710, 1709, 1706, 1706, 1706, 1714, 1708, 
192, 1710, 1709, 1713, 1706, 1707, 1708, 1718, 1708, 
193, 1711, 1707, 1713, 1708, 1707, 1708, 1718, 1708, 
194, 1711, 1709, 1713, 1711, 1710, 1711, 1718, 1710, 
195, 1712, 1711, 1714, 1713, 1712, 1711, 1720, 1711, 
196, 1719, 1712, 1719, 1715, 1712, 1712, 1721, 1712, 
197, 1718, 1715, 1721, 1716, 1714, 1715, 1722, 1714, 
198, 1720, 1717, 1720, 1717, 1722, 1718, 1722, 1714, 
199, 1721, 1721, 1723, 1719, 1718, 1723, 1722, 1721, 
200, 1721, 1722, 1724, 1720, 1719, 1723, 1722, 1723, 
201, 1721, 1723, 1724, 1722, 1721, 1723, 1724, 1725, 
202, 1723, 1723, 1726, 1723, 1722, 1724, 1724, 1723, 
203, 1722, 1724, 1727, 1723, 1726, 1724, 1727, 1724, 
204, 1727, 1729, 1731, 1726, 1727, 1731, 1729, 1724, 
205, 1729, 1728, 1732, 1726, 1728, 1731, 1730, 1725, 
206, 1729, 1731, 1733, 1726, 1729, 1732, 1731, 1726, 
207, 1729, 1730, 1734, 1727, 1730, 1734, 1731, 1731, 
208, 1729, 1733, 1734, 1728, 1735, 1734, 1732, 1731, 
209, 1733, 1733, 1735, 1729, 1737, 1736, 1736, 1732, 
210, 1735, 1737, 1736, 1730, 1737, 1737, 1736, 1734, 
211, 1734, 1736, 1736, 1736, 1740, 1739, 1737, 1736, 
212, 1736, 1738, 1737, 1734, 1740, 1740, 1737, 1738, 
213, 1736, 1738, 1738, 1740, 1742, 1741, 1739, 1738, 
214, 1740, 1738, 1738, 1739, 1744, 1743, 1742, 1739, 
215, 1744, 1743, 1740, 1738, 1746, 1744, 1743, 1740, 
216, 1742, 1743, 1741, 1742, 1749, 1745, 1746, 1741, 
217, 1745, 1743, 1741, 1745, 1749, 1746, 1744, 1746, 
218, 1746, 1745, 1742, 1746, 1750, 1746, 1748, 1747, 
219, 1746, 1745, 1744, 1747, 1750, 1749, 1748, 1748, 
220, 1748, 1746, 1746, 1748, 1751, 1750, 1750, 1748, 
221, 1748, 1748, 1748, 1749, 1752, 1754, 1751, 1749, 
222, 1749, 1751, 1750, 1750, 1754, 1752, 1750, 1750, 
223, 1751, 1751, 1753, 1750, 1755, 1754, 1752, 1755, 
224, 1754, 1751, 1753, 1753, 1755, 1755, 1753, 1758, 
225, 1753, 1755, 1756, 1753, 1755, 1757, 1755, 1762, 
226, 1757, 1756, 1756, 1753, 1756, 1757, 1757, 1760, 
227, 1760, 1760, 1762, 1756, 1757, 1759, 1757, 1761, 
228, 1759, 1764, 1766, 1755, 1760, 1761, 1759, 1763, 
229, 1761, 1764, 1764, 1764, 1761, 1759, 1760, 1762, 
230, 1764, 1764, 1765, 1762, 1762, 1764, 1764, 1763, 
231, 1765, 1765, 1766, 1763, 1762, 1763, 1765, 1768, 
232, 1765, 1766, 1767, 1763, 1763, 1764, 1767, 1769, 
233, 1771, 1766, 1767, 1770, 1765, 1767, 1770, 1769, 
234, 1775, 1769, 1770, 1773, 1766, 1769, 1771, 1770, 
235, 1776, 1772, 1769, 1774, 1768, 1768, 1778, 1771, 
236, 1780, 1773, 1770, 1777, 1770, 1771, 1778, 1771, 
237, 1782, 1776, 1773, 1777, 1771, 1773, 1778, 1771, 
238, 1785, 1777, 1772, 1781, 1771, 1774, 1778, 1782, 
239, 1786, 1779, 1773, 1781, 1772, 1775, 1778, 1783, 
240, 1788, 1779, 1778, 1784, 1773, 1776, 1783, 1784, 
241, 1788, 1780, 1784, 1789, 1774, 1778, 1782, 1784, 
242, 1790, 1780, 1784, 1789, 1779, 1789, 1784, 1785, 
243, 1790, 1787, 1786, 1792, 1784, 1782, 1786, 1784, 
244, 1790, 1789, 1790, 1794, 1784, 1782, 1792, 1790, 
245, 1790, 1789, 1790, 1794, 1789, 1783, 1793, 1789, 
246, 1792, 1790, 1790, 1797, 1789, 1787, 1793, 1789, 
247, 1793, 1794, 1790, 1797, 1792, 1791, 1794, 1791, 
248, 1794, 1797, 1795, 1798, 1795, 1792, 1795, 1791, 
249, 1795, 1799, 1793, 1798, 1795, 1794, 1797, 1792, 
250, 1800, 1798, 1793, 1799, 1796, 1795, 1797, 1795, 
251, 1799, 1801, 1793, 1801, 1799, 1799, 1799, 1797, 
252, 1802, 1803, 1796, 1801, 1799, 1799, 1799, 1797, 
253, 1802, 1803, 1800, 1802, 1800, 1800, 1799, 1798, 
254, 1801, 1803, 1803, 1805, 1801, 1800, 1800, 1799, 
255, 1802, 1804, 1804, 1805, 1803, 1801, 1800, 1803, 
256, 1803, 1806, 1804, 1806, 1803, 1801, 1802, 1806, 
257, 1803, 1808, 1805, 1808, 1805, 1802, 1803, 1807, 
258, 1808, 1809, 1807, 1809, 1807, 1805, 1803, 1807, 
259, 1809, 1810, 1806, 1810, 1807, 1806, 1805, 1807, 
260, 1809, 1812, 1807, 1810, 1807, 1810, 1812, 1808, 
261, 1810, 1812, 1810, 1811, 1809, 1811, 1811, 1810, 
262, 1812, 1812, 1814, 1812, 1810, 1813, 1812, 1812, 
263, 1813, 1813, 1813, 1814, 1812, 1814, 1814, 1811, 
264, 1816, 1813, 1815, 1819, 1816, 1815, 1812, 1813, 
265, 1816, 1815, 1815, 1817, 1817, 1818, 1816, 1815, 
266, 1817, 1816, 1815, 1818, 1819, 1816, 1817, 1819, 
267, 1818, 1817, 1816, 1818, 1821, 1820, 1817, 1821, 
268, 1821, 1818, 1821, 1820, 1823, 1822, 1817, 1822, 
269, 1823, 1820, 1823, 1823, 1822, 1823, 1819, 1824, 
270, 1824, 1822, 1823, 1826, 1825, 1824, 1819, 1826, 
271, 1824, 1822, 1825, 1827, 1828, 1825, 1820, 1829, 
272, 1825, 1825, 1827, 1828, 1827, 1829, 1822, 1829, 
273, 1826, 1825, 1831, 1831, 1828, 1831, 1826, 1830, 
274, 1831, 1829, 1831, 1832, 1828, 1831, 1825, 1831, 
275, 1828, 1830, 1832, 1833, 1830, 1831, 1829, 1832, 
276, 1830, 1830, 1832, 1833, 1831, 1834, 1831, 1832, 
277, 1830, 1832, 1834, 1836, 1832, 1834, 1833, 1832, 
278, 1834, 1834, 1835, 1836, 1832, 1834, 1834, 1833, 
279, 1834, 1834, 1836, 1836, 1833, 1834, 1836, 1833, 
280, 1834, 1836, 1837, 1839, 1834, 1835, 1838, 1834, 
281, 1839, 1838, 1838, 1839, 1836, 1836, 1839, 1835, 
282, 1841, 1837, 1839, 1839, 1837, 1837, 1840, 1835, 
283, 1843, 1838, 1837, 1840, 1839, 1837, 1840, 1839, 
284, 1842, 1842, 1839, 1841, 1837, 1841, 1842, 1839, 
285, 1846, 1841, 1839, 1842, 1838, 1841, 1843, 1839, 
286, 1846, 1842, 1841, 1844, 1838, 1843, 1846, 1841, 
287, 1847, 1842, 1845, 1845, 1840, 1844, 1844, 1842, 
288, 1846, 1842, 1845, 1845, 1838, 1846, 1845, 1842, 
289, 1848, 1843, 1847, 1847, 1841, 1846, 1846, 1849, 
290, 1848, 1843, 1848, 1847, 1847, 1849, 1848, 1847, 
291, 1849, 1844, 1849, 1848, 1846, 1850, 1849, 1847, 
292, 1851, 1845, 1851, 1848, 1847, 1853, 1851, 1850, 
293, 1851, 1846, 1851, 1849, 1850, 1854, 1849, 1850, 
294, 1853, 1846, 1854, 1852, 1852, 1854, 1850, 1850, 
295, 1854, 1846, 1858, 1854, 1854, 1855, 1851, 1851, 
296, 1852, 1849, 1858, 1857, 1852, 1855, 1851, 1851, 
297, 1855, 1852, 1860, 1856, 1855, 1857, 1851, 1852, 
298, 1855, 1852, 1863, 1857, 1855, 1857, 1857, 1852, 
299, 1858, 1853, 1862, 1860, 1857, 1860, 1858, 1853, 
300, 1857, 1857, 1865, 1860, 1858, 1860, 1857, 1853, 
301, 1858, 1856, 1865, 1861, 1864, 1865, 1859, 1856, 
302, 1861, 1857, 1866, 1863, 1864, 1865, 1861, 1860, 
303, 1862, 1858, 1866, 1864, 1866, 1866, 1866, 1859, 
304, 1862, 1863, 1868, 1866, 1867, 1867, 1869, 1866, 
305, 1864, 1863, 1869, 1866, 1870, 1868, 1866, 1866, 
306, 1865, 1862, 1870, 1868, 1870, 1868, 1867, 1866, 
307, 1866, 1862, 1870, 1872, 1870, 1867, 1869, 1868, 
308, 1866, 1864, 1870, 1873, 1870, 1868, 1870, 1868, 
309, 1867, 1865, 1870, 1874, 1872, 1869, 1870, 1868, 
310, 1871, 1866, 1871, 1875, 1872, 1869, 1872, 1868, 
311, 1870, 1870, 1872, 1878, 1875, 1871, 1876, 1874, 
312, 1875, 1871, 1872, 1876, 1876, 1873, 1876, 1873, 
313, 1872, 1873, 1872, 1877, 1876, 1876, 1879, 1873, 
314, 1874, 1876, 1873, 1877, 1876, 1876, 1879, 1876, 
315, 1874, 1878, 1874, 1878, 1877, 1879, 1878, 1877, 
316, 1879, 1879, 1876, 1880, 1878, 1880, 1878, 1877, 
317, 1878, 1882, 1878, 1881, 1878, 1881, 1878, 1880, 
318, 1880, 1880, 1877, 1882, 1879, 1882, 1879, 1880, 
319, 1882, 1883, 1878, 1885, 1879, 1883, 1881, 1883, 
320, 1882, 1882, 1879, 1887, 1879, 1885, 1884, 1884, 
321, 1884, 1884, 1880, 1887, 1881, 1886, 1884, 1883, 
322, 1883, 1884, 1882, 1887, 1882, 1889, 1885, 1884, 
323, 1884, 1885, 1887, 1888, 1884, 1891, 1885, 1886, 
324, 1885, 1890, 1887, 1888, 1886, 1891, 1886, 1887, 
325, 1886, 1889, 1889, 1888, 1889, 1889, 1887, 1887, 
326, 1887, 1889, 1890, 1889, 1889, 1891, 1891, 1888, 
327, 1888, 1890, 1891, 1890, 1892, 1891, 1889, 1888, 
328, 1889, 1889, 1891, 1890, 1893, 1892, 1890, 1889, 
329, 1891, 1895, 1893, 1891, 1895, 1891, 1891, 1889, 
330, 1895, 1895, 1894, 1893, 1896, 1892, 1892, 1891, 
331, 1895, 1897, 1894, 1894, 1897, 1893, 1894, 1890, 
332, 1896, 1898, 1895, 1894, 1897, 1896, 1892, 1892, 
333, 1899, 1897, 1896, 1894, 1897, 1897, 1895, 1892, 
334, 1898, 1899, 1896, 1896, 1899, 1898, 1895, 1895, 
335, 1898, 1902, 1895, 1896, 1900, 1900, 1897, 1898, 
336, 1900, 1903, 1897, 1898, 1901, 1900, 1902, 1898, 
337, 1903, 1904, 1898, 1904, 1902, 1902, 1903, 1900, 
338, 1903, 1904, 1900, 1905, 1903, 1903, 1904, 1900, 
339, 1905, 1904, 1901, 1905, 1904, 1903, 1903, 1902, 
340, 1906, 1905, 1906, 1905, 1903, 1904, 1904, 1906, 
341, 1906, 1906, 1906, 1906, 1903, 1904, 1906, 1905, 
342, 1907, 1907, 1907, 1906, 1905, 1905, 1906, 1906, 
343, 1908, 1908, 1909, 1908, 1908, 1906, 1907, 1909, 
344, 1910, 1909, 1906, 1908, 1909, 1907, 1908, 1909, 
345, 1911, 1910, 1910, 1909, 1912, 1907, 1909, 1909, 
346, 1912, 1911, 1911, 1911, 1911, 1909, 1910, 1910, 
347, 1914, 1912, 1911, 1912, 1913, 1909, 1912, 1912, 
348, 1915, 1913, 1912, 1913, 1914, 1910, 1914, 1912, 
349, 1916, 1914, 1914, 1914, 1915, 1910, 1915, 1915, 
350, 1917, 1915, 1915, 1915, 1914, 1912, 1918, 1916, 
351, 1917, 1919, 1914, 1916, 1915, 1914, 1918, 1920, 
352, 1918, 1920, 1915, 1918, 1916, 1920, 1918, 1921, 
353, 1919, 1920, 1917, 1919, 1917, 1919, 1920, 1925, 
354, 1921, 1920, 1919, 1920, 1917, 1920, 1920, 1924, 
355, 1923, 1923, 1921, 1921, 1921, 1922, 1921, 1924, 
356, 1924, 1924, 1919, 1923, 1922, 1921, 1923, 1923, 
357, 1922, 1926, 1924, 1922, 1924, 1922, 1925, 1926, 
358, 1923, 1926, 1924, 1923, 1925, 1923, 1925, 1926, 
359, 1925, 1926, 1928, 1925, 1925, 1924, 1927, 1929, 
360, 1927, 1927, 1931, 1924, 1925, 1926, 1930, 1931, 
361, 1928, 1928, 1931, 1927, 1927, 1929, 1932, 1933, 
362, 1930, 1928, 1930, 1929, 1930, 1932, 1932, 1933, 
363, 1931, 1928, 1931, 1928, 1933, 1932, 1932, 1932, 
364, 1932, 1931, 1932, 1932, 1931, 1933, 1934, 1932, 
365, 1932, 1932, 1932, 1932, 1936, 1938, 1933, 1934, 
366, 1933, 1937, 1932, 1933, 1937, 1937, 1934, 1935, 
367, 1937, 1937, 1935, 1935, 1938, 1940, 1933, 1936, 
368, 1939, 1937, 1937, 1938, 1940, 1940, 1934, 1935, 
369, 1940, 1937, 1944, 1938, 1941, 1944, 1940, 1936, 
370, 1941, 1940, 1946, 1943, 1942, 1945, 1940, 1937, 
371, 1942, 1941, 1947, 1945, 1944, 1949, 1945, 1938, 
372, 1942, 1943, 1946, 1945, 1945, 1948, 1945, 1938, 
373, 1943, 1942, 1946, 1947, 1945, 1949, 1949, 1942, 
374, 1945, 1946, 1946, 1948, 1945, 1950, 1949, 1947, 
375, 1945, 1950, 1950, 1950, 1946, 1951, 1949, 1948, 
376, 1947, 1950, 1949, 1950, 1946, 1952, 1951, 1953, 
377, 1950, 1950, 1954, 1954, 1946, 1955, 1952, 1953, 
378, 1954, 1953, 1953, 1956, 1948, 1955, 1953, 1954, 
379, 1957, 1953, 1954, 1956, 1951, 1955, 1953, 1954, 
380, 1956, 1958, 1955, 1959, 1953, 1956, 1955, 1954, 
381, 1960, 1959, 1956, 1960, 1960, 1956, 1960, 1955, 
382, 1961, 1959, 1957, 1962, 1960, 1958, 1962, 1956, 
383, 1959, 1960, 1960, 1966, 1963, 1957, 1963, 1957, 
384, 1960, 1960, 1961, 1963, 1964, 1963, 1963, 1956, 
385, 1961, 1961, 1962, 1963, 1964, 1962, 1963, 1960, 
386, 1962, 1961, 1962, 1965, 1966, 1965, 1965, 1961, 
387, 1963, 1962, 1964, 1967, 1966, 1965, 1965, 1961, 
388, 1965, 1963, 1964, 1967, 1966, 1969, 1969, 1965, 
389, 1966, 1964, 1965, 1966, 1967, 1967, 1968, 1965, 
390, 1967, 1964, 1965, 1967, 1967, 1968, 1969, 1965, 
391, 1968, 1965, 1967, 1968, 1969, 1969, 1970, 1966, 
392, 1969, 1966, 1967, 1969, 1970, 1971, 1970, 1968, 
393, 1971, 1973, 1971, 1971, 1970, 1971, 1971, 1971, 
394, 1972, 1968, 1970, 1972, 1970, 1971, 1971, 1970, 
395, 1974, 1972, 1971, 1971, 1971, 1973, 1972, 1972, 
396, 1975, 1972, 1973, 1972, 1974, 1980, 1973, 1972, 
397, 1974, 1973, 1972, 1973, 1975, 1973, 1975, 1972, 
398, 1976, 1973, 1973, 1975, 1976, 1973, 1976, 1979, 
399, 1977, 1974, 1974, 1977, 1977, 1977, 1976, 1977, 
400, 1976, 1975, 1974, 1978, 1976, 1977, 1977, 1979, 
401, 1976, 1979, 1977, 1980, 1976, 1976, 1977, 1980, 
402, 1977, 1977, 1978, 1981, 1979, 1979, 1978, 1979, 
403, 1978, 1978, 1978, 1981, 1979, 1980, 1979, 1982, 
404, 1978, 1978, 1980, 1983, 1982, 1982, 1979, 1982, 
405, 1979, 1978, 1980, 1983, 1982, 1982, 1981, 1983, 
406, 1981, 1980, 1981, 1983, 1981, 1984, 1981, 1983, 
407, 1979, 1982, 1983, 1983, 1984, 1984, 1982, 1983, 
408, 1984, 1981, 1982, 1984, 1985, 1985, 1983, 1983, 
409, 1989, 1982, 1983, 1984, 1986, 1987, 1987, 1987, 
410, 1996, 1983, 1983, 1985, 1988, 1988, 1986, 1987, 
411, 1995, 1985, 1985, 1986, 1988, 1989, 1989, 1988, 
412, 1998, 1984, 1987, 1988, 1990, 1988, 1989, 1989, 
413, 1998, 1986, 1992, 1989, 1989, 1989, 1991, 1990, 
414, 1997, 1987, 1992, 1992, 1991, 1989, 1991, 1991, 
415, 1997, 1989, 1992, 1992, 1992, 1988, 1992, 1991, 
416, 1999, 1994, 1993, 1992, 1992, 1989, 1993, 1992, 
417, 1999, 1995, 1993, 1993, 1994, 1989, 1994, 1995, 
418, 1998, 1995, 1995, 1995, 1995, 1990, 1994, 1997, 
419, 1999, 1998, 1995, 1995, 1996, 1991, 1996, 1997, 
420, 1999, 1999, 1997, 1996, 1997, 1995, 1997, 1997, 
421, 2000, 2000, 1998, 1997, 1999, 1997, 1998, 1998, 
422, 2001, 2001, 1998, 1998, 1999, 1998, 1999, 2000, 
423, 2003, 2001, 2001, 1998, 2000, 2000, 2000, 2006, 
424, 2002, 2001, 2000, 1999, 2000, 2001, 2002, 2002, 
425, 2004, 2002, 2001, 2003, 2000, 2003, 2006, 2002, 
426, 2006, 2003, 2002, 2003, 2001, 2005, 2006, 2004, 
427, 2006, 2006, 2002, 2005, 2006, 2006, 2006, 2005, 
428, 2006, 2011, 2003, 2010, 2005, 2007, 2008, 2007, 
429, 2007, 2011, 2007, 2011, 2005, 2011, 2010, 2010, 
430, 2008, 2011, 2011, 2012, 2009, 2015, 2009, 2010, 
431, 2008, 2013, 2012, 2011, 2011, 2016, 2010, 2010, 
432, 2008, 2013, 2014, 2012, 2013, 2017, 2010, 2010, 
433, 2009, 2013, 2018, 2012, 2013, 2018, 2009, 2012, 
434, 2009, 2014, 2018, 2012, 2015, 2016, 2011, 2014, 
435, 2011, 2019, 2017, 2013, 2020, 2017, 2012, 2015, 
436, 2011, 2018, 2019, 2016, 2020, 2020, 2014, 2016, 
437, 2013, 2019, 2019, 2017, 2020, 2021, 2017, 2018, 
438, 2013, 2022, 2020, 2018, 2019, 2024, 2020, 2018, 
439, 2019, 2020, 2019, 2018, 2020, 2027, 2019, 2018, 
440, 2020, 2019, 2022, 2020, 2021, 2027, 2021, 2021, 
441, 2020, 2021, 2023, 2020, 2022, 2025, 2022, 2022, 
442, 2028, 2024, 2030, 2023, 2022, 2028, 2025, 2024, 
443, 2029, 2024, 2029, 2024, 2022, 2031, 2027, 2025, 
444, 2030, 2024, 2029, 2025, 2023, 2032, 2027, 2024, 
445, 2030, 2027, 2030, 2025, 2025, 2033, 2026, 2026, 
446, 2030, 2029, 2031, 2028, 2032, 2033, 2027, 2026, 
447, 2030, 2030, 2030, 2031, 2030, 2034, 2027, 2025, 
448, 2030, 2030, 2030, 2031, 2033, 2035, 2030, 2029, 
449, 2031, 2031, 2031, 2033, 2034, 2035, 2032, 2032, 
450, 2031, 2033, 2032, 2033, 2036, 2036, 2033, 2033, 
451, 2032, 2033, 2032, 2033, 2039, 2037, 2036, 2032, 
452, 2034, 2033, 2032, 2035, 2040, 2038, 2037, 2033, 
453, 2035, 2033, 2032, 2037, 2040, 2038, 2037, 2037, 
454, 2034, 2033, 2035, 2037, 2043, 2040, 2037, 2037, 
455, 2036, 2037, 2034, 2037, 2042, 2040, 2042, 2039, 
456, 2036, 2038, 2039, 2038, 2042, 2042, 2041, 2039, 
457, 2037, 2037, 2040, 2039, 2044, 2044, 2041, 2040, 
458, 2041, 2038, 2044, 2038, 2044, 2048, 2042, 2040, 
459, 2040, 2044, 2045, 2039, 2045, 2048, 2045, 2042, 
460, 2041, 2040, 2045, 2042, 2045, 2049, 2045, 2043, 
461, 2042, 2041, 2046, 2047, 2049, 2049, 2046, 2045, 
462, 2044, 2045, 2046, 2047, 2048, 2049, 2048, 2046, 
463, 2049, 2044, 2046, 2047, 2048, 2051, 2047, 2046, 
464, 2050, 2045, 2047, 2049, 2049, 2050, 2048, 2049, 
465, 2054, 2047, 2049, 2051, 2050, 2050, 2050, 2049, 
466, 2054, 2050, 2051, 2051, 2050, 2051, 2051, 2050, 
467, 2054, 2050, 2054, 2052, 2051, 2050, 2055, 2050, 
468, 2054, 2051, 2054, 2052, 2051, 2051, 2052, 2052, 
469, 2056, 2053, 2054, 2054, 2052, 2052, 2055, 2052, 
470, 2056, 2052, 2054, 2053, 2052, 2053, 2056, 2053, 
471, 2057, 2053, 2054, 2054, 2053, 2053, 2056, 2055, 
472, 2057, 2054, 2056, 2056, 2055, 2055, 2056, 2057, 
473, 2059, 2056, 2057, 2056, 2056, 2054, 2057, 2057, 
474, 2059, 2056, 2057, 2056, 2056, 2056, 2058, 2058, 
475, 2058, 2057, 2058, 2059, 2060, 2056, 2059, 2057, 
476, 2059, 2056, 2060, 2058, 2059, 2059, 2059, 2059, 
477, 2060, 2059, 2060, 2059, 2061, 2059, 2059, 2061, 
478, 2061, 2061, 2061, 2060, 2061, 2060, 2061, 2061, 
479, 2063, 2061, 2061, 2062, 2061, 2061, 2062, 2063, 
480, 2060, 2063, 2062, 2062, 2061, 2062, 2062, 2064, 
481, 2061, 2063, 2062, 2064, 2062, 2063, 2062, 2063, 
482, 2062, 2062, 2065, 2064, 2062, 2065, 2065, 2063, 
483, 2061, 2063, 2065, 2063, 2063, 2066, 2066, 2064, 
484, 2062, 2064, 2065, 2065, 2064, 2066, 2068, 2065, 
485, 2063, 2067, 2066, 2066, 2065, 2069, 2070, 2065, 
486, 2063, 2067, 2068, 2066, 2068, 2071, 2070, 2065, 
487, 2066, 2069, 2069, 2066, 2068, 2071, 2076, 2070, 
488, 2069, 2069, 2069, 2066, 2068, 2073, 2075, 2068, 
489, 2070, 2070, 2070, 2068, 2069, 2071, 2076, 2075, 
490, 2071, 2070, 2070, 2069, 2070, 2074, 2077, 2074, 
491, 2075, 2071, 2070, 2069, 2070, 2075, 2076, 2080, 
492, 2075, 2072, 2069, 2075, 2075, 2075, 2078, 2080, 
493, 2077, 2070, 2076, 2078, 2070, 2078, 2078, 2080, 
494, 2076, 2071, 2078, 2081, 2070, 2077, 2081, 2080, 
495, 2076, 2071, 2081, 2080, 2072, 2079, 2081, 2080, 
496, 2078, 2071, 2085, 2081, 2072, 2080, 2081, 2080, 
497, 2081, 2072, 2085, 2082, 2074, 2082, 2082, 2079, 
498, 2083, 2074, 2084, 2083, 2075, 2081, 2081, 2081, 
499, 2086, 2079, 2085, 2082, 2078, 2082, 2081, 2081, 
500, 2086, 2081, 2088, 2082, 2079, 2081, 2083, 2083, 
501, 2086, 2084, 2091, 2083, 2081, 2085, 2085, 2084, 
502, 2086, 2084, 2090, 2082, 2081, 2086, 2083, 2086, 
503, 2086, 2086, 2091, 2085, 2082, 2088, 2084, 2088, 
504, 2085, 2086, 2091, 2086, 2083, 2088, 2084, 2091, 
505, 2086, 2087, 2092, 2086, 2088, 2089, 2088, 2091, 
506, 2092, 2088, 2092, 2090, 2090, 2090, 2091, 2091, 
507, 2096, 2088, 2093, 2091, 2091, 2091, 2091, 2092, 
508, 2094, 2087, 2094, 2091, 2092, 2091, 2091, 2092, 
509, 2095, 2089, 2094, 2097, 2093, 2093, 2094, 2093, 
510, 2095, 2092, 2095, 2096, 2096, 2094, 2094, 2092, 
511, 2096, 2096, 2096, 2098, 2097, 2094, 2094, 2094, 
512, 2097, 2098, 2098, 2098, 2097, 2097, 2095, 2094, 
513, 2097, 2099, 2098, 2098, 2098, 2097, 2096, 2096, 
514, 2097, 2099, 2100, 2099, 2098, 2100, 2098, 2096, 
515, 2100, 2098, 2099, 2100, 2099, 2102, 2100, 2101, 
516, 2100, 2099, 2100, 2099, 2100, 2101, 2100, 2099, 
517, 2101, 2100, 2102, 2099, 2101, 2102, 2100, 2100, 
518, 2101, 2100, 2104, 2099, 2101, 2103, 2101, 2101, 
519, 2101, 2100, 2105, 2102, 2101, 2107, 2101, 2102, 
520, 2102, 2101, 2106, 2102, 2102, 2106, 2102, 2103, 
521, 2103, 2102, 2105, 2103, 2107, 2105, 2103, 2104, 
522, 2102, 2106, 2104, 2104, 2108, 2106, 2104, 2108, 
523, 2103, 2106, 2105, 2105, 2108, 2108, 2104, 2106, 
524, 2106, 2103, 2105, 2106, 2111, 2111, 2108, 2108, 
525, 2110, 2108, 2105, 2106, 2111, 2111, 2108, 2108, 
526, 2111, 2107, 2105, 2107, 2111, 2111, 2109, 2109, 
527, 2114, 2110, 2111, 2107, 2112, 2112, 2111, 2110, 
528, 2112, 2109, 2110, 2109, 2112, 2112, 2111, 2112, 
529, 2114, 2111, 2110, 2110, 2112, 2114, 2113, 2112, 
530, 2114, 2110, 2108, 2110, 2113, 2114, 2114, 2114, 
531, 2115, 2114, 2113, 2112, 2113, 2116, 2114, 2114, 
532, 2115, 2112, 2113, 2114, 2114, 2115, 2115, 2118, 
533, 2115, 2114, 2114, 2115, 2114, 2116, 2116, 2118, 
534, 2116, 2116, 2116, 2115, 2113, 2117, 2116, 2118, 
535, 2116, 2116, 2116, 2118, 2114, 2118, 2117, 2119, 
536, 2118, 2116, 2118, 2118, 2116, 2117, 2116, 2119, 
537, 2117, 2118, 2118, 2118, 2117, 2118, 2117, 2120, 
538, 2119, 2118, 2124, 2119, 2117, 2117, 2119, 2120, 
539, 2121, 2122, 2121, 2120, 2117, 2118, 2121, 2121, 
540, 2121, 2122, 2121, 2119, 2117, 2121, 2124, 2124, 
541, 2122, 2125, 2126, 2122, 2120, 2122, 2123, 2124, 
542, 2122, 2125, 2125, 2125, 2123, 2121, 2126, 2124, 
543, 2126, 2125, 2126, 2125, 2124, 2122, 2126, 2124, 
544, 2124, 2125, 2127, 2125, 2125, 2124, 2128, 2124, 
545, 2127, 2125, 2127, 2126, 2126, 2124, 2128, 2127, 
546, 2126, 2126, 2128, 2127, 2126, 2125, 2128, 2127, 
547, 2127, 2126, 2128, 2127, 2126, 2127, 2128, 2129, 
548, 2129, 2125, 2128, 2130, 2127, 2126, 2129, 2128, 
549, 2129, 2128, 2129, 2130, 2127, 2127, 2129, 2130, 
550, 2131, 2129, 2128, 2130, 2128, 2128, 2130, 2130, 
551, 2130, 2132, 2130, 2130, 2129, 2129, 2130, 2130, 
552, 2131, 2132, 2131, 2130, 2129, 2130, 2130, 2132, 
553, 2131, 2131, 2131, 2133, 2131, 2130, 2131, 2132, 
554, 2133, 2131, 2133, 2133, 2132, 2132, 2131, 2134, 
555, 2135, 2132, 2132, 2132, 2133, 2133, 2132, 2132, 
556, 2136, 2132, 2133, 2133, 2132, 2133, 2136, 2132, 
557, 2135, 2134, 2134, 2133, 2132, 2133, 2136, 2134, 
558, 2135, 2134, 2136, 2136, 2135, 2133, 2136, 2134, 
559, 2138, 2135, 2134, 2135, 2135, 2133, 2138, 2134, 
560, 2138, 2136, 2135, 2138, 2135, 2134, 2139, 2136, 
561, 2140, 2137, 2137, 2139, 2140, 2138, 2140, 2137, 
562, 2138, 2137, 2137, 2140, 2138, 2136, 2140, 2138, 
563, 2140, 2136, 2140, 2141, 2141, 2139, 2140, 2138, 
564, 2139, 2137, 2141, 2141, 2145, 2139, 2141, 2141, 
565, 2140, 2137, 2140, 2144, 2146, 2141, 2142, 2141, 
566, 2140, 2138, 2143, 2144, 2144, 2142, 2142, 2141, 
567, 2140, 2142, 2142, 2145, 2144, 2142, 2143, 2142, 
568, 2141, 2144, 2143, 2147, 2148, 2143, 2143, 2144, 
569, 2142, 2145, 2142, 2148, 2147, 2143, 2144, 2147, 
570, 2144, 2144, 2147, 2147, 2148, 2144, 2143, 2146, 
571, 2144, 2146, 2148, 2147, 2149, 2144, 2145, 2146, 
572, 2145, 2145, 2153, 2149, 2149, 2146, 2144, 2148, 
573, 2144, 2146, 2154, 2149, 2150, 2148, 2144, 2148, 
574, 2145, 2145, 2154, 2149, 2150, 2149, 2144, 2152, 
575, 2145, 2147, 2154, 2153, 2150, 2150, 2145, 2150, 
576, 2151, 2147, 2153, 2152, 2151, 2151, 2145, 2151, 
577, 2152, 2147, 2155, 2153, 2152, 2151, 2147, 2152, 
578, 2152, 2148, 2154, 2153, 2153, 2151, 2152, 2156, 
579, 2156, 2149, 2153, 2153, 2154, 2153, 2152, 2158, 
580, 2155, 2150, 2153, 2155, 2154, 2154, 2153, 2158, 
581, 2153, 2150, 2155, 2155, 2155, 2157, 2153, 2158, 
582, 2155, 2150, 2157, 2154, 2154, 2156, 2154, 2158, 
583, 2155, 2154, 2157, 2157, 2156, 2159, 2155, 2158, 
584, 2157, 2153, 2157, 2157, 2159, 2158, 2155, 2158, 
585, 2159, 2156, 2157, 2157, 2160, 2158, 2155, 2159, 
586, 2159, 2155, 2158, 2158, 2161, 2160, 2155, 2160, 
587, 2159, 2158, 2162, 2157, 2160, 2163, 2157, 2160, 
588, 2160, 2157, 2165, 2158, 2164, 2163, 2159, 2161, 
589, 2160, 2157, 2165, 2159, 2164, 2163, 2159, 2160, 
590, 2161, 2158, 2164, 2160, 2164, 2162, 2161, 2161, 
591, 2162, 2164, 2165, 2163, 2164, 2163, 2161, 2164, 
592, 2162, 2164, 2165, 2161, 2163, 2163, 2161, 2165, 
593, 2163, 2161, 2166, 2161, 2163, 2164, 2162, 2165, 
594, 2165, 2163, 2166, 2163, 2165, 2165, 2163, 2166, 
595, 2168, 2166, 2167, 2163, 2165, 2166, 2167, 2166, 
596, 2168, 2166, 2167, 2165, 2169, 2165, 2166, 2167, 
597, 2169, 2166, 2168, 2168, 2167, 2165, 2168, 2166, 
598, 2168, 2167, 2169, 2169, 2167, 2166, 2169, 2167, 
599, 2169, 2168, 2170, 2168, 2167, 2166, 2169, 2168, 
600, 2170, 2168, 2170, 2169, 2169, 2166, 2170, 2169, 
601, 2170, 2168, 2172, 2169, 2169, 2170, 2169, 2170, 
602, 2170, 2168, 2173, 2169, 2170, 2171, 2170, 2170, 
603, 2170, 2170, 2173, 2170, 2170, 2171, 2171, 2171, 
604, 2170, 2172, 2174, 2170, 2172, 2172, 2172, 2171, 
605, 2171, 2170, 2174, 2170, 2173, 2171, 2172, 2172, 
606, 2172, 2172, 2175, 2170, 2174, 2172, 2172, 2173, 
607, 2172, 2173, 2176, 2170, 2176, 2172, 2173, 2173, 
608, 2172, 2175, 2175, 2171, 2178, 2173, 2174, 2173, 
609, 2172, 2174, 2175, 2174, 2178, 2173, 2176, 2175, 
610, 2175, 2176, 2177, 2173, 2179, 2172, 2175, 2175, 
611, 2176, 2175, 2179, 2176, 2179, 2173, 2177, 2175, 
612, 2176, 2176, 2179, 2175, 2180, 2179, 2177, 2175, 
613, 2177, 2178, 2179, 2175, 2181, 2176, 2176, 2175, 
614, 2176, 2178, 2180, 2176, 2181, 2176, 2180, 2176, 
615, 2180, 2178, 2179, 2175, 2181, 2180, 2177, 2176, 
616, 2181, 2180, 2180, 2175, 2181, 2182, 2179, 2179, 
617, 2180, 2182, 2180, 2177, 2182, 2182, 2180, 2180, 
618, 2182, 2182, 2180, 2177, 2183, 2182, 2182, 2180, 
619, 2182, 2183, 2182, 2179, 2183, 2183, 2182, 2184, 
620, 2186, 2184, 2183, 2183, 2183, 2182, 2181, 2184, 
621, 2185, 2184, 2183, 2182, 2183, 2184, 2184, 2184, 
622, 2184, 2183, 2184, 2184, 2184, 2184, 2183, 2184, 
623, 2184, 2183, 2184, 2184, 2184, 2184, 2184, 2184, 
624, 2185, 2185, 2188, 2185, 2189, 2186, 2184, 2185, 
625, 2187, 2186, 2188, 2186, 2189, 2185, 2184, 2185, 
626, 2187, 2186, 2188, 2185, 2190, 2185, 2187, 2186, 
627, 2189, 2188, 2188, 2186, 2189, 2186, 2187, 2188, 
628, 2188, 2188, 2188, 2187, 2191, 2188, 2189, 2188, 
629, 2188, 2189, 2189, 2187, 2191, 2189, 2188, 2188, 
630, 2190, 2190, 2189, 2188, 2192, 2189, 2188, 2190, 
631, 2190, 2191, 2191, 2188, 2191, 2189, 2189, 2190, 
632, 2190, 2192, 2191, 2190, 2192, 2192, 2191, 2191, 
633, 2190, 2192, 2192, 2188, 2193, 2193, 2190, 2189, 
634, 2191, 2192, 2193, 2190, 2194, 2192, 2191, 2190, 
635, 2189, 2192, 2194, 2191, 2194, 2193, 2190, 2191, 
636, 2190, 2193, 2196, 2190, 2194, 2192, 2193, 2192, 
637, 2191, 2196, 2195, 2191, 2194, 2193, 2193, 2192, 
638, 2192, 2194, 2196, 2193, 2194, 2193, 2193, 2192, 
639, 2192, 2196, 2197, 2195, 2194, 2196, 2193, 2193, 
640, 2196, 2195, 2197, 2195, 2194, 2195, 2193, 2193, 
641, 2197, 2197, 2199, 2195, 2195, 2197, 2194, 2193, 
642, 2198, 2196, 2200, 2200, 2195, 2199, 2194, 2196, 
643, 2199, 2196, 2200, 2200, 2195, 2199, 2195, 2197, 
644, 2200, 2195, 2201, 2200, 2199, 2199, 2197, 2197, 
645, 2200, 2197, 2200, 2200, 2199, 2200, 2197, 2197, 
646, 2199, 2200, 2201, 2201, 2199, 2200, 2201, 2197, 
647, 2201, 2200, 2201, 2202, 2199, 2201, 2202, 2198, 
648, 2202, 2201, 2202, 2201, 2199, 2202, 2203, 2198, 
649, 2202, 2201, 2202, 2203, 2201, 2202, 2202, 2199, 
650, 2203, 2203, 2203, 2204, 2202, 2201, 2203, 2201, 
651, 2205, 2203, 2207, 2202, 2204, 2202, 2204, 2204, 
652, 2205, 2204, 2207, 2205, 2208, 2201, 2208, 2206, 
653, 2204, 2205, 2208, 2205, 2205, 2202, 2209, 2206, 
654, 2206, 2204, 2208, 2204, 2205, 2207, 2209, 2209, 
655, 2206, 2204, 2208, 2205, 2207, 2207, 2210, 2208, 
656, 2207, 2205, 2209, 2205, 2207, 2206, 2209, 2209, 
657, 2207, 2206, 2210, 2208, 2208, 2206, 2211, 2211, 
658, 2208, 2208, 2210, 2208, 2208, 2206, 2212, 2210, 
659, 2210, 2207, 2210, 2208, 2209, 2207, 2212, 2211, 
660, 2209, 2207, 2211, 2207, 2212, 2210, 2214, 2212, 
661, 2210, 2210, 2211, 2207, 2214, 2211, 2214, 2213, 
662, 2211, 2210, 2211, 2210, 2214, 2210, 2215, 2216, 
663, 2212, 2216, 2211, 2212, 2213, 2218, 2216, 2218, 
664, 2214, 2216, 2212, 2212, 2216, 2213, 2215, 2218, 
665, 2214, 2217, 2213, 2212, 2214, 2213, 2218, 2218, 
666, 2214, 2218, 2214, 2215, 2214, 2214, 2218, 2218, 
667, 2216, 2220, 2214, 2215, 2220, 2214, 2217, 2218, 
668, 2216, 2220, 2215, 2217, 2219, 2215, 2219, 2219, 
669, 2216, 2221, 2220, 2220, 2218, 2216, 2221, 2220, 
670, 2219, 2221, 2221, 2220, 2222, 2218, 2221, 2221, 
671, 2219, 2221, 2220, 2219, 2222, 2220, 2221, 2221, 
672, 2219, 2222, 2220, 2219, 2222, 2224, 2221, 2220, 
673, 2221, 2222, 2220, 2219, 2223, 2224, 2221, 2221, 
674, 2222, 2222, 2220, 2220, 2223, 2224, 2223, 2222, 
675, 2224, 2221, 2223, 2222, 2225, 2225, 2223, 2222, 
676, 2225, 2225, 2225, 2221, 2224, 2226, 2224, 2225, 
677, 2224, 2227, 2225, 2223, 2224, 2226, 2224, 2224, 
678, 2225, 2226, 2226, 2224, 2225, 2227, 2224, 2224, 
679, 2225, 2231, 2228, 2225, 2225, 2227, 2225, 2224, 
680, 2227, 2231, 2229, 2226, 2226, 2227, 2228, 2227, 
681, 2226, 2231, 2230, 2226, 2227, 2228, 2226, 2230, 
682, 2227, 2233, 2229, 2229, 2227, 2228, 2228, 2229, 
683, 2227, 2233, 2230, 2232, 2229, 2227, 2229, 2229, 
684, 2229, 2236, 2230, 2235, 2229, 2227, 2229, 2231, 
685, 2232, 2235, 2229, 2235, 2234, 2231, 2231, 2232, 
686, 2236, 2235, 2236, 2236, 2233, 2234, 2234, 2234, 
687, 2234, 2235, 2237, 2236, 2236, 2234, 2234, 2234, 
688, 2236, 2236, 2237, 2236, 2239, 2234, 2234, 2235, 
689, 2236, 2239, 2239, 2237, 2239, 2233, 2235, 2236, 
690, 2239, 2241, 2242, 2236, 2239, 2234, 2234, 2237, 
691, 2239, 2241, 2241, 2237, 2238, 2233, 2239, 2238, 
692, 2237, 2241, 2242, 2237, 2240, 2234, 2238, 2237, 
693, 2237, 2241, 2243, 2238, 2242, 2237, 2238, 2238, 
694, 2238, 2241, 2244, 2239, 2241, 2236, 2240, 2238, 
695, 2241, 2242, 2243, 2240, 2240, 2239, 2240, 2239, 
696, 2242, 2243, 2244, 2241, 2242, 2240, 2239, 2241, 
697, 2242, 2243, 2244, 2241, 2243, 2241, 2243, 2245, 
698, 2245, 2243, 2246, 2243, 2244, 2241, 2244, 2248, 
699, 2245, 2244, 2246, 2244, 2244, 2243, 2248, 2248, 
700, 2246, 2244, 2246, 2243, 2245, 2248, 2248, 2248, 
701, 2248, 2244, 2247, 2246, 2248, 2247, 2249, 2248, 
702, 2248, 2244, 2251, 2251, 2247, 2248, 2249, 2248, 
703, 2248, 2245, 2251, 2253, 2248, 2248, 2249, 2248, 
704, 2249, 2249, 2250, 2253, 2252, 2248, 2249, 2248, 
705, 2249, 2251, 2251, 2252, 2253, 2251, 2251, 2248, 
706, 2249, 2251, 2251, 2252, 2253, 2253, 2252, 2248, 
707, 2250, 2251, 2251, 2252, 2253, 2253, 2252, 2250, 
708, 2251, 2252, 2252, 2253, 2254, 2255, 2253, 2253, 
709, 2251, 2252, 2253, 2253, 2255, 2253, 2253, 2254, 
710, 2252, 2252, 2253, 2254, 2255, 2255, 2254, 2255, 
711, 2254, 2253, 2253, 2256, 2257, 2255, 2255, 2254, 
712, 2254, 2252, 2253, 2257, 2257, 2254, 2254, 2255, 
713, 2253, 2253, 2254, 2255, 2257, 2253, 2254, 2256, 
714, 2255, 2255, 2255, 2255, 2257, 2254, 2255, 2256, 
715, 2255, 2255, 2257, 2256, 2258, 2256, 2255, 2257, 
716, 2257, 2257, 2256, 2256, 2258, 2255, 2255, 2259, 
717, 2258, 2260, 2256, 2256, 2259, 2256, 2255, 2257, 
718, 2258, 2261, 2256, 2256, 2259, 2256, 2257, 2258, 
719, 2258, 2261, 2259, 2256, 2259, 2257, 2255, 2258, 
720, 2259, 2261, 2259, 2256, 2259, 2258, 2257, 2259, 
721, 2260, 2262, 2260, 2259, 2259, 2258, 2259, 2258, 
722, 2262, 2262, 2260, 2258, 2260, 2260, 2260, 2258, 
723, 2262, 2263, 2262, 2260, 2262, 2261, 2260, 2260, 
724, 2263, 2263, 2262, 2260, 2262, 2263, 2262, 2259, 
725, 2263, 2263, 2261, 2260, 2261, 2262, 2263, 2261, 
726, 2265, 2263, 2261, 2260, 2262, 2262, 2264, 2262, 
727, 2266, 2262, 2262, 2263, 2261, 2264, 2266, 2266, 
728, 2267, 2262, 2263, 2266, 2262, 2267, 2266, 2266, 
729, 2268, 2262, 2263, 2264, 2262, 2267, 2266, 2263, 
730, 2269, 2263, 2263, 2265, 2263, 2268, 2266, 2265, 
731, 2269, 2267, 2264, 2265, 2263, 2268, 2266, 2267, 
732, 2269, 2268, 2263, 2266, 2263, 2269, 2267, 2267, 
733, 2270, 2267, 2265, 2268, 2264, 2272, 2266, 2268, 
734, 2271, 2268, 2267, 2268, 2266, 2272, 2267, 2268, 
735, 2273, 2268, 2267, 2268, 2272, 2271, 2267, 2268, 
736, 2275, 2272, 2268, 2272, 2272, 2272, 2268, 2269, 
737, 2275, 2271, 2269, 2272, 2277, 2273, 2268, 2271, 
738, 2275, 2272, 2271, 2272, 2275, 2274, 2268, 2270, 
739, 2276, 2273, 2274, 2272, 2274, 2274, 2269, 2272, 
740, 2276, 2273, 2271, 2272, 2275, 2276, 2276, 2276, 
741, 2275, 2273, 2275, 2272, 2275, 2276, 2277, 2275, 
742, 2276, 2274, 2275, 2273, 2277, 2277, 2281, 2276, 
743, 2278, 2275, 2276, 2273, 2277, 2276, 2280, 2279, 
744, 2276, 2275, 2276, 2273, 2277, 2276, 2280, 2279, 
745, 2280, 2276, 2276, 2273, 2278, 2276, 2280, 2280, 
746, 2280, 2275, 2277, 2280, 2277, 2276, 2281, 2281, 
747, 2282, 2275, 2279, 2280, 2277, 2278, 2281, 2281, 
748, 2282, 2277, 2277, 2280, 2279, 2279, 2281, 2282, 
749, 2283, 2276, 2278, 2280, 2279, 2278, 2281, 2283, 
750, 2282, 2277, 2282, 2280, 2280, 2279, 2282, 2283, 
751, 2282, 2281, 2281, 2280, 2279, 2284, 2282, 2284, 
752, 2282, 2282, 2280, 2281, 2282, 2282, 2284, 2284, 
753, 2284, 2282, 2281, 2280, 2284, 2283, 2285, 2284, 
754, 2285, 2283, 2282, 2282, 2284, 2283, 2287, 2284, 
755, 2285, 2283, 2284, 2282, 2284, 2283, 2285, 2284, 
756, 2286, 2283, 2282, 2282, 2286, 2285, 2285, 2285, 
757, 2286, 2286, 2281, 2282, 2285, 2284, 2285, 2285, 
758, 2286, 2286, 2282, 2283, 2286, 2285, 2285, 2286, 
759, 2286, 2286, 2286, 2283, 2286, 2287, 2286, 2285, 
760, 2286, 2286, 2286, 2285, 2286, 2287, 2287, 2286, 
761, 2287, 2287, 2286, 2285, 2285, 2288, 2286, 2288, 
762, 2286, 2287, 2285, 2285, 2286, 2287, 2285, 2287, 
763, 2287, 2289, 2287, 2287, 2287, 2287, 2288, 2288, 
764, 2288, 2291, 2286, 2286, 2287, 2289, 2289, 2287, 
765, 2286, 2290, 2287, 2286, 2287, 2289, 2289, 2288, 
766, 2287, 2291, 2288, 2286, 2288, 2288, 2288, 2287, 
767, 2288, 2291, 2287, 2286, 2289, 2289, 2290, 2287, 
768, 2291, 2292, 2288, 2288, 2289, 2291, 2291, 2289, 
769, 2293, 2293, 2290, 2290, 2292, 2291, 2292, 2292, 
770, 2295, 2291, 2289, 2290, 2292, 2290, 2293, 2291, 
771, 2293, 2292, 2290, 2290, 2292, 2291, 2294, 2291, 
772, 2294, 2292, 2293, 2289, 2295, 2291, 2294, 2292, 
773, 2296, 2292, 2293, 2290, 2294, 2291, 2294, 2291, 
774, 2296, 2292, 2294, 2292, 2294, 2292, 2294, 2295, 
775, 2296, 2293, 2294, 2292, 2295, 2293, 2295, 2293, 
776, 2296, 2294, 2293, 2293, 2295, 2292, 2297, 2294, 
777, 2295, 2293, 2293, 2293, 2295, 2292, 2297, 2295, 
778, 2297, 2294, 2294, 2295, 2295, 2294, 2297, 2296, 
779, 2297, 2296, 2294, 2294, 2297, 2296, 2297, 2295, 
780, 2296, 2298, 2295, 2296, 2297, 2295, 2298, 2296, 
781, 2296, 2299, 2296, 2295, 2297, 2295, 2300, 2298, 
782, 2296, 2299, 2297, 2296, 2297, 2295, 2300, 2297, 
783, 2299, 2298, 2297, 2296, 2299, 2296, 2300, 2298, 
784, 2298, 2299, 2299, 2297, 2299, 2300, 2300, 2298, 
785, 2300, 2299, 2300, 2296, 2298, 2300, 2301, 2299, 
786, 2299, 2299, 2302, 2297, 2298, 2300, 2302, 2300, 
787, 2302, 2300, 2302, 2297, 2299, 2300, 2302, 2300, 
788, 2303, 2301, 2302, 2300, 2299, 2300, 2301, 2302, 
789, 2303, 2300, 2304, 2300, 2299, 2300, 2301, 2302, 
790, 2303, 2301, 2304, 2300, 2301, 2302, 2301, 2302, 
791, 2303, 2304, 2305, 2299, 2302, 2303, 2304, 2302, 
792, 2304, 2304, 2305, 2299, 2303, 2302, 2303, 2302, 
793, 2304, 2304, 2304, 2301, 2304, 2301, 2304, 2302, 
794, 2303, 2304, 2304, 2302, 2303, 2301, 2304, 2302, 
795, 2307, 2303, 2305, 2303, 2303, 2302, 2303, 2302, 
796, 2310, 2303, 2305, 2303, 2305, 2302, 2303, 2303, 
797, 2310, 2303, 2305, 2303, 2305, 2301, 2304, 2302, 
798, 2310, 2304, 2306, 2304, 2306, 2304, 2306, 2303, 
799, 2310, 2304, 2306, 2306, 2306, 2304, 2304, 2304, 
800, 2310, 2305, 2309, 2306, 2307, 2304, 2304, 2303, 
801, 2309, 2306, 2308, 2310, 2307, 2304, 2305, 2307, 
802, 2310, 2305, 2309, 2310, 2308, 2307, 2305, 2307, 
803, 2309, 2305, 2311, 2311, 2311, 2306, 2307, 2308, 
804, 2309, 2306, 2312, 2312, 2312, 2307, 2310, 2309, 
805, 2311, 2306, 2311, 2313, 2312, 2307, 2310, 2309, 
806, 2308, 2311, 2311, 2313, 2311, 2307, 2313, 2313, 
807, 2308, 2313, 2311, 2313, 2311, 2311, 2314, 2314, 
808, 2308, 2313, 2311, 2313, 2311, 2310, 2314, 2314, 
809, 2308, 2313, 2311, 2313, 2312, 2313, 2315, 2313, 
810, 2310, 2313, 2313, 2313, 2312, 2312, 2314, 2313, 
811, 2311, 2313, 2313, 2314, 2312, 2313, 2314, 2313, 
812, 2311, 2314, 2314, 2314, 2313, 2313, 2315, 2314, 
813, 2312, 2313, 2314, 2314, 2312, 2313, 2314, 2314, 
814, 2314, 2314, 2315, 2313, 2312, 2313, 2314, 2314, 
815, 2314, 2316, 2316, 2313, 2312, 2314, 2314, 2315, 
816, 2317, 2317, 2315, 2314, 2312, 2314, 2315, 2316, 
817, 2317, 2316, 2315, 2315, 2313, 2315, 2314, 2316, 
818, 2317, 2316, 2315, 2316, 2313, 2316, 2315, 2316, 
819, 2317, 2317, 2314, 2317, 2315, 2317, 2314, 2315, 
820, 2317, 2317, 2315, 2314, 2318, 2315, 2315, 2315, 
821, 2317, 2318, 2316, 2316, 2317, 2316, 2315, 2315, 
822, 2317, 2317, 2317, 2315, 2317, 2316, 2315, 2314, 
823, 2318, 2318, 2317, 2316, 2317, 2316, 2315, 2314, 
824, 2317, 2318, 2318, 2315, 2318, 2316, 2316, 2315, 
825, 2318, 2319, 2319, 2317, 2320, 2317, 2316, 2314, 
826, 2318, 2320, 2318, 2317, 2320, 2317, 2317, 2319, 
827, 2318, 2319, 2317, 2319, 2320, 2317, 2319, 2319, 
828, 2319, 2321, 2318, 2318, 2321, 2317, 2317, 2317, 
829, 2318, 2319, 2318, 2318, 2322, 2317, 2317, 2319, 
830, 2320, 2320, 2318, 2320, 2322, 2318, 2317, 2319, 
831, 2322, 2320, 2319, 2321, 2323, 2320, 2319, 2319, 
832, 2323, 2320, 2319, 2321, 2322, 2320, 2322, 2321, 
833, 2323, 2321, 2319, 2320, 2321, 2321, 2322, 2323, 
834, 2323, 2321, 2321, 2320, 2322, 2321, 2323, 2322, 
835, 2323, 2322, 2322, 2320, 2322, 2321, 2322, 2322, 
836, 2323, 2322, 2324, 2322, 2323, 2322, 2324, 2322, 
837, 2323, 2322, 2324, 2322, 2323, 2322, 2323, 2322, 
838, 2323, 2324, 2324, 2322, 2322, 2321, 2324, 2322, 
839, 2324, 2326, 2323, 2323, 2322, 2323, 2324, 2323, 
840, 2323, 2326, 2323, 2325, 2322, 2324, 2323, 2323, 
841, 2323, 2325, 2324, 2324, 2322, 2323, 2322, 2323, 
842, 2324, 2326, 2324, 2324, 2323, 2323, 2323, 2324, 
843, 2324, 2325, 2325, 2325, 2324, 2325, 2324, 2323, 
844, 2324, 2327, 2325, 2325, 2326, 2326, 2324, 2323, 
845, 2324, 2327, 2326, 2327, 2326, 2328, 2324, 2325, 
846, 2326, 2327, 2325, 2327, 2327, 2328, 2326, 2324, 
847, 2326, 2327, 2326, 2327, 2327, 2328, 2325, 2325, 
848, 2327, 2328, 2325, 2327, 2327, 2328, 2325, 2324, 
849, 2327, 2327, 2326, 2327, 2326, 2328, 2326, 2324, 
850, 2327, 2328, 2328, 2330, 2330, 2328, 2325, 2326, 
851, 2327, 2328, 2328, 2330, 2330, 2328, 2327, 2328, 
852, 2328, 2328, 2328, 2328, 2330, 2329, 2329, 2328, 
853, 2328, 2329, 2328, 2328, 2331, 2329, 2329, 2329, 
854, 2329, 2330, 2328, 2329, 2332, 2329, 2329, 2330, 
855, 2328, 2329, 2329, 2329, 2333, 2329, 2329, 2329, 
856, 2328, 2332, 2329, 2331, 2332, 2331, 2330, 2330, 
857, 2330, 2331, 2329, 2331, 2332, 2331, 2331, 2331, 
858, 2329, 2332, 2329, 2331, 2334, 2331, 2331, 2332, 
859, 2329, 2331, 2330, 2331, 2334, 2333, 2332, 2334, 
860, 2330, 2334, 2330, 2331, 2333, 2334, 2331, 2334, 
861, 2333, 2333, 2330, 2330, 2335, 2334, 2333, 2334, 
862, 2333, 2333, 2335, 2331, 2335, 2334, 2334, 2333, 
863, 2333, 2333, 2333, 2332, 2335, 2334, 2333, 2335, 
864, 2334, 2333, 2333, 2335, 2335, 2335, 2334, 2335, 
865, 2335, 2334, 2334, 2334, 2335, 2335, 2334, 2335, 
866, 2335, 2333, 2334, 2335, 2335, 2335, 2335, 2334, 
867, 2335, 2334, 2335, 2335, 2335, 2336, 2335, 2334, 
868, 2335, 2334, 2336, 2335, 2335, 2336, 2335, 2334, 
869, 2334, 2335, 2336, 2336, 2335, 2335, 2335, 2335, 
870, 2336, 2336, 2337, 2336, 2335, 2335, 2336, 2336, 
871, 2337, 2336, 2337, 2336, 2335, 2335, 2338, 2338, 
872, 2337, 2336, 2337, 2336, 2335, 2336, 2337, 2337, 
873, 2337, 2337, 2339, 2335, 2336, 2336, 2338, 2338, 
874, 2337, 2337, 2338, 2336, 2335, 2336, 2337, 2338, 
875, 2337, 2338, 2340, 2335, 2337, 2336, 2337, 2339, 
876, 2337, 2339, 2339, 2337, 2337, 2337, 2337, 2339, 
877, 2337, 2340, 2339, 2338, 2337, 2337, 2337, 2341, 
878, 2338, 2340, 2341, 2340, 2338, 2338, 2338, 2341, 
879, 2342, 2340, 2341, 2341, 2339, 2340, 2340, 2341, 
880, 2342, 2340, 2341, 2341, 2338, 2343, 2340, 2340, 
881, 2342, 2340, 2341, 2342, 2339, 2342, 2341, 2340, 
882, 2341, 2341, 2342, 2341, 2341, 2342, 2340, 2340, 
883, 2341, 2341, 2342, 2341, 2341, 2343, 2340, 2340, 
884, 2342, 2341, 2344, 2341, 2341, 2343, 2343, 2341, 
885, 2343, 2341, 2344, 2342, 2341, 2343, 2342, 2341, 
886, 2343, 2341, 2344, 2342, 2340, 2346, 2342, 2343, 
887, 2343, 2341, 2345, 2342, 2341, 2345, 2344, 2344, 
888, 2344, 2341, 2345, 2342, 2341, 2345, 2343, 2344, 
889, 2345, 2341, 2345, 2343, 2341, 2346, 2343, 2345, 
890, 2345, 2345, 2346, 2345, 2343, 2346, 2343, 2344, 
891, 2346, 2346, 2345, 2347, 2344, 2345, 2344, 2345, 
892, 2345, 2347, 2347, 2347, 2346, 2347, 2344, 2345, 
893, 2346, 2347, 2347, 2346, 2345, 2348, 2345, 2345, 
894, 2347, 2347, 2347, 2346, 2347, 2351, 2345, 2345, 
895, 2346, 2346, 2347, 2348, 2347, 2350, 2347, 2347, 
896, 2347, 2349, 2347, 2349, 2347, 2351, 2345, 2347, 
897, 2347, 2349, 2347, 2349, 2347, 2352, 2349, 2347, 
898, 2348, 2352, 2347, 2349, 2347, 2353, 2348, 2348, 
899, 2348, 2352, 2348, 2350, 2348, 2353, 2349, 2347, 
900, 2348, 2352, 2348, 2351, 2349, 2354, 2351, 2350, 
901, 2349, 2352, 2348, 2353, 2349, 2353, 2351, 2349, 
902, 2349, 2352, 2349, 2353, 2353, 2354, 2351, 2348, 
903, 2349, 2352, 2352, 2354, 2353, 2355, 2351, 2350, 
904, 2349, 2352, 2353, 2353, 2354, 2355, 2351, 2350, 
905, 2351, 2351, 2354, 2355, 2354, 2354, 2351, 2351, 
906, 2351, 2352, 2354, 2354, 2354, 2355, 2355, 2353, 
907, 2351, 2352, 2356, 2354, 2354, 2357, 2355, 2355, 
908, 2352, 2352, 2356, 2354, 2354, 2355, 2355, 2357, 
909, 2351, 2354, 2356, 2354, 2355, 2355, 2356, 2357, 
910, 2354, 2354, 2356, 2354, 2356, 2355, 2356, 2361, 
911, 2352, 2355, 2356, 2355, 2356, 2357, 2356, 2359, 
912, 2352, 2355, 2358, 2355, 2357, 2357, 2355, 2359, 
913, 2352, 2355, 2357, 2356, 2357, 2356, 2354, 2359, 
914, 2353, 2355, 2357, 2356, 2356, 2356, 2355, 2359, 
915, 2354, 2356, 2357, 2356, 2358, 2356, 2355, 2359, 
916, 2357, 2356, 2357, 2356, 2357, 2358, 2356, 2359, 
917, 2358, 2356, 2357, 2356, 2357, 2357, 2355, 2359, 
918, 2357, 2356, 2357, 2357, 2356, 2357, 2356, 2359, 
919, 2357, 2356, 2359, 2356, 2357, 2357, 2356, 2358, 
920, 2358, 2357, 2359, 2357, 2358, 2357, 2358, 2358, 
921, 2357, 2357, 2358, 2358, 2358, 2357, 2359, 2358, 
922, 2359, 2358, 2359, 2357, 2358, 2358, 2360, 2359, 
923, 2359, 2358, 2359, 2360, 2360, 2358, 2360, 2359, 
924, 2360, 2360, 2360, 2359, 2360, 2359, 2359, 2359, 
925, 2360, 2361, 2359, 2361, 2359, 2359, 2360, 2359, 
926, 2360, 2360, 2360, 2360, 2359, 2359, 2360, 2359, 
927, 2360, 2361, 2361, 2365, 2360, 2359, 2360, 2360, 
928, 2360, 2361, 2362, 2365, 2362, 2360, 2360, 2360, 
929, 2364, 2361, 2361, 2364, 2365, 2359, 2361, 2360, 
930, 2364, 2361, 2363, 2365, 2365, 2360, 2362, 2362, 
931, 2367, 2363, 2363, 2364, 2365, 2361, 2362, 2362, 
932, 2365, 2363, 2364, 2364, 2365, 2360, 2362, 2363, 
933, 2366, 2364, 2365, 2364, 2365, 2363, 2362, 2363, 
934, 2367, 2364, 2365, 2365, 2365, 2362, 2363, 2363, 
935, 2365, 2363, 2365, 2365, 2365, 2363, 2362, 2364, 
936, 2365, 2364, 2366, 2366, 2365, 2363, 2364, 2364, 
937, 2366, 2363, 2366, 2366, 2365, 2364, 2365, 2364, 
938, 2366, 2363, 2368, 2366, 2366, 2364, 2364, 2364, 
939, 2367, 2364, 2368, 2366, 2366, 2364, 2366, 2367, 
940, 2367, 2367, 2367, 2367, 2367, 2367, 2367, 2367, 
941, 2367, 2367, 2368, 2367, 2368, 2367, 2367, 2367, 
942, 2367, 2366, 2368, 2367, 2368, 2368, 2365, 2367, 
943, 2367, 2366, 2368, 2367, 2368, 2369, 2366, 2368, 
944, 2368, 2367, 2369, 2367, 2369, 2369, 2366, 2368, 
945, 2369, 2368, 2368, 2367, 2368, 2371, 2366, 2367, 
946, 2368, 2368, 2368, 2368, 2368, 2370, 2368, 2368, 
947, 2369, 2370, 2370, 2368, 2368, 2370, 2370, 2368, 
948, 2371, 2370, 2372, 2371, 2368, 2370, 2370, 2368, 
949, 2372, 2370, 2373, 2371, 2368, 2371, 2370, 2369, 
950, 2373, 2370, 2374, 2371, 2368, 2370, 2373, 2369, 
951, 2374, 2369, 2373, 2371, 2369, 2371, 2372, 2371, 
952, 2371, 2373, 2376, 2371, 2368, 2372, 2373, 2373, 
953, 2373, 2374, 2377, 2371, 2369, 2372, 2374, 2374, 
954, 2371, 2374, 2377, 2371, 2372, 2374, 2374, 2374, 
955, 2372, 2375, 2376, 2372, 2371, 2374, 2373, 2375, 
956, 2372, 2375, 2377, 2373, 2371, 2374, 2373, 2375, 
957, 2373, 2374, 2377, 2374, 2372, 2374, 2374, 2375, 
958, 2374, 2375, 2378, 2374, 2374, 2374, 2374, 2375, 
959, 2375, 2375, 2378, 2374, 2374, 2374, 2373, 2375, 
960, 2374, 2376, 2378, 2376, 2373, 2379, 2374, 2374, 
961, 2374, 2376, 2377, 2376, 2375, 2378, 2377, 2374, 
962, 2374, 2376, 2378, 2376, 2376, 2379, 2377, 2375, 
963, 2374, 2376, 2378, 2377, 2378, 2379, 2379, 2375, 
964, 2375, 2376, 2378, 2376, 2377, 2379, 2378, 2375, 
965, 2376, 2377, 2377, 2376, 2376, 2380, 2378, 2375, 
966, 2377, 2377, 2377, 2376, 2378, 2381, 2378, 2376, 
967, 2378, 2377, 2378, 2376, 2378, 2379, 2379, 2374, 
968, 2378, 2378, 2378, 2376, 2378, 2379, 2380, 2377, 
969, 2378, 2378, 2378, 2376, 2379, 2381, 2380, 2376, 
970, 2379, 2378, 2379, 2376, 2379, 2381, 2381, 2376, 
971, 2379, 2379, 2379, 2376, 2380, 2382, 2381, 2377, 
972, 2379, 2379, 2379, 2377, 2380, 2382, 2382, 2378, 
973, 2381, 2380, 2379, 2378, 2380, 2381, 2382, 2377, 
974, 2382, 2379, 2379, 2379, 2380, 2381, 2382, 2377, 
975, 2381, 2381, 2378, 2378, 2383, 2381, 2382, 2380, 
976, 2382, 2382, 2379, 2379, 2383, 2381, 2382, 2380, 
977, 2382, 2381, 2382, 2380, 2383, 2381, 2383, 2380, 
978, 2383, 2382, 2381, 2381, 2383, 2382, 2383, 2381, 
979, 2382, 2383, 2381, 2381, 2384, 2382, 2383, 2381, 
980, 2382, 2385, 2381, 2384, 2385, 2382, 2384, 2381, 
981, 2381, 2384, 2381, 2386, 2386, 2382, 2383, 2382, 
982, 2386, 2385, 2383, 2385, 2386, 2383, 2384, 2383, 
983, 2387, 2385, 2383, 2384, 2386, 2385, 2383, 2384, 
984, 2387, 2385, 2383, 2384, 2387, 2385, 2384, 2385, 
985, 2387, 2385, 2384, 2385, 2387, 2385, 2384, 2385, 
986, 2387, 2385, 2383, 2385, 2386, 2386, 2384, 2385, 
987, 2387, 2385, 2384, 2386, 2387, 2388, 2383, 2385, 
988, 2387, 2384, 2386, 2386, 2385, 2386, 2383, 2386, 
989, 2387, 2384, 2386, 2387, 2385, 2387, 2384, 2386, 
990, 2387, 2385, 2386, 2386, 2385, 2386, 2384, 2386, 
991, 2386, 2385, 2388, 2386, 2386, 2387, 2384, 2386, 
992, 2386, 2385, 2388, 2388, 2386, 2387, 2386, 2386, 
993, 2386, 2385, 2388, 2388, 2386, 2386, 2387, 2386, 
994, 2388, 2386, 2387, 2388, 2386, 2388, 2385, 2386, 
995, 2388, 2388, 2388, 2388, 2388, 2388, 2385, 2386, 
996, 2387, 2388, 2389, 2388, 2388, 2388, 2386, 2387, 
997, 2388, 2388, 2388, 2388, 2388, 2388, 2386, 2387, 
998, 2389, 2388, 2389, 2388, 2388, 2389, 2385, 2387, 
999, 2389, 2388, 2389, 2388, 2389, 2389, 2386, 2387, 
1000, 2389, 2388, 2389, 2388, 2390, 2389, 2386, 2388, 
1001, 2390, 2388, 2390, 2388, 2390, 2388, 2388, 2387, 
1002, 2392, 2388, 2391, 2389, 2390, 2389, 2388, 2388, 
1003, 2390, 2391, 2390, 2387, 2390, 2388, 2389, 2389, 
1004, 2391, 2390, 2391, 2387, 2390, 2387, 2390, 2388, 
1005, 2391, 2389, 2393, 2388, 2390, 2388, 2391, 2388, 
1006, 2392, 2389, 2393, 2389, 2390, 2388, 2393, 2388, 
1007, 2392, 2390, 2393, 2390, 2392, 2393, 2391, 2388, 
1008, 2392, 2390, 2393, 2391, 2391, 2391, 2391, 2389, 
1009, 2392, 2390, 2393, 2391, 2391, 2392, 2391, 2388, 
1010, 2392, 2390, 2393, 2392, 2391, 2392, 2391, 2389, 
1011, 2393, 2390, 2393, 2391, 2392, 2392, 2391, 2389, 
1012, 2393, 2391, 2393, 2392, 2391, 2393, 2391, 2389, 
1013, 2395, 2391, 2392, 2393, 2391, 2393, 2390, 2391, 
1014, 2394, 2391, 2392, 2392, 2391, 2394, 2390, 2392, 
1015, 2394, 2392, 2393, 2394, 2391, 2393, 2390, 2392, 
1016, 2393, 2393, 2393, 2394, 2391, 2392, 2393, 2392, 
1017, 2393, 2393, 2393, 2395, 2392, 2393, 2393, 2392, 
1018, 2393, 2393, 2393, 2395, 2391, 2392, 2393, 2393, 
1019, 2394, 2392, 2393, 2396, 2390, 2393, 2394, 2393, 
1020, 2393, 2392, 2392, 2395, 2391, 2392, 2393, 2394, 
1021, 2394, 2393, 2393, 2394, 2391, 2394, 2394, 2395, 
1022, 2394, 2393, 2394, 2396, 2392, 2395, 2393, 2394, 
1023, 2394, 2393, 2394, 2397, 2393, 2396, 2394, 2394, 
1024, 2397, 2393, 2394, 2398, 2394, 2395, 2394, 2394, 
1025, 2395, 2397, 2393, 2397, 2395, 2395, 2395, 2394, 
1026, 2399, 2397, 2394, 2397, 2397, 2396, 2394, 2395, 
1027, 2400, 2396, 2397, 2397, 2397, 2396, 2395, 2395, 
1028, 2400, 2396, 2397, 2398, 2396, 2396, 2396, 2394, 
1029, 2399, 2398, 2396, 2398, 2396, 2398, 2399, 2394, 
1030, 2399, 2397, 2397, 2399, 2395, 2396, 2399, 2394, 
1031, 2398, 2398, 2398, 2399, 2396, 2400, 2399, 2394, 
1032, 2399, 2398, 2398, 2398, 2396, 2399, 2399, 2394, 
1033, 2399, 2399, 2398, 2399, 2396, 2399, 2400, 2394, 
1034, 2399, 2399, 2399, 2399, 2396, 2401, 2402, 2399, 
1035, 2399, 2399, 2399, 2401, 2399, 2399, 2403, 2399, 
1036, 2400, 2402, 2399, 2402, 2398, 2400, 2403, 2400, 
1037, 2399, 2402, 2400, 2402, 2399, 2401, 2403, 2402, 
1038, 2399, 2402, 2401, 2402, 2399, 2400, 2403, 2403, 
1039, 2398, 2402, 2400, 2403, 2401, 2402, 2403, 2403, 
1040, 2399, 2402, 2399, 2402, 2401, 2402, 2403, 2402, 
1041, 2399, 2402, 2400, 2402, 2401, 2401, 2403, 2402, 
1042, 2403, 2402, 2402, 2401, 2402, 2401, 2403, 2404, 
1043, 2403, 2402, 2400, 2402, 2402, 2402, 2403, 2404, 
1044, 2403, 2404, 2403, 2402, 2403, 2404, 2404, 2403, 
1045, 2403, 2403, 2403, 2402, 2403, 2403, 2404, 2403, 
1046, 2403, 2405, 2404, 2403, 2403, 2405, 2404, 2403, 
1047, 2405, 2405, 2404, 2403, 2402, 2404, 2404, 2405, 
1048, 2404, 2405, 2403, 2403, 2402, 2404, 2404, 2403, 
1049, 2404, 2405, 2404, 2403, 2403, 2404, 2404, 2404, 
1050, 2404, 2405, 2404, 2403, 2403, 2404, 2405, 2404, 
1051, 2404, 2405, 2405, 2403, 2403, 2403, 2405, 2404, 
1052, 2404, 2404, 2405, 2404, 2404, 2405, 2405, 2405, 
1053, 2405, 2404, 2404, 2404, 2404, 2405, 2405, 2405, 
1054, 2406, 2405, 2405, 2404, 2405, 2406, 2405, 2405, 
1055, 2406, 2404, 2405, 2405, 2405, 2405, 2404, 2404, 
1056, 2407, 2404, 2405, 2404, 2407, 2407, 2404, 2405, 
1057, 2407, 2405, 2404, 2404, 2405, 2407, 2406, 2404, 
1058, 2406, 2405, 2405, 2404, 2406, 2407, 2404, 2404, 
1059, 2406, 2405, 2405, 2404, 2407, 2408, 2404, 2404, 
1060, 2405, 2406, 2405, 2404, 2407, 2407, 2405, 2405, 
1061, 2406, 2405, 2404, 2405, 2408, 2407, 2404, 2405, 
1062, 2406, 2405, 2406, 2405, 2409, 2407, 2407, 2405, 
1063, 2406, 2406, 2405, 2405, 2408, 2408, 2407, 2406, 
1064, 2407, 2406, 2407, 2405, 2409, 2407, 2407, 2406, 
1065, 2406, 2407, 2407, 2405, 2408, 2407, 2408, 2406, 
1066, 2406, 2406, 2407, 2405, 2409, 2409, 2408, 2406, 
1067, 2407, 2408, 2408, 2408, 2408, 2408, 2408, 2406, 
1068, 2407, 2408, 2408, 2407, 2409, 2408, 2408, 2406, 
1069, 2407, 2409, 2408, 2407, 2409, 2408, 2408, 2407, 
1070, 2407, 2409, 2408, 2406, 2409, 2408, 2408, 2407, 
1071, 2408, 2409, 2408, 2406, 2409, 2408, 2407, 2408, 
1072, 2408, 2409, 2408, 2408, 2409, 2409, 2408, 2409, 
1073, 2408, 2409, 2408, 2408, 2409, 2410, 2408, 2409, 
1074, 2408, 2409, 2409, 2409, 2409, 2410, 2408, 2409, 
1075, 2408, 2409, 2408, 2410, 2409, 2410, 2408, 2409, 
1076, 2409, 2409, 2408, 2410, 2409, 2409, 2409, 2409, 
1077, 2409, 2409, 2409, 2413, 2409, 2409, 2411, 2409, 
1078, 2409, 2409, 2409, 2411, 2409, 2409, 2411, 2409, 
1079, 2409, 2409, 2409, 2410, 2409, 2409, 2411, 2411, 
1080, 2409, 2410, 2409, 2411, 2409, 2409, 2411, 2410, 
1081, 2410, 2410, 2409, 2411, 2410, 2409, 2411, 2410, 
1082, 2410, 2411, 2409, 2410, 2410, 2409, 2411, 2410, 
1083, 2412, 2411, 2409, 2412, 2411, 2409, 2410, 2410, 
1084, 2412, 2410, 2409, 2411, 2411, 2409, 2411, 2409, 
1085, 2411, 2411, 2409, 2412, 2411, 2409, 2411, 2409, 
1086, 2411, 2411, 2410, 2412, 2411, 2409, 2412, 2409, 
1087, 2411, 2411, 2410, 2413, 2411, 2409, 2412, 2409, 
1088, 2412, 2411, 2411, 2413, 2413, 2409, 2412, 2410, 
1089, 2413, 2411, 2412, 2413, 2411, 2409, 2411, 2409, 
1090, 2413, 2411, 2413, 2412, 2411, 2410, 2411, 2409, 
1091, 2412, 2411, 2412, 2412, 2412, 2410, 2411, 2410, 
1092, 2412, 2412, 2414, 2412, 2413, 2411, 2411, 2410, 
1093, 2412, 2413, 2414, 2412, 2412, 2411, 2411, 2410, 
1094, 2412, 2413, 2413, 2413, 2412, 2411, 2411, 2410, 
1095, 2412, 2412, 2414, 2412, 2412, 2411, 2412, 2411, 
1096, 2413, 2414, 2413, 2412, 2412, 2411, 2413, 2412, 
1097, 2413, 2412, 2414, 2413, 2412, 2412, 2413, 2412, 
1098, 2413, 2413, 2414, 2413, 2412, 2413, 2413, 2414, 
1099, 2413, 2413, 2414, 2414, 2412, 2413, 2413, 2414, 
1100, 2413, 2413, 2414, 2414, 2413, 2414, 2413, 2414, 
1101, 2413, 2413, 2415, 2414, 2413, 2414, 2412, 2415, 
1102, 2412, 2414, 2414, 2415, 2413, 2414, 2412, 2415, 
1103, 2414, 2414, 2414, 2415, 2414, 2415, 2412, 2415, 
1104, 2416, 2414, 2414, 2414, 2414, 2415, 2413, 2415, 
1105, 2416, 2414, 2414, 2416, 2413, 2416, 2413, 2416, 
1106, 2417, 2414, 2413, 2416, 2415, 2415, 2413, 2415, 
1107, 2417, 2415, 2414, 2416, 2416, 2414, 2413, 2415, 
1108, 2417, 2414, 2414, 2417, 2415, 2416, 2413, 2415, 
1109, 2416, 2414, 2415, 2416, 2415, 2415, 2414, 2415, 
1110, 2416, 2414, 2414, 2416, 2415, 2415, 2416, 2416, 
1111, 2417, 2414, 2414, 2417, 2416, 2414, 2417, 2415, 
1112, 2416, 2414, 2414, 2417, 2417, 2414, 2417, 2416, 
1113, 2417, 2415, 2414, 2417, 2416, 2414, 2418, 2416, 
1114, 2416, 2415, 2416, 2417, 2417, 2414, 2417, 2416, 
1115, 2416, 2416, 2417, 2417, 2417, 2414, 2418, 2416, 
1116, 2415, 2417, 2417, 2417, 2417, 2415, 2418, 2416, 
1117, 2415, 2417, 2417, 2417, 2417, 2415, 2417, 2416, 
1118, 2415, 2418, 2417, 2417, 2417, 2416, 2418, 2417, 
1119, 2416, 2418, 2419, 2417, 2418, 2415, 2418, 2417, 
1120, 2416, 2417, 2417, 2417, 2417, 2417, 2418, 2417, 
1121, 2419, 2418, 2418, 2417, 2417, 2418, 2418, 2417, 
1122, 2418, 2418, 2416, 2417, 2417, 2419, 2419, 2417, 
1123, 2418, 2418, 2416, 2417, 2417, 2419, 2418, 2418, 
1124, 2419, 2418, 2417, 2417, 2418, 2418, 2419, 2421, 
1125, 2419, 2417, 2418, 2418, 2418, 2421, 2418, 2421, 
1126, 2419, 2419, 2418, 2417, 2419, 2421, 2419, 2420, 
1127, 2419, 2419, 2418, 2418, 2419, 2421, 2419, 2420, 
1128, 2419, 2420, 2419, 2420, 2419, 2422, 2419, 2421, 
1129, 2419, 2420, 2419, 2420, 2419, 2422, 2420, 2421, 
1130, 2419, 2419, 2420, 2421, 2419, 2422, 2421, 2421, 
1131, 2419, 2419, 2419, 2418, 2419, 2422, 2420, 2420, 
1132, 2419, 2420, 2419, 2420, 2420, 2421, 2420, 2421, 
1133, 2419, 2420, 2419, 2420, 2420, 2422, 2420, 2420, 
1134, 2419, 2420, 2420, 2421, 2420, 2422, 2422, 2421, 
1135, 2420, 2420, 2419, 2421, 2420, 2422, 2422, 2422, 
1136, 2421, 2420, 2420, 2421, 2420, 2422, 2422, 2421, 
1137, 2420, 2419, 2420, 2422, 2420, 2422, 2422, 2421, 
1138, 2420, 2419, 2421, 2421, 2420, 2421, 2422, 2421, 
1139, 2421, 2420, 2421, 2421, 2420, 2421, 2422, 2421, 
1140, 2421, 2420, 2421, 2422, 2420, 2421, 2422, 2422, 
1141, 2421, 2420, 2421, 2422, 2421, 2421, 2422, 2422, 
1142, 2421, 2421, 2420, 2422, 2421, 2421, 2422, 2422, 
1143, 2421, 2420, 2421, 2422, 2421, 2422, 2422, 2422, 
1144, 2421, 2420, 2422, 2422, 2422, 2422, 2422, 2422, 
1145, 2421, 2421, 2421, 2421, 2421, 2422, 2422, 2423, 
1146, 2421, 2422, 2421, 2423, 2422, 2422, 2422, 2422, 
1147, 2421, 2422, 2423, 2423, 2422, 2422, 2422, 2422, 
1148, 2421, 2422, 2424, 2423, 2422, 2422, 2423, 2422, 
1149, 2421, 2423, 2423, 2423, 2422, 2422, 2423, 2422, 
1150, 2421, 2423, 2424, 2423, 2422, 2422, 2422, 2422, 
1151, 2421, 2423, 2424, 2422, 2422, 2422, 2423, 2422, 
1152, 2421, 2423, 2424, 2423, 2422, 2424, 2424, 2422, 
1153, 2421, 2422, 2424, 2423, 2422, 2423, 2423, 2423, 
1154, 2421, 2422, 2423, 2423, 2422, 2423, 2423, 2423, 
1155, 2422, 2423, 2423, 2423, 2422, 2424, 2423, 2423, 
1156, 2421, 2423, 2423, 2423, 2423, 2424, 2423, 2423, 
1157, 2422, 2424, 2423, 2423, 2422, 2424, 2423, 2423, 
1158, 2423, 2424, 2424, 2422, 2422, 2424, 2422, 2423, 
1159, 2422, 2423, 2424, 2424, 2423, 2424, 2422, 2423, 
1160, 2423, 2424, 2424, 2423, 2423, 2423, 2422, 2423, 
1161, 2423, 2424, 2425, 2423, 2422, 2423, 2423, 2424, 
1162, 2423, 2424, 2425, 2423, 2423, 2423, 2423, 2424, 
1163, 2423, 2424, 2425, 2423, 2422, 2423, 2424, 2424, 
1164, 2423, 2424, 2425, 2423, 2422, 2423, 2423, 2425, 
1165, 2422, 2424, 2425, 2423, 2423, 2423, 2424, 2425, 
1166, 2425, 2425, 2425, 2423, 2423, 2423, 2424, 2425, 
1167, 2423, 2424, 2425, 2424, 2424, 2424, 2424, 2425, 
1168, 2424, 2424, 2425, 2424, 2424, 2423, 2424, 2425, 
1169, 2425, 2424, 2425, 2424, 2424, 2423, 2424, 2425, 
1170, 2425, 2425, 2425, 2426, 2424, 2423, 2424, 2425, 
1171, 2425, 2424, 2425, 2425, 2424, 2423, 2424, 2425, 
1172, 2425, 2424, 2425, 2425, 2424, 2424, 2424, 2425, 
1173, 2425, 2423, 2425, 2425, 2424, 2424, 2424, 2425, 
1174, 2425, 2424, 2425, 2425, 2425, 2424, 2423, 2424, 
1175, 2424, 2423, 2427, 2424, 2424, 2425, 2422, 2424, 
1176, 2425, 2426, 2427, 2426, 2425, 2426, 2426, 2426, 
1177, 2425, 2425, 2427, 2427, 2425, 2426, 2424, 2425, 
1178, 2425, 2424, 2426, 2427, 2425, 2426, 2424, 2425, 
1179, 2426, 2425, 2426, 2428, 2425, 2426, 2424, 2425, 
1180, 2426, 2425, 2427, 2428, 2425, 2426, 2425, 2425, 
1181, 2427, 2425, 2427, 2427, 2426, 2426, 2425, 2427, 
1182, 2426, 2426, 2427, 2426, 2425, 2426, 2426, 2426, 
1183, 2426, 2426, 2427, 2426, 2425, 2426, 2426, 2427, 
1184, 2426, 2427, 2427, 2427, 2425, 2426, 2426, 2427, 
1185, 2426, 2426, 2427, 2427, 2425, 2426, 2426, 2427, 
1186, 2426, 2426, 2426, 2428, 2426, 2427, 2426, 2427, 
1187, 2426, 2427, 2427, 2428, 2426, 2427, 2426, 2427, 
1188, 2425, 2426, 2426, 2427, 2426, 2427, 2426, 2426, 
1189, 2425, 2427, 2427, 2428, 2426, 2428, 2426, 2427, 
1190, 2426, 2427, 2427, 2428, 2426, 2427, 2426, 2427, 
1191, 2426, 2427, 2428, 2428, 2426, 2428, 2427, 2427, 
1192, 2426, 2427, 2427, 2428, 2428, 2427, 2427, 2427, 
1193, 2427, 2427, 2427, 2428, 2428, 2427, 2427, 2428, 
1194, 2427, 2428, 2428, 2428, 2428, 2428, 2427, 2427, 
1195, 2427, 2430, 2429, 2428, 2427, 2429, 2427, 2429, 
1196, 2427, 2429, 2428, 2428, 2428, 2428, 2428, 2429, 
1197, 2426, 2430, 2428, 2428, 2431, 2428, 2429, 2427, 
1198, 2426, 2430, 2429, 2427, 2431, 2428, 2430, 2427, 
1199, 2427, 2430, 2429, 2427, 2430, 2428, 2430, 2428, 
1200, 2427, 2430, 2429, 2428, 2430, 2428, 2430, 2427, 
1201, 2428, 2430, 2430, 2431, 2430, 2428, 2430, 2427, 
1202, 2427, 2430, 2432, 2431, 2431, 2428, 2429, 2428, 
1203, 2430, 2430, 2432, 2431, 2431, 2428, 2430, 2428, 
1204, 2430, 2431, 2432, 2430, 2430, 2429, 2431, 2428, 
1205, 2432, 2431, 2432, 2431, 2430, 2429, 2431, 2427, 
1206, 2432, 2431, 2432, 2431, 2430, 2429, 2431, 2431, 
1207, 2431, 2431, 2432, 2431, 2430, 2429, 2430, 2429, 
1208, 2431, 2431, 2432, 2430, 2430, 2430, 2431, 2429, 
1209, 2431, 2431, 2431, 2432, 2430, 2430, 2431, 2431, 
1210, 2432, 2432, 2431, 2431, 2431, 2430, 2431, 2431, 
1211, 2431, 2432, 2431, 2432, 2430, 2430, 2431, 2431, 
1212, 2430, 2432, 2432, 2432, 2430, 2430, 2431, 2433, 
1213, 2431, 2432, 2432, 2432, 2430, 2430, 2431, 2433, 
1214, 2430, 2432, 2431, 2432, 2432, 2431, 2431, 2433, 
1215, 2434, 2434, 2432, 2432, 2430, 2431, 2431, 2433, 
1216, 2434, 2434, 2431, 2432, 2431, 2431, 2431, 2433, 
1217, 2434, 2434, 2431, 2432, 2432, 2432, 2431, 2432, 
1218, 2433, 2434, 2433, 2431, 2433, 2432, 2431, 2432, 
1219, 2433, 2433, 2431, 2432, 2433, 2431, 2431, 2432, 
1220, 2433, 2434, 2431, 2432, 2433, 2431, 2432, 2432, 
1221, 2434, 2434, 2432, 2432, 2433, 2433, 2432, 2432, 
1222, 2433, 2434, 2431, 2432, 2433, 2433, 2432, 2432, 
1223, 2433, 2433, 2435, 2432, 2432, 2433, 2431, 2433, 
1224, 2433, 2433, 2436, 2432, 2432, 2432, 2431, 2433, 
1225, 2434, 2433, 2437, 2432, 2432, 2433, 2432, 2433, 
1226, 2434, 2433, 2433, 2433, 2432, 2433, 2431, 2433, 
1227, 2432, 2433, 2433, 2433, 2433, 2433, 2432, 2432, 
1228, 2432, 2433, 2434, 2433, 2433, 2433, 2433, 2432, 
1229, 2432, 2433, 2434, 2434, 2433, 2433, 2433, 2432, 
1230, 2432, 2433, 2435, 2434, 2433, 2434, 2433, 2433, 
1231, 2433, 2433, 2435, 2434, 2433, 2434, 2433, 2434, 
1232, 2432, 2433, 2435, 2435, 2433, 2435, 2435, 2434, 
1233, 2433, 2434, 2435, 2434, 2433, 2435, 2435, 2434, 
1234, 2433, 2434, 2435, 2436, 2433, 2435, 2436, 2433, 
1235, 2433, 2435, 2435, 2435, 2433, 2437, 2435, 2433, 
1236, 2432, 2435, 2435, 2436, 2433, 2436, 2437, 2434, 
1237, 2432, 2435, 2435, 2436, 2434, 2437, 2435, 2434, 
1238, 2432, 2435, 2435, 2436, 2433, 2437, 2436, 2434, 
1239, 2432, 2436, 2435, 2436, 2434, 2437, 2436, 2437, 
1240, 2432, 2435, 2435, 2436, 2433, 2437, 2436, 2437, 
1241, 2434, 2435, 2436, 2437, 2434, 2437, 2436, 2435, 
1242, 2435, 2434, 2436, 2436, 2435, 2436, 2436, 2437, 
1243, 2434, 2435, 2436, 2436, 2435, 2437, 2436, 2437, 
1244, 2434, 2435, 2436, 2436, 2435, 2436, 2436, 2437, 
1245, 2436, 2435, 2436, 2436, 2436, 2437, 2437, 2437, 
1246, 2436, 2435, 2436, 2436, 2436, 2437, 2437, 2437, 
1247, 2436, 2435, 2436, 2436, 2437, 2436, 2437, 2437, 
1248, 2436, 2437, 2435, 2436, 2437, 2436, 2437, 2437, 
1249, 2437, 2436, 2435, 2437, 2437, 2436, 2437, 2437, 
1250, 2437, 2435, 2435, 2437, 2437, 2436, 2436, 2437, 
1251, 2437, 2437, 2436, 2437, 2437, 2437, 2437, 2437, 
1252, 2437, 2437, 2436, 2437, 2437, 2436, 2437, 2437, 
1253, 2437, 2437, 2436, 2437, 2437, 2438, 2437, 2437, 
1254, 2437, 2435, 2436, 2437, 2437, 2438, 2437, 2438, 
1255, 2437, 2437, 2435, 2437, 2437, 2438, 2437, 2438, 
1256, 2437, 2437, 2436, 2437, 2437, 2438, 2437, 2438, 
1257, 2437, 2437, 2437, 2437, 2436, 2438, 2438, 2438, 
1258, 2437, 2437, 2436, 2437, 2437, 2438, 2437, 2438, 
1259, 2438, 2437, 2436, 2437, 2436, 2438, 2437, 2438, 
1260, 2437, 2438, 2436, 2437, 2437, 2438, 2436, 2438, 
1261, 2437, 2439, 2436, 2437, 2437, 2438, 2437, 2438, 
1262, 2437, 2438, 2436, 2437, 2438, 2438, 2437, 2438, 
1263, 2437, 2438, 2437, 2437, 2438, 2438, 2436, 2437, 
1264, 2437, 2437, 2437, 2437, 2437, 2438, 2438, 2437, 
1265, 2436, 2438, 2437, 2437, 2438, 2438, 2438, 2438, 
1266, 2436, 2438, 2436, 2437, 2437, 2438, 2437, 2438, 
1267, 2437, 2438, 2436, 2437, 2437, 2438, 2438, 2438, 
1268, 2438, 2438, 2439, 2437, 2437, 2438, 2438, 2438, 
1269, 2437, 2438, 2439, 2437, 2437, 2437, 2438, 2438, 
1270, 2437, 2438, 2439, 2437, 2437, 2438, 2437, 2437, 
1271, 2436, 2437, 2439, 2437, 2437, 2437, 2437, 2439, 
1272, 2438, 2438, 2438, 2438, 2436, 2437, 2437, 2439, 
1273, 2437, 2438, 2438, 2439, 2437, 2437, 2437, 2439, 
1274, 2437, 2438, 2438, 2440, 2437, 2438, 2438, 2439, 
1275, 2438, 2438, 2438, 2439, 2437, 2437, 2438, 2439, 
1276, 2438, 2438, 2438, 2439, 2435, 2437, 2437, 2438, 
1277, 2437, 2438, 2437, 2438, 2437, 2437, 2437, 2438, 
1278, 2437, 2438, 2438, 2438, 2437, 2438, 2437, 2438, 
1279, 2437, 2438, 2438, 2438, 2437, 2438, 2437, 2438, 
1280, 2437, 2437, 2438, 2438, 2437, 2438, 2438, 2437, 
1281, 2437, 2437, 2438, 2438, 2437, 2438, 2438, 2437, 
1282, 2438, 2437, 2438, 2438, 2437, 2439, 2438, 2438, 
1283, 2437, 2437, 2438, 2438, 2439, 2438, 2439, 2440, 
1284, 2437, 2437, 2438, 2438, 2438, 2440, 2439, 2440, 
1285, 2438, 2437, 2438, 2438, 2440, 2440, 2439, 2440, 
1286, 2436, 2437, 2437, 2438, 2440, 2439, 2440, 2440, 
1287, 2438, 2437, 2438, 2437, 2440, 2439, 2439, 2440, 
1288, 2437, 2438, 2438, 2436, 2438, 2440, 2440, 2440, 
1289, 2437, 2438, 2439, 2439, 2440, 2439, 2440, 2440, 
1290, 2436, 2439, 2439, 2438, 2440, 2439, 2440, 2440, 
1291, 2437, 2438, 2439, 2438, 2440, 2439, 2441, 2440, 
1292, 2439, 2439, 2439, 2438, 2440, 2439, 2440, 2440, 
1293, 2441, 2439, 2439, 2438, 2439, 2439, 2440, 2441, 
1294, 2438, 2438, 2439, 2438, 2438, 2440, 2440, 2441, 
1295, 2438, 2440, 2440, 2439, 2439, 2440, 2440, 2440, 
1296, 2439, 2439, 2441, 2439, 2439, 2440, 2440, 2441, 
1297, 2439, 2439, 2441, 2440, 2439, 2440, 2441, 2441, 
1298, 2439, 2440, 2441, 2440, 2439, 2440, 2441, 2440, 
1299, 2439, 2440, 2441, 2440, 2440, 2440, 2441, 2440, 
1300, 2439, 2441, 2441, 2441, 2441, 2440, 2441, 2440, 
1301, 2440, 2441, 2441, 2440, 2442, 2440, 2441, 2441, 
1302, 2441, 2441, 2440, 2441, 2442, 2440, 2440, 2441, 
1303, 2441, 2441, 2440, 2441, 2442, 2440, 2440, 2440, 
1304, 2441, 2441, 2441, 2442, 2442, 2440, 2442, 2441, 
1305, 2441, 2441, 2440, 2442, 2442, 2440, 2442, 2442, 
1306, 2441, 2440, 2440, 2442, 2442, 2442, 2442, 2442, 
1307, 2441, 2441, 2441, 2441, 2441, 2442, 2441, 2442, 
1308, 2441, 2440, 2440, 2442, 2441, 2442, 2441, 2441, 
1309, 2441, 2441, 2441, 2442, 2441, 2442, 2441, 2442, 
1310, 2441, 2440, 2442, 2442, 2441, 2442, 2441, 2442, 
1311, 2442, 2439, 2442, 2442, 2442, 2441, 2441, 2442, 
1312, 2442, 2440, 2441, 2442, 2441, 2441, 2441, 2442, 
1313, 2442, 2440, 2441, 2442, 2442, 2442, 2442, 2442, 
1314, 2442, 2441, 2441, 2441, 2441, 2442, 2442, 2442, 
1315, 2440, 2441, 2441, 2442, 2441, 2442, 2442, 2442, 
1316, 2442, 2439, 2442, 2442, 2441, 2442, 2442, 2442, 
1317, 2441, 2442, 2441, 2443, 2442, 2442, 2442, 2442, 
1318, 2442, 2441, 2441, 2442, 2442, 2442, 2442, 2442, 
1319, 2442, 2441, 2442, 2442, 2442, 2442, 2443, 2441, 
1320, 2442, 2441, 2442, 2442, 2442, 2442, 2443, 2441, 
1321, 2441, 2442, 2442, 2442, 2442, 2442, 2442, 2441, 
1322, 2443, 2442, 2441, 2442, 2442, 2442, 2443, 2441, 
1323, 2443, 2441, 2442, 2442, 2442, 2442, 2443, 2441, 
1324, 2443, 2442, 2442, 2442, 2442, 2442, 2442, 2441, 
1325, 2442, 2442, 2442, 2442, 2441, 2442, 2442, 2441, 
1326, 2442, 2441, 2442, 2442, 2442, 2442, 2442, 2441, 
1327, 2442, 2441, 2442, 2443, 2442, 2442, 2442, 2442, 
1328, 2442, 2442, 2442, 2443, 2442, 2442, 2443, 2441, 
1329, 2441, 2442, 2443, 2443, 2442, 2442, 2443, 2442, 
1330, 2442, 2442, 2443, 2442, 2443, 2441, 2443, 2442, 
1331, 2442, 2442, 2442, 2442, 2443, 2442, 2442, 2442, 
1332, 2442, 2442, 2443, 2443, 2442, 2442, 2442, 2443, 
1333, 2442, 2442, 2442, 2443, 2443, 2442, 2442, 2443, 
1334, 2442, 2442, 2442, 2443, 2442, 2442, 2442, 2443, 
1335, 2441, 2443, 2443, 2442, 2443, 2443, 2442, 2443, 
1336, 2442, 2443, 2442, 2443, 2443, 2443, 2443, 2443, 
1337, 2442, 2442, 2442, 2443, 2443, 2442, 2443, 2443, 
1338, 2442, 2443, 2442, 2443, 2443, 2442, 2443, 2443, 
1339, 2442, 2443, 2442, 2443, 2443, 2443, 2443, 2443, 
1340, 2442, 2443, 2442, 2443, 2443, 2443, 2443, 2443, 
1341, 2442, 2443, 2442, 2443, 2443, 2444, 2443, 2444, 
1342, 2443, 2444, 2443, 2443, 2443, 2444, 2443, 2442, 
1343, 2442, 2444, 2443, 2443, 2443, 2443, 2443, 2442, 
1344, 2444, 2444, 2442, 2442, 2443, 2443, 2443, 2442, 
1345, 2442, 2444, 2442, 2443, 2443, 2443, 2443, 2442, 
1346, 2442, 2444, 2442, 2442, 2444, 2443, 2442, 2442, 
1347, 2441, 2443, 2444, 2443, 2443, 2443, 2442, 2441, 
1348, 2441, 2443, 2444, 2443, 2444, 2442, 2443, 2441, 
1349, 2443, 2443, 2444, 2443, 2444, 2443, 2443, 2441, 
1350, 2443, 2444, 2443, 2443, 2443, 2443, 2443, 2441, 
1351, 2443, 2444, 2442, 2443, 2443, 2443, 2443, 2443, 
1352, 2444, 2444, 2443, 2443, 2443, 2443, 2443, 2443, 
1353, 2444, 2444, 2443, 2442, 2443, 2443, 2444, 2443, 
1354, 2444, 2444, 2443, 2443, 2444, 2443, 2444, 2443, 
1355, 2444, 2444, 2443, 2443, 2444, 2443, 2444, 2443, 
1356, 2444, 2443, 2443, 2443, 2444, 2443, 2444, 2443, 
1357, 2443, 2445, 2445, 2444, 2444, 2443, 2443, 2443, 
1358, 2443, 2445, 2445, 2444, 2444, 2443, 2443, 2443, 
1359, 2444, 2445, 2445, 2445, 2444, 2443, 2442, 2443, 
1360, 2444, 2445, 2445, 2445, 2444, 2443, 2443, 2444, 
1361, 2443, 2445, 2445, 2445, 2444, 2443, 2443, 2444, 
1362, 2443, 2445, 2445, 2445, 2444, 2444, 2444, 2444, 
1363, 2444, 2445, 2445, 2445, 2443, 2443, 2444, 2443, 
1364, 2443, 2445, 2445, 2445, 2445, 2444, 2443, 2443, 
1365, 2443, 2445, 2445, 2445, 2445, 2444, 2443, 2444, 
1366, 2443, 2445, 2445, 2445, 2445, 2443, 2443, 2444, 
1367, 2443, 2445, 2445, 2445, 2445, 2442, 2443, 2444, 
1368, 2443, 2445, 2445, 2445, 2444, 2443, 2443, 2443, 
1369, 2443, 2445, 2445, 2445, 2444, 2443, 2443, 2443, 
1370, 2443, 2445, 2444, 2445, 2444, 2442, 2443, 2443, 
1371, 2443, 2445, 2444, 2445, 2445, 2445, 2444, 2443, 
1372, 2443, 2445, 2445, 2444, 2445, 2444, 2445, 2443, 
1373, 2444, 2445, 2445, 2445, 2444, 2444, 2445, 2444, 
1374, 2443, 2445, 2445, 2445, 2445, 2444, 2445, 2444, 
1375, 2443, 2445, 2444, 2445, 2445, 2445, 2445, 2443, 
1376, 2444, 2445, 2444, 2445, 2445, 2445, 2445, 2445, 
1377, 2444, 2445, 2444, 2445, 2445, 2445, 2445, 2444, 
1378, 2444, 2445, 2445, 2445, 2445, 2443, 2445, 2444, 
1379, 2444, 2445, 2445, 2445, 2445, 2443, 2445, 2445, 
1380, 2444, 2445, 2445, 2445, 2445, 2443, 2445, 2445, 
1381, 2445, 2445, 2445, 2445, 2445, 2444, 2445, 2445, 
1382, 2445, 2445, 2445, 2445, 2445, 2445, 2445, 2445, 
1383, 2445, 2445, 2445, 2445, 2445, 2445, 2445, 2445, 
1384, 2445, 2444, 2445, 2445, 2445, 2445, 2445, 2445, 
1385, 2445, 2444, 2445, 2445, 2445, 2445, 2445, 2445, 
1386, 2445, 2444, 2445, 2445, 2445, 2445, 2445, 2445, 
1387, 2445, 2445, 2444, 2445, 2445, 2445, 2445, 2445, 
1388, 2445, 2445, 2444, 2445, 2445, 2444, 2445, 2445, 
1389, 2444, 2444, 2445, 2445, 2445, 2444, 2445, 2445, 
1390, 2444, 2444, 2444, 2445, 2445, 2444, 2445, 2445, 
1391, 2444, 2445, 2444, 2445, 2445, 2445, 2445, 2445, 
1392, 2444, 2445, 2444, 2445, 2444, 2445, 2444, 2445, 
1393, 2443, 2445, 2444, 2445, 2445, 2445, 2444, 2445, 
1394, 2444, 2445, 2445, 2445, 2444, 2445, 2444, 2445, 
1395, 2444, 2444, 2444, 2445, 2444, 2445, 2444, 2445, 
1396, 2445, 2444, 2445, 2445, 2444, 2445, 2444, 2445, 
1397, 2445, 2445, 2445, 2445, 2444, 2445, 2443, 2445, 
1398, 2444, 2445, 2445, 2445, 2444, 2445, 2443, 2445, 
1399, 2445, 2445, 2445, 2445, 2444, 2445, 2444, 2445, 
1400, 2445, 2445, 2445, 2444, 2444, 2444, 2444, 2445, 
1401, 2445, 2445, 2445, 2444, 2444, 2444, 2444, 2445, 
1402, 2445, 2445, 2446, 2444, 2444, 2445, 2444, 2445, 
1403, 2445, 2445, 2445, 2444, 2444, 2445, 2444, 2445, 
1404, 2445, 2445, 2446, 2444, 2444, 2445, 2445, 2445, 
1405, 2445, 2445, 2445, 2445, 2444, 2444, 2444, 2445, 
1406, 2445, 2445, 2446, 2445, 2444, 2445, 2445, 2445, 
1407, 2444, 2444, 2446, 2445, 2444, 2444, 2444, 2445, 
1408, 2445, 2444, 2446, 2444, 2444, 2445, 2444, 2446, 
1409, 2445, 2444, 2446, 2445, 2444, 2445, 2444, 2446, 
1410, 2444, 2444, 2446, 2445, 2443, 2445, 2444, 2445, 
1411, 2444, 2444, 2446, 2444, 2443, 2445, 2444, 2446, 
1412, 2446, 2444, 2446, 2444, 2445, 2445, 2445, 2445, 
1413, 2446, 2444, 2446, 2445, 2445, 2444, 2445, 2445, 
1414, 2446, 2444, 2446, 2445, 2445, 2445, 2445, 2446, 
1415, 2446, 2444, 2446, 2445, 2445, 2445, 2445, 2446, 
1416, 2447, 2444, 2446, 2445, 2445, 2444, 2446, 2446, 
1417, 2447, 2445, 2446, 2445, 2445, 2446, 2445, 2446, 
1418, 2447, 2445, 2446, 2445, 2445, 2445, 2445, 2445, 
1419, 2446, 2444, 2446, 2445, 2445, 2446, 2446, 2445, 
1420, 2445, 2445, 2446, 2445, 2446, 2446, 2446, 2446, 
1421, 2446, 2444, 2446, 2446, 2445, 2447, 2446, 2446, 
1422, 2446, 2445, 2446, 2445, 2444, 2447, 2445, 2446, 
1423, 2446, 2445, 2446, 2444, 2444, 2447, 2445, 2445, 
1424, 2445, 2446, 2446, 2445, 2445, 2447, 2446, 2446, 
1425, 2445, 2447, 2446, 2445, 2445, 2447, 2445, 2446, 
1426, 2446, 2447, 2446, 2444, 2445, 2446, 2445, 2445, 
1427, 2445, 2447, 2446, 2445, 2445, 2447, 2445, 2445, 
1428, 2446, 2447, 2446, 2444, 2445, 2446, 2445, 2446, 
1429, 2446, 2447, 2446, 2444, 2445, 2448, 2446, 2446, 
