Runtime (microseconds), 16069
Generation, Fitness Island 0, Fitness Island 1, Fitness Island 2, Fitness Island 3, Fitness Island 4, Fitness Island 5, Fitness Island 6, Fitness Island 7
0, 21, 21, 18, 22, 19, 20, 21, 20, 
1, 21, 22, 23, 22, 21, 21, 24, 21, 
2, 23, 22, 23, 22, 22, 25, 26, 23, 
3, 23, 23, 26, 23, 23, 24, 26, 24, 
4, 24, 24, 29, 24, 23, 26, 26, 23, 
5, 26, 25, 28, 25, 24, 26, 26, 24, 
6, 27, 26, 29, 25, 25, 27, 26, 24, 
7, 29, 26, 29, 29, 23, 28, 27, 24, 
8, 28, 26, 29, 30, 25, 28, 27, 26, 
9, 28, 27, 29, 27, 27, 27, 28, 27, 
10, 29, 27, 30, 29, 27, 28, 29, 27, 
11, 29, 28, 30, 28, 27, 27, 29, 27, 
12, 30, 28, 30, 29, 29, 28, 29, 27, 
13, 30, 28, 30, 29, 29, 30, 29, 28, 
14, 30, 29, 30, 29, 28, 30, 30, 29, 
15, 30, 29, 30, 30, 28, 30, 30, 30, 
16, 30, 29, 30, 30, 29, 30, 29, 30, 
17, 31, 30, 31, 30, 28, 30, 30, 30, 
18, 31, 29, 31, 31, 29, 30, 30, 30, 
19, 31, 30, 32, 31, 30, 30, 31, 32, 
