Runtime (microseconds), 19464
Generation, Fitness Island 0, Fitness Island 1, Fitness Island 2, Fitness Island 3, Fitness Island 4, Fitness Island 5, Fitness Island 6, Fitness Island 7
0, 40, 36, 38, 43, 39, 38, 38, 41, 
1, 44, 35, 39, 44, 40, 39, 40, 40, 
2, 44, 36, 42, 48, 41, 40, 42, 42, 
3, 45, 38, 42, 48, 44, 43, 43, 47, 
4, 45, 39, 43, 49, 44, 42, 42, 46, 
5, 47, 41, 48, 50, 45, 44, 45, 46, 
6, 47, 43, 47, 50, 47, 46, 44, 48, 
7, 48, 45, 48, 51, 47, 50, 46, 49, 
8, 49, 48, 48, 51, 47, 50, 46, 49, 
9, 49, 50, 49, 51, 47, 51, 47, 49, 
10, 51, 50, 50, 52, 48, 51, 49, 50, 
11, 52, 50, 52, 53, 50, 52, 48, 50, 
12, 54, 51, 52, 53, 52, 52, 53, 52, 
13, 55, 55, 54, 54, 52, 53, 53, 53, 
14, 57, 53, 54, 54, 55, 54, 52, 54, 
15, 55, 54, 54, 55, 54, 54, 54, 56, 
16, 56, 55, 54, 54, 56, 53, 54, 57, 
17, 56, 58, 55, 54, 56, 57, 54, 59, 
18, 57, 59, 56, 55, 57, 57, 57, 60, 
19, 57, 58, 56, 55, 58, 57, 57, 60, 
20, 58, 59, 56, 56, 57, 60, 58, 60, 
21, 58, 60, 56, 61, 57, 59, 58, 61, 
22, 59, 60, 59, 59, 59, 59, 58, 60, 
23, 59, 60, 59, 60, 60, 60, 59, 60, 
24, 60, 62, 58, 60, 60, 61, 60, 61, 
25, 59, 62, 62, 60, 60, 61, 60, 61, 
26, 59, 62, 62, 61, 60, 61, 60, 61, 
27, 59, 62, 63, 61, 61, 60, 60, 61, 
28, 60, 62, 63, 61, 61, 62, 61, 62, 
29, 60, 63, 63, 62, 61, 61, 59, 63, 
30, 61, 62, 63, 63, 63, 62, 60, 63, 
31, 61, 63, 63, 63, 63, 63, 60, 63, 
32, 61, 62, 63, 63, 62, 62, 60, 63, 
33, 61, 62, 64, 63, 62, 62, 61, 63, 
