Runtime (microseconds), 39556
Generation, Fitness Island 0, Fitness Island 1, Fitness Island 2, Fitness Island 3, Fitness Island 4, Fitness Island 5, Fitness Island 6, Fitness Island 7
0, 150, 141, 145, 146, 154, 145, 143, 141, 
1, 151, 145, 148, 146, 153, 149, 146, 143, 
2, 151, 143, 150, 148, 154, 153, 146, 144, 
3, 153, 145, 154, 147, 156, 155, 151, 147, 
4, 154, 154, 156, 153, 156, 159, 158, 147, 
5, 154, 154, 157, 151, 161, 161, 159, 154, 
6, 157, 155, 164, 153, 163, 162, 158, 154, 
7, 161, 154, 164, 154, 163, 162, 161, 156, 
8, 162, 155, 165, 162, 166, 163, 161, 162, 
9, 162, 160, 166, 160, 169, 166, 166, 162, 
10, 163, 161, 166, 164, 169, 168, 167, 166, 
11, 165, 163, 167, 167, 170, 170, 168, 164, 
12, 167, 168, 168, 169, 172, 173, 169, 168, 
13, 171, 171, 169, 168, 173, 173, 169, 172, 
14, 173, 173, 171, 169, 174, 175, 170, 175, 
15, 173, 175, 172, 172, 176, 174, 171, 176, 
16, 174, 176, 172, 177, 177, 175, 174, 177, 
17, 176, 176, 177, 178, 177, 176, 174, 178, 
18, 177, 181, 177, 180, 178, 179, 175, 180, 
19, 181, 181, 179, 179, 181, 180, 178, 181, 
20, 181, 183, 181, 180, 184, 181, 179, 181, 
21, 182, 183, 182, 180, 185, 182, 182, 181, 
22, 181, 183, 183, 183, 184, 184, 182, 183, 
23, 182, 185, 183, 184, 185, 187, 184, 184, 
24, 183, 187, 183, 186, 186, 185, 185, 184, 
25, 183, 186, 185, 188, 190, 188, 187, 188, 
26, 185, 188, 187, 188, 190, 188, 187, 189, 
27, 187, 190, 190, 189, 190, 189, 187, 192, 
28, 187, 192, 191, 190, 195, 191, 189, 192, 
29, 190, 196, 193, 191, 195, 200, 190, 193, 
30, 193, 196, 194, 196, 198, 196, 191, 194, 
31, 192, 201, 194, 197, 199, 199, 194, 196, 
32, 196, 200, 195, 200, 199, 201, 193, 198, 
33, 199, 203, 197, 202, 201, 201, 195, 198, 
34, 200, 205, 197, 203, 201, 201, 195, 201, 
35, 202, 205, 197, 203, 202, 202, 199, 201, 
36, 202, 205, 197, 204, 202, 203, 198, 203, 
37, 206, 208, 199, 205, 203, 204, 201, 204, 
38, 206, 207, 203, 205, 203, 205, 203, 207, 
39, 206, 209, 204, 207, 203, 206, 205, 207, 
40, 206, 210, 205, 209, 204, 207, 202, 207, 
41, 207, 209, 204, 210, 203, 208, 204, 212, 
42, 212, 210, 205, 213, 203, 209, 206, 209, 
43, 209, 211, 206, 214, 214, 209, 211, 212, 
44, 214, 213, 207, 215, 215, 208, 211, 213, 
45, 214, 213, 214, 215, 212, 208, 214, 213, 
46, 214, 216, 213, 216, 211, 208, 215, 213, 
47, 216, 215, 213, 216, 213, 208, 217, 213, 
48, 217, 216, 213, 217, 213, 211, 218, 215, 
49, 219, 219, 213, 217, 215, 211, 217, 215, 
50, 219, 222, 216, 216, 219, 215, 218, 216, 
51, 219, 225, 216, 217, 219, 218, 218, 216, 
52, 220, 225, 219, 217, 221, 218, 219, 218, 
53, 221, 225, 220, 217, 221, 218, 220, 219, 
54, 221, 225, 221, 218, 223, 219, 220, 220, 
55, 223, 225, 224, 220, 222, 222, 221, 224, 
56, 223, 225, 224, 220, 224, 224, 222, 225, 
57, 224, 225, 224, 220, 223, 222, 224, 224, 
58, 224, 224, 224, 224, 224, 227, 223, 224, 
59, 227, 226, 224, 225, 225, 224, 225, 226, 
60, 228, 227, 225, 225, 225, 226, 226, 226, 
61, 228, 227, 227, 225, 224, 227, 225, 226, 
62, 228, 227, 227, 226, 225, 228, 225, 227, 
63, 230, 228, 227, 226, 226, 229, 228, 227, 
64, 230, 229, 227, 227, 227, 229, 228, 227, 
65, 229, 230, 228, 232, 227, 229, 228, 226, 
66, 230, 231, 227, 230, 228, 230, 228, 228, 
67, 230, 231, 229, 230, 229, 230, 229, 228, 
68, 232, 231, 229, 232, 231, 230, 229, 228, 
69, 231, 231, 229, 234, 231, 230, 230, 230, 
70, 231, 230, 233, 234, 231, 232, 230, 230, 
71, 232, 232, 233, 235, 233, 235, 230, 232, 
72, 232, 232, 235, 235, 234, 235, 232, 233, 
73, 233, 232, 234, 235, 234, 235, 234, 233, 
74, 234, 233, 234, 236, 235, 236, 235, 233, 
75, 235, 232, 236, 236, 236, 235, 235, 233, 
76, 234, 233, 235, 236, 236, 235, 235, 233, 
77, 235, 234, 236, 237, 237, 235, 235, 235, 
78, 235, 234, 236, 236, 238, 235, 236, 235, 
79, 236, 235, 238, 236, 238, 237, 235, 235, 
80, 237, 235, 237, 237, 237, 237, 236, 235, 
81, 238, 237, 237, 237, 238, 236, 236, 235, 
82, 238, 239, 237, 237, 238, 238, 238, 235, 
83, 238, 238, 238, 237, 238, 238, 238, 236, 
84, 238, 240, 238, 239, 239, 238, 238, 236, 
85, 239, 240, 239, 239, 239, 238, 238, 236, 
86, 238, 239, 239, 238, 239, 238, 239, 236, 
87, 239, 239, 239, 238, 239, 238, 239, 238, 
88, 240, 239, 240, 238, 239, 239, 239, 238, 
89, 241, 240, 240, 239, 238, 239, 239, 238, 
90, 241, 241, 240, 239, 238, 239, 239, 240, 
91, 241, 241, 240, 239, 240, 240, 239, 240, 
92, 240, 241, 241, 241, 240, 239, 239, 241, 
93, 241, 242, 241, 239, 240, 240, 238, 241, 
94, 241, 242, 241, 240, 241, 241, 239, 242, 
95, 241, 242, 241, 241, 241, 241, 241, 242, 
96, 241, 242, 241, 241, 242, 243, 241, 242, 
97, 240, 242, 241, 240, 243, 244, 241, 242, 
98, 240, 243, 242, 240, 242, 244, 242, 242, 
99, 243, 245, 242, 242, 242, 245, 244, 242, 
100, 242, 244, 244, 242, 243, 245, 243, 242, 
101, 245, 243, 244, 242, 242, 245, 245, 242, 
102, 245, 245, 244, 242, 243, 245, 245, 242, 
103, 245, 245, 244, 242, 244, 244, 246, 242, 
104, 246, 245, 244, 244, 243, 245, 248, 243, 
105, 246, 245, 247, 245, 243, 245, 248, 244, 
106, 246, 245, 244, 245, 243, 245, 246, 246, 
107, 248, 245, 244, 247, 244, 245, 246, 246, 
108, 248, 246, 244, 247, 244, 246, 246, 246, 
109, 249, 246, 245, 247, 245, 248, 248, 245, 
110, 251, 246, 245, 247, 245, 249, 247, 246, 
111, 251, 247, 249, 246, 245, 249, 247, 250, 
112, 251, 247, 248, 246, 246, 249, 248, 250, 
113, 251, 247, 246, 246, 246, 249, 248, 248, 
114, 251, 247, 247, 248, 246, 250, 248, 249, 
115, 251, 249, 247, 250, 246, 249, 248, 248, 
116, 251, 251, 247, 249, 247, 250, 249, 249, 
117, 252, 251, 249, 250, 249, 250, 249, 251, 
118, 251, 251, 249, 250, 248, 250, 250, 250, 
119, 251, 251, 249, 250, 249, 250, 250, 251, 
120, 251, 251, 251, 250, 251, 250, 250, 251, 
121, 251, 251, 250, 250, 252, 250, 250, 250, 
122, 252, 251, 251, 250, 251, 251, 249, 251, 
123, 251, 251, 251, 253, 251, 252, 249, 251, 
124, 252, 252, 252, 253, 251, 252, 250, 252, 
125, 251, 252, 253, 254, 252, 252, 251, 252, 
126, 252, 252, 252, 254, 252, 252, 250, 253, 
127, 252, 252, 252, 253, 252, 252, 250, 253, 
128, 252, 252, 253, 253, 252, 252, 250, 253, 
129, 254, 253, 253, 253, 253, 252, 252, 253, 
130, 253, 253, 253, 253, 253, 252, 253, 253, 
131, 254, 253, 253, 253, 253, 252, 253, 253, 
132, 254, 254, 253, 253, 253, 252, 254, 253, 
133, 254, 253, 253, 255, 253, 253, 254, 252, 
134, 254, 253, 253, 255, 253, 253, 254, 252, 
135, 254, 253, 253, 255, 253, 252, 254, 252, 
136, 255, 254, 253, 255, 253, 253, 253, 253, 
137, 254, 253, 254, 255, 253, 252, 253, 253, 
138, 253, 254, 254, 255, 254, 253, 253, 252, 
139, 253, 254, 254, 255, 253, 253, 254, 253, 
140, 254, 254, 254, 255, 254, 253, 255, 253, 
141, 254, 256, 253, 255, 255, 253, 256, 254, 
