Runtime (microseconds), 15872
Generation, Fitness Island 0, Fitness Island 1, Fitness Island 2, Fitness Island 3, Fitness Island 4, Fitness Island 5, Fitness Island 6, Fitness Island 7
0, 21, 21, 20, 18, 21, 21, 20, 21, 
1, 22, 23, 23, 19, 23, 20, 22, 23, 
2, 22, 24, 25, 19, 24, 23, 22, 23, 
3, 25, 25, 27, 21, 23, 22, 22, 25, 
4, 27, 26, 27, 22, 24, 24, 23, 24, 
5, 27, 26, 27, 23, 24, 24, 26, 25, 
6, 28, 27, 27, 23, 26, 25, 26, 25, 
7, 27, 27, 26, 25, 27, 26, 27, 25, 
8, 28, 27, 27, 27, 26, 26, 28, 26, 
9, 28, 28, 28, 27, 26, 26, 28, 26, 
10, 29, 30, 29, 29, 28, 30, 29, 29, 
11, 29, 30, 29, 29, 28, 30, 30, 29, 
12, 30, 30, 30, 29, 28, 30, 30, 29, 
13, 30, 30, 30, 28, 30, 29, 31, 29, 
14, 30, 30, 29, 30, 29, 30, 31, 30, 
15, 30, 32, 29, 30, 29, 31, 30, 30, 
