Runtime (microseconds), 17434
Generation, Fitness Island 0, Fitness Island 1, Fitness Island 2, Fitness Island 3, Fitness Island 4, Fitness Island 5, Fitness Island 6, Fitness Island 7
0, 20, 21, 20, 19, 21, 20, 20, 22, 
1, 21, 22, 22, 20, 23, 21, 21, 23, 
2, 22, 22, 24, 22, 24, 24, 23, 25, 
3, 23, 23, 24, 23, 26, 23, 23, 26, 
4, 23, 23, 24, 25, 26, 25, 25, 25, 
5, 24, 25, 25, 27, 28, 25, 26, 27, 
6, 25, 25, 26, 28, 29, 25, 27, 29, 
7, 27, 25, 26, 30, 30, 25, 27, 29, 
8, 28, 26, 26, 30, 30, 26, 28, 30, 
9, 28, 30, 28, 31, 30, 27, 28, 30, 
10, 29, 29, 28, 30, 30, 29, 29, 29, 
11, 28, 30, 28, 30, 30, 29, 29, 29, 
12, 29, 30, 28, 31, 30, 29, 30, 29, 
13, 29, 31, 28, 32, 31, 29, 30, 30, 
