Runtime (microseconds), 1063760
Generation, Fitness Island 0, Fitness Island 1, Fitness Island 2, Fitness Island 3, Fitness Island 4, Fitness Island 5, Fitness Island 6, Fitness Island 7
0, 1259, 1254, 1259, 1263, 1276, 1269, 1266, 1248, 
1, 1277, 1263, 1284, 1255, 1271, 1261, 1283, 1256, 
2, 1286, 1265, 1284, 1273, 1282, 1269, 1282, 1260, 
3, 1291, 1266, 1292, 1280, 1280, 1277, 1287, 1282, 
4, 1294, 1277, 1304, 1284, 1284, 1289, 1287, 1296, 
5, 1301, 1283, 1309, 1285, 1286, 1294, 1288, 1305, 
6, 1306, 1288, 1317, 1295, 1291, 1302, 1289, 1308, 
7, 1311, 1288, 1318, 1313, 1306, 1314, 1290, 1314, 
8, 1313, 1308, 1331, 1321, 1306, 1319, 1291, 1312, 
9, 1325, 1313, 1338, 1324, 1339, 1339, 1295, 1322, 
10, 1336, 1319, 1341, 1322, 1339, 1338, 1306, 1346, 
11, 1338, 1338, 1342, 1354, 1342, 1342, 1339, 1353, 
12, 1342, 1343, 1343, 1356, 1343, 1343, 1347, 1349, 
13, 1341, 1350, 1343, 1356, 1345, 1345, 1345, 1341, 
14, 1342, 1359, 1343, 1357, 1347, 1351, 1349, 1354, 
15, 1347, 1359, 1345, 1359, 1348, 1351, 1351, 1357, 
16, 1358, 1362, 1345, 1361, 1350, 1350, 1350, 1362, 
17, 1375, 1372, 1348, 1363, 1357, 1351, 1358, 1362, 
18, 1375, 1375, 1349, 1364, 1361, 1353, 1361, 1374, 
19, 1378, 1384, 1374, 1368, 1376, 1354, 1359, 1384, 
20, 1386, 1385, 1364, 1377, 1377, 1356, 1359, 1382, 
21, 1386, 1387, 1365, 1386, 1378, 1362, 1375, 1389, 
22, 1385, 1389, 1379, 1398, 1389, 1379, 1388, 1393, 
23, 1391, 1390, 1381, 1400, 1382, 1381, 1394, 1391, 
24, 1392, 1391, 1396, 1400, 1391, 1382, 1393, 1398, 
25, 1399, 1392, 1398, 1400, 1390, 1388, 1393, 1399, 
26, 1400, 1392, 1401, 1401, 1392, 1389, 1394, 1398, 
27, 1401, 1396, 1404, 1403, 1395, 1389, 1401, 1401, 
28, 1411, 1402, 1404, 1403, 1403, 1394, 1403, 1407, 
29, 1410, 1401, 1410, 1406, 1404, 1401, 1401, 1406, 
30, 1413, 1403, 1410, 1405, 1405, 1401, 1407, 1410, 
31, 1415, 1405, 1413, 1407, 1409, 1407, 1407, 1415, 
32, 1416, 1413, 1415, 1409, 1412, 1412, 1410, 1416, 
33, 1417, 1414, 1415, 1410, 1414, 1419, 1412, 1417, 
34, 1418, 1418, 1417, 1411, 1418, 1419, 1426, 1420, 
35, 1420, 1424, 1417, 1426, 1420, 1427, 1427, 1422, 
36, 1421, 1430, 1421, 1417, 1425, 1428, 1429, 1422, 
37, 1422, 1432, 1431, 1421, 1428, 1430, 1432, 1423, 
38, 1431, 1431, 1439, 1428, 1427, 1431, 1433, 1425, 
39, 1431, 1434, 1439, 1431, 1441, 1433, 1434, 1425, 
40, 1433, 1435, 1442, 1434, 1443, 1434, 1435, 1435, 
41, 1432, 1437, 1441, 1437, 1445, 1434, 1435, 1436, 
42, 1434, 1439, 1442, 1441, 1446, 1437, 1441, 1440, 
43, 1442, 1441, 1444, 1447, 1445, 1438, 1443, 1441, 
44, 1439, 1441, 1444, 1447, 1446, 1439, 1442, 1441, 
45, 1445, 1442, 1446, 1450, 1449, 1442, 1444, 1446, 
46, 1450, 1444, 1447, 1451, 1449, 1442, 1449, 1446, 
47, 1451, 1448, 1448, 1454, 1450, 1450, 1450, 1447, 
48, 1457, 1451, 1448, 1455, 1452, 1450, 1455, 1450, 
49, 1456, 1453, 1455, 1456, 1453, 1452, 1455, 1451, 
50, 1458, 1457, 1457, 1457, 1453, 1454, 1456, 1452, 
51, 1460, 1466, 1459, 1461, 1454, 1456, 1458, 1457, 
52, 1460, 1466, 1463, 1462, 1456, 1459, 1459, 1461, 
53, 1462, 1470, 1459, 1468, 1456, 1459, 1461, 1465, 
54, 1465, 1471, 1465, 1468, 1458, 1463, 1465, 1465, 
55, 1469, 1471, 1470, 1468, 1464, 1464, 1472, 1468, 
56, 1469, 1473, 1470, 1472, 1463, 1467, 1474, 1469, 
57, 1471, 1474, 1472, 1476, 1465, 1469, 1474, 1471, 
58, 1473, 1475, 1473, 1477, 1468, 1471, 1477, 1471, 
59, 1473, 1477, 1473, 1477, 1474, 1473, 1478, 1471, 
60, 1473, 1478, 1473, 1478, 1473, 1473, 1478, 1476, 
61, 1478, 1479, 1475, 1479, 1479, 1476, 1479, 1476, 
62, 1481, 1480, 1480, 1480, 1480, 1480, 1480, 1479, 
63, 1480, 1480, 1482, 1480, 1482, 1483, 1482, 1480, 
64, 1481, 1482, 1480, 1482, 1482, 1484, 1484, 1483, 
65, 1484, 1483, 1484, 1484, 1484, 1487, 1487, 1484, 
66, 1485, 1485, 1485, 1486, 1486, 1487, 1490, 1486, 
67, 1490, 1487, 1487, 1490, 1487, 1489, 1489, 1489, 
68, 1492, 1488, 1491, 1490, 1487, 1489, 1490, 1490, 
69, 1492, 1489, 1492, 1490, 1491, 1493, 1491, 1491, 
70, 1494, 1492, 1491, 1491, 1492, 1493, 1492, 1491, 
71, 1493, 1494, 1491, 1494, 1493, 1495, 1496, 1492, 
72, 1496, 1498, 1494, 1495, 1494, 1497, 1495, 1494, 
73, 1496, 1498, 1497, 1496, 1495, 1499, 1499, 1495, 
74, 1499, 1501, 1499, 1497, 1496, 1498, 1501, 1497, 
75, 1501, 1504, 1503, 1501, 1501, 1499, 1502, 1498, 
76, 1501, 1504, 1508, 1503, 1505, 1501, 1503, 1502, 
77, 1501, 1507, 1509, 1502, 1506, 1502, 1508, 1504, 
78, 1505, 1509, 1509, 1503, 1507, 1505, 1514, 1504, 
79, 1505, 1509, 1508, 1507, 1513, 1508, 1513, 1504, 
80, 1504, 1510, 1509, 1508, 1513, 1513, 1514, 1506, 
81, 1508, 1514, 1512, 1509, 1519, 1514, 1520, 1511, 
82, 1510, 1521, 1513, 1512, 1519, 1516, 1519, 1519, 
83, 1516, 1519, 1514, 1514, 1520, 1517, 1518, 1513, 
84, 1518, 1520, 1515, 1514, 1523, 1522, 1520, 1514, 
85, 1521, 1520, 1516, 1516, 1523, 1524, 1522, 1518, 
86, 1525, 1522, 1518, 1521, 1525, 1525, 1525, 1519, 
87, 1528, 1522, 1520, 1525, 1525, 1526, 1526, 1521, 
88, 1532, 1523, 1522, 1525, 1526, 1528, 1531, 1522, 
89, 1533, 1525, 1527, 1525, 1527, 1528, 1531, 1523, 
90, 1535, 1527, 1528, 1531, 1527, 1528, 1532, 1524, 
91, 1537, 1528, 1532, 1535, 1527, 1535, 1534, 1528, 
92, 1536, 1530, 1530, 1535, 1528, 1536, 1538, 1532, 
93, 1536, 1530, 1530, 1537, 1528, 1536, 1539, 1536, 
94, 1539, 1533, 1532, 1536, 1535, 1539, 1541, 1540, 
95, 1539, 1534, 1536, 1538, 1531, 1539, 1542, 1540, 
96, 1540, 1536, 1539, 1539, 1532, 1540, 1542, 1542, 
97, 1542, 1542, 1539, 1541, 1537, 1542, 1542, 1543, 
98, 1544, 1543, 1541, 1542, 1541, 1543, 1544, 1543, 
99, 1547, 1542, 1542, 1545, 1542, 1543, 1546, 1547, 
100, 1549, 1544, 1544, 1546, 1543, 1547, 1545, 1548, 
101, 1550, 1545, 1547, 1548, 1547, 1548, 1546, 1551, 
102, 1550, 1547, 1549, 1548, 1547, 1548, 1546, 1551, 
103, 1553, 1551, 1550, 1548, 1550, 1549, 1547, 1553, 
104, 1555, 1552, 1553, 1550, 1550, 1551, 1549, 1554, 
105, 1555, 1556, 1556, 1551, 1556, 1551, 1551, 1557, 
106, 1556, 1558, 1558, 1552, 1556, 1552, 1551, 1559, 
107, 1558, 1559, 1558, 1556, 1558, 1557, 1553, 1561, 
108, 1560, 1558, 1560, 1558, 1559, 1559, 1561, 1561, 
109, 1560, 1559, 1560, 1558, 1560, 1560, 1560, 1564, 
110, 1563, 1561, 1560, 1561, 1561, 1561, 1560, 1564, 
111, 1563, 1561, 1561, 1561, 1562, 1563, 1560, 1565, 
112, 1565, 1566, 1564, 1563, 1562, 1565, 1562, 1564, 
113, 1567, 1566, 1565, 1566, 1566, 1566, 1565, 1569, 
114, 1572, 1569, 1566, 1567, 1568, 1567, 1564, 1571, 
115, 1572, 1570, 1569, 1568, 1569, 1567, 1565, 1571, 
116, 1575, 1573, 1570, 1569, 1572, 1569, 1567, 1573, 
117, 1574, 1573, 1571, 1570, 1574, 1569, 1571, 1575, 
118, 1577, 1574, 1572, 1571, 1574, 1570, 1571, 1576, 
119, 1576, 1575, 1575, 1572, 1576, 1572, 1574, 1575, 
120, 1580, 1577, 1576, 1575, 1577, 1576, 1575, 1577, 
121, 1580, 1577, 1577, 1577, 1579, 1577, 1579, 1576, 
122, 1582, 1577, 1581, 1576, 1580, 1578, 1576, 1577, 
123, 1582, 1580, 1583, 1578, 1581, 1579, 1577, 1578, 
124, 1586, 1579, 1583, 1580, 1581, 1581, 1582, 1578, 
125, 1586, 1580, 1584, 1581, 1583, 1583, 1584, 1580, 
126, 1588, 1581, 1584, 1586, 1583, 1583, 1584, 1585, 
127, 1588, 1583, 1586, 1589, 1585, 1587, 1588, 1586, 
128, 1588, 1586, 1586, 1591, 1588, 1590, 1589, 1587, 
129, 1589, 1587, 1588, 1593, 1588, 1591, 1592, 1588, 
130, 1590, 1591, 1590, 1594, 1590, 1592, 1590, 1591, 
131, 1591, 1592, 1590, 1593, 1591, 1592, 1592, 1590, 
132, 1592, 1592, 1591, 1594, 1593, 1594, 1592, 1593, 
133, 1595, 1593, 1591, 1594, 1596, 1595, 1599, 1595, 
134, 1596, 1594, 1593, 1595, 1598, 1596, 1601, 1596, 
135, 1600, 1596, 1594, 1600, 1600, 1596, 1602, 1600, 
136, 1601, 1601, 1594, 1599, 1603, 1597, 1603, 1602, 
137, 1604, 1604, 1595, 1601, 1604, 1598, 1603, 1603, 
138, 1606, 1605, 1596, 1604, 1604, 1599, 1604, 1605, 
139, 1607, 1606, 1604, 1605, 1606, 1601, 1608, 1605, 
140, 1607, 1606, 1603, 1605, 1607, 1602, 1610, 1610, 
141, 1609, 1608, 1609, 1607, 1607, 1604, 1610, 1609, 
142, 1609, 1609, 1611, 1610, 1611, 1608, 1610, 1611, 
143, 1612, 1613, 1612, 1610, 1616, 1609, 1612, 1612, 
144, 1612, 1622, 1613, 1611, 1617, 1608, 1612, 1613, 
145, 1614, 1622, 1617, 1612, 1618, 1610, 1614, 1613, 
146, 1616, 1622, 1614, 1613, 1623, 1613, 1615, 1615, 
147, 1619, 1623, 1615, 1615, 1623, 1616, 1615, 1616, 
148, 1621, 1625, 1616, 1616, 1625, 1618, 1620, 1618, 
149, 1621, 1625, 1617, 1617, 1628, 1619, 1623, 1625, 
150, 1623, 1627, 1617, 1617, 1626, 1619, 1630, 1626, 
151, 1625, 1627, 1627, 1618, 1627, 1619, 1630, 1627, 
152, 1625, 1627, 1628, 1626, 1629, 1621, 1632, 1630, 
153, 1627, 1631, 1628, 1623, 1630, 1625, 1632, 1630, 
154, 1630, 1631, 1628, 1627, 1630, 1629, 1634, 1634, 
155, 1630, 1632, 1630, 1628, 1631, 1630, 1639, 1634, 
156, 1631, 1635, 1631, 1629, 1632, 1631, 1640, 1635, 
157, 1633, 1636, 1636, 1633, 1633, 1633, 1642, 1636, 
158, 1640, 1636, 1637, 1634, 1635, 1634, 1642, 1636, 
159, 1643, 1637, 1639, 1640, 1636, 1635, 1643, 1639, 
160, 1644, 1638, 1643, 1641, 1639, 1637, 1643, 1637, 
161, 1644, 1639, 1643, 1645, 1640, 1640, 1645, 1640, 
162, 1648, 1638, 1644, 1646, 1641, 1640, 1646, 1643, 
163, 1650, 1639, 1646, 1647, 1643, 1642, 1648, 1644, 
164, 1650, 1646, 1646, 1650, 1645, 1647, 1650, 1644, 
165, 1653, 1649, 1648, 1651, 1645, 1648, 1649, 1646, 
166, 1654, 1650, 1649, 1650, 1649, 1650, 1650, 1647, 
167, 1655, 1651, 1651, 1656, 1650, 1652, 1655, 1648, 
168, 1657, 1654, 1652, 1657, 1652, 1651, 1656, 1649, 
169, 1659, 1654, 1651, 1657, 1655, 1652, 1659, 1650, 
170, 1659, 1658, 1656, 1657, 1654, 1653, 1659, 1655, 
171, 1659, 1658, 1656, 1658, 1656, 1657, 1659, 1656, 
172, 1659, 1659, 1657, 1661, 1659, 1659, 1660, 1656, 
173, 1661, 1659, 1658, 1662, 1660, 1660, 1661, 1658, 
174, 1662, 1660, 1659, 1663, 1661, 1661, 1662, 1659, 
175, 1663, 1662, 1663, 1665, 1662, 1662, 1664, 1661, 
176, 1665, 1661, 1663, 1666, 1661, 1662, 1664, 1663, 
177, 1667, 1664, 1664, 1667, 1662, 1665, 1664, 1663, 
178, 1668, 1664, 1665, 1670, 1664, 1665, 1665, 1665, 
179, 1669, 1668, 1669, 1670, 1665, 1666, 1665, 1666, 
180, 1669, 1670, 1671, 1672, 1667, 1666, 1665, 1671, 
181, 1670, 1673, 1671, 1673, 1669, 1668, 1666, 1673, 
182, 1670, 1672, 1671, 1675, 1673, 1671, 1667, 1674, 
183, 1671, 1673, 1672, 1676, 1673, 1672, 1668, 1676, 
184, 1675, 1675, 1676, 1678, 1674, 1673, 1670, 1675, 
185, 1677, 1677, 1675, 1678, 1679, 1676, 1672, 1677, 
186, 1678, 1678, 1677, 1679, 1680, 1675, 1675, 1677, 
187, 1678, 1679, 1681, 1679, 1679, 1679, 1677, 1679, 
188, 1679, 1681, 1681, 1683, 1680, 1680, 1677, 1679, 
189, 1680, 1685, 1682, 1684, 1681, 1680, 1681, 1681, 
190, 1684, 1685, 1683, 1687, 1683, 1683, 1684, 1683, 
191, 1683, 1685, 1683, 1687, 1684, 1683, 1685, 1683, 
192, 1686, 1686, 1683, 1688, 1683, 1686, 1687, 1690, 
193, 1685, 1688, 1685, 1689, 1687, 1686, 1690, 1693, 
194, 1691, 1688, 1687, 1689, 1689, 1687, 1691, 1694, 
195, 1691, 1689, 1688, 1690, 1692, 1688, 1691, 1695, 
196, 1691, 1688, 1689, 1690, 1694, 1690, 1695, 1696, 
197, 1693, 1690, 1690, 1692, 1694, 1690, 1695, 1697, 
198, 1694, 1700, 1693, 1694, 1697, 1691, 1695, 1698, 
199, 1698, 1696, 1694, 1695, 1698, 1692, 1697, 1698, 
200, 1699, 1699, 1696, 1699, 1698, 1692, 1699, 1699, 
201, 1699, 1701, 1694, 1700, 1701, 1699, 1700, 1699, 
202, 1699, 1701, 1696, 1701, 1703, 1699, 1704, 1700, 
203, 1700, 1703, 1700, 1701, 1703, 1703, 1705, 1700, 
204, 1701, 1703, 1701, 1706, 1704, 1707, 1707, 1701, 
205, 1702, 1705, 1706, 1706, 1706, 1711, 1708, 1703, 
206, 1708, 1707, 1707, 1707, 1706, 1712, 1709, 1708, 
207, 1708, 1708, 1709, 1709, 1708, 1712, 1711, 1711, 
208, 1707, 1709, 1708, 1708, 1711, 1714, 1712, 1712, 
209, 1709, 1711, 1711, 1709, 1713, 1715, 1713, 1713, 
210, 1712, 1713, 1712, 1711, 1713, 1716, 1715, 1713, 
211, 1713, 1713, 1717, 1713, 1716, 1719, 1715, 1714, 
212, 1715, 1714, 1716, 1718, 1715, 1718, 1716, 1715, 
213, 1716, 1718, 1719, 1717, 1717, 1718, 1716, 1719, 
214, 1720, 1719, 1722, 1717, 1718, 1721, 1717, 1719, 
215, 1718, 1720, 1727, 1721, 1719, 1721, 1718, 1719, 
216, 1723, 1720, 1728, 1720, 1723, 1724, 1724, 1719, 
217, 1724, 1723, 1728, 1720, 1724, 1724, 1723, 1720, 
218, 1727, 1726, 1728, 1728, 1725, 1725, 1725, 1723, 
219, 1729, 1726, 1731, 1731, 1726, 1726, 1725, 1724, 
220, 1730, 1727, 1730, 1730, 1726, 1727, 1726, 1726, 
221, 1731, 1727, 1731, 1731, 1726, 1727, 1727, 1728, 
222, 1733, 1730, 1733, 1733, 1728, 1728, 1729, 1729, 
223, 1732, 1730, 1734, 1733, 1731, 1732, 1731, 1730, 
224, 1733, 1733, 1735, 1734, 1733, 1735, 1732, 1732, 
225, 1734, 1733, 1736, 1735, 1733, 1733, 1735, 1734, 
226, 1734, 1735, 1736, 1742, 1735, 1738, 1735, 1735, 
227, 1735, 1738, 1736, 1741, 1738, 1740, 1735, 1735, 
228, 1737, 1738, 1738, 1743, 1738, 1741, 1738, 1738, 
229, 1738, 1741, 1739, 1742, 1741, 1742, 1742, 1739, 
230, 1738, 1742, 1740, 1743, 1743, 1742, 1743, 1741, 
231, 1738, 1744, 1741, 1744, 1744, 1744, 1749, 1742, 
232, 1743, 1748, 1744, 1744, 1747, 1745, 1748, 1743, 
233, 1745, 1751, 1745, 1746, 1747, 1746, 1748, 1746, 
234, 1746, 1750, 1746, 1747, 1748, 1746, 1752, 1746, 
235, 1746, 1751, 1749, 1747, 1749, 1749, 1753, 1747, 
236, 1758, 1751, 1751, 1747, 1749, 1751, 1758, 1751, 
237, 1756, 1751, 1753, 1748, 1750, 1751, 1758, 1751, 
238, 1757, 1752, 1754, 1750, 1754, 1753, 1760, 1756, 
239, 1759, 1752, 1755, 1752, 1758, 1752, 1761, 1758, 
240, 1759, 1752, 1756, 1753, 1758, 1757, 1763, 1757, 
241, 1762, 1757, 1759, 1760, 1764, 1757, 1763, 1762, 
242, 1762, 1762, 1759, 1759, 1764, 1761, 1764, 1762, 
243, 1760, 1760, 1762, 1764, 1765, 1761, 1766, 1763, 
244, 1761, 1762, 1763, 1763, 1765, 1766, 1767, 1765, 
245, 1762, 1765, 1765, 1765, 1767, 1771, 1769, 1769, 
246, 1769, 1765, 1767, 1768, 1767, 1768, 1770, 1769, 
247, 1769, 1769, 1767, 1769, 1769, 1768, 1770, 1770, 
248, 1770, 1770, 1769, 1771, 1769, 1769, 1771, 1770, 
249, 1771, 1771, 1770, 1772, 1772, 1769, 1772, 1770, 
250, 1774, 1771, 1773, 1773, 1772, 1770, 1773, 1772, 
251, 1778, 1772, 1775, 1774, 1774, 1771, 1775, 1776, 
252, 1777, 1774, 1777, 1776, 1779, 1777, 1777, 1777, 
253, 1778, 1774, 1777, 1778, 1784, 1784, 1776, 1779, 
254, 1782, 1775, 1777, 1779, 1784, 1782, 1777, 1778, 
255, 1783, 1779, 1778, 1781, 1783, 1784, 1777, 1780, 
256, 1786, 1778, 1780, 1781, 1784, 1789, 1778, 1783, 
257, 1785, 1780, 1781, 1784, 1787, 1785, 1779, 1783, 
258, 1784, 1782, 1782, 1786, 1789, 1786, 1781, 1788, 
259, 1785, 1781, 1783, 1787, 1788, 1786, 1786, 1787, 
260, 1787, 1783, 1785, 1788, 1791, 1789, 1795, 1791, 
261, 1787, 1789, 1788, 1788, 1790, 1790, 1796, 1793, 
262, 1787, 1788, 1788, 1790, 1794, 1793, 1798, 1794, 
263, 1793, 1795, 1789, 1790, 1792, 1793, 1799, 1796, 
264, 1792, 1797, 1797, 1792, 1791, 1798, 1798, 1797, 
265, 1793, 1797, 1800, 1797, 1796, 1800, 1797, 1797, 
266, 1794, 1798, 1802, 1801, 1801, 1801, 1799, 1798, 
267, 1798, 1797, 1802, 1798, 1801, 1801, 1800, 1799, 
268, 1801, 1799, 1803, 1799, 1803, 1801, 1799, 1803, 
269, 1801, 1803, 1805, 1803, 1804, 1803, 1803, 1800, 
270, 1802, 1806, 1806, 1802, 1804, 1803, 1803, 1806, 
271, 1802, 1809, 1806, 1805, 1805, 1807, 1801, 1809, 
272, 1807, 1810, 1807, 1806, 1805, 1808, 1803, 1808, 
273, 1807, 1811, 1808, 1807, 1806, 1808, 1804, 1809, 
274, 1810, 1812, 1808, 1807, 1806, 1808, 1808, 1809, 
275, 1810, 1815, 1808, 1809, 1809, 1809, 1809, 1810, 
276, 1813, 1816, 1809, 1809, 1811, 1810, 1810, 1812, 
277, 1814, 1817, 1811, 1809, 1815, 1810, 1811, 1811, 
278, 1814, 1818, 1811, 1810, 1816, 1811, 1812, 1813, 
279, 1818, 1820, 1815, 1812, 1815, 1814, 1814, 1814, 
280, 1818, 1821, 1815, 1815, 1821, 1817, 1817, 1815, 
281, 1819, 1820, 1819, 1817, 1821, 1818, 1819, 1815, 
282, 1820, 1821, 1820, 1817, 1823, 1819, 1820, 1816, 
283, 1822, 1822, 1820, 1819, 1823, 1820, 1820, 1818, 
284, 1822, 1824, 1823, 1819, 1823, 1820, 1822, 1819, 
285, 1824, 1824, 1823, 1826, 1824, 1822, 1824, 1819, 
286, 1826, 1826, 1826, 1824, 1824, 1826, 1825, 1821, 
287, 1829, 1827, 1826, 1825, 1825, 1826, 1825, 1823, 
288, 1833, 1826, 1826, 1825, 1831, 1830, 1827, 1827, 
289, 1832, 1827, 1825, 1828, 1831, 1831, 1827, 1829, 
290, 1832, 1829, 1829, 1829, 1832, 1831, 1827, 1831, 
291, 1834, 1830, 1827, 1833, 1833, 1834, 1830, 1833, 
292, 1834, 1833, 1832, 1834, 1833, 1836, 1830, 1834, 
293, 1835, 1833, 1832, 1835, 1833, 1837, 1831, 1835, 
294, 1837, 1834, 1832, 1836, 1832, 1837, 1832, 1835, 
295, 1837, 1841, 1835, 1840, 1834, 1839, 1836, 1835, 
296, 1838, 1842, 1839, 1842, 1838, 1839, 1838, 1836, 
297, 1838, 1843, 1841, 1842, 1839, 1841, 1837, 1836, 
298, 1840, 1844, 1842, 1846, 1839, 1843, 1837, 1839, 
299, 1839, 1844, 1843, 1845, 1842, 1843, 1838, 1841, 
300, 1841, 1845, 1843, 1846, 1841, 1843, 1840, 1840, 
301, 1842, 1844, 1844, 1847, 1842, 1844, 1841, 1842, 
302, 1848, 1846, 1846, 1847, 1847, 1843, 1841, 1841, 
303, 1846, 1847, 1846, 1847, 1849, 1844, 1843, 1842, 
304, 1847, 1847, 1849, 1847, 1850, 1844, 1843, 1843, 
305, 1852, 1850, 1849, 1847, 1851, 1849, 1844, 1845, 
306, 1852, 1849, 1850, 1850, 1851, 1849, 1847, 1846, 
307, 1852, 1850, 1853, 1852, 1852, 1851, 1851, 1846, 
308, 1853, 1854, 1852, 1855, 1852, 1851, 1851, 1848, 
309, 1853, 1854, 1853, 1856, 1852, 1854, 1854, 1851, 
310, 1855, 1855, 1854, 1856, 1853, 1852, 1855, 1850, 
311, 1856, 1858, 1853, 1857, 1853, 1855, 1855, 1853, 
312, 1858, 1856, 1855, 1857, 1853, 1855, 1858, 1853, 
313, 1859, 1859, 1857, 1859, 1855, 1857, 1859, 1855, 
314, 1859, 1863, 1857, 1859, 1858, 1857, 1860, 1856, 
315, 1861, 1863, 1858, 1859, 1858, 1858, 1861, 1856, 
316, 1862, 1864, 1858, 1860, 1858, 1860, 1863, 1857, 
317, 1862, 1864, 1860, 1862, 1861, 1863, 1864, 1858, 
318, 1864, 1865, 1862, 1863, 1861, 1861, 1865, 1860, 
319, 1865, 1865, 1862, 1865, 1861, 1867, 1864, 1861, 
320, 1866, 1865, 1862, 1864, 1861, 1867, 1864, 1863, 
321, 1869, 1870, 1863, 1866, 1862, 1868, 1865, 1864, 
322, 1869, 1870, 1866, 1866, 1862, 1869, 1866, 1866, 
323, 1870, 1871, 1866, 1867, 1864, 1869, 1869, 1866, 
324, 1870, 1875, 1869, 1869, 1868, 1870, 1869, 1868, 
325, 1872, 1875, 1872, 1870, 1868, 1870, 1872, 1869, 
326, 1872, 1875, 1872, 1870, 1868, 1870, 1872, 1871, 
327, 1872, 1876, 1874, 1872, 1871, 1873, 1875, 1871, 
328, 1875, 1879, 1874, 1874, 1874, 1873, 1875, 1871, 
329, 1878, 1881, 1874, 1875, 1874, 1875, 1875, 1873, 
330, 1874, 1881, 1878, 1878, 1875, 1876, 1877, 1874, 
331, 1875, 1882, 1883, 1881, 1877, 1877, 1881, 1881, 
332, 1878, 1883, 1883, 1882, 1878, 1878, 1881, 1880, 
333, 1880, 1883, 1886, 1882, 1881, 1879, 1882, 1882, 
334, 1880, 1884, 1885, 1884, 1883, 1880, 1882, 1884, 
335, 1881, 1884, 1887, 1884, 1883, 1882, 1882, 1882, 
336, 1885, 1885, 1887, 1885, 1884, 1883, 1883, 1885, 
337, 1885, 1886, 1889, 1886, 1885, 1886, 1888, 1888, 
338, 1885, 1886, 1890, 1888, 1886, 1888, 1890, 1888, 
339, 1887, 1889, 1890, 1887, 1888, 1889, 1890, 1888, 
340, 1890, 1890, 1892, 1888, 1889, 1894, 1895, 1888, 
341, 1896, 1891, 1893, 1890, 1893, 1896, 1895, 1892, 
342, 1901, 1894, 1896, 1890, 1894, 1897, 1896, 1890, 
343, 1902, 1893, 1899, 1891, 1897, 1897, 1898, 1893, 
344, 1900, 1896, 1898, 1897, 1899, 1898, 1899, 1890, 
345, 1901, 1897, 1901, 1899, 1900, 1899, 1900, 1892, 
346, 1902, 1899, 1903, 1902, 1901, 1898, 1901, 1893, 
347, 1902, 1900, 1906, 1903, 1903, 1899, 1901, 1896, 
348, 1904, 1900, 1906, 1904, 1903, 1899, 1903, 1901, 
349, 1905, 1900, 1904, 1905, 1905, 1901, 1904, 1904, 
350, 1908, 1900, 1907, 1906, 1907, 1901, 1904, 1904, 
351, 1907, 1900, 1909, 1906, 1908, 1903, 1907, 1905, 
352, 1909, 1903, 1907, 1908, 1909, 1903, 1907, 1909, 
353, 1908, 1904, 1907, 1910, 1909, 1906, 1907, 1909, 
354, 1910, 1902, 1909, 1910, 1912, 1909, 1909, 1912, 
355, 1910, 1908, 1910, 1911, 1913, 1910, 1911, 1913, 
356, 1910, 1910, 1910, 1912, 1914, 1910, 1911, 1913, 
357, 1913, 1915, 1911, 1912, 1915, 1910, 1911, 1913, 
358, 1915, 1916, 1913, 1913, 1917, 1911, 1915, 1917, 
359, 1915, 1919, 1912, 1913, 1918, 1914, 1913, 1919, 
360, 1918, 1918, 1914, 1915, 1918, 1914, 1914, 1920, 
361, 1919, 1917, 1916, 1915, 1920, 1914, 1914, 1920, 
362, 1919, 1918, 1918, 1919, 1921, 1917, 1919, 1921, 
363, 1921, 1919, 1917, 1922, 1921, 1922, 1920, 1921, 
364, 1921, 1921, 1922, 1922, 1921, 1924, 1922, 1922, 
365, 1921, 1922, 1921, 1922, 1922, 1925, 1923, 1922, 
366, 1921, 1923, 1923, 1926, 1923, 1925, 1926, 1923, 
367, 1923, 1924, 1924, 1927, 1926, 1926, 1926, 1924, 
368, 1927, 1925, 1924, 1927, 1929, 1927, 1927, 1930, 
369, 1926, 1927, 1926, 1930, 1929, 1927, 1928, 1929, 
370, 1928, 1929, 1928, 1930, 1929, 1927, 1928, 1930, 
371, 1927, 1931, 1928, 1931, 1930, 1930, 1930, 1931, 
372, 1931, 1932, 1928, 1931, 1931, 1929, 1931, 1933, 
373, 1932, 1932, 1930, 1932, 1934, 1929, 1932, 1934, 
374, 1933, 1931, 1932, 1933, 1937, 1933, 1933, 1935, 
375, 1938, 1933, 1930, 1933, 1937, 1940, 1934, 1936, 
376, 1939, 1933, 1931, 1933, 1937, 1940, 1934, 1939, 
377, 1941, 1938, 1933, 1935, 1936, 1941, 1936, 1940, 
378, 1942, 1941, 1937, 1938, 1938, 1941, 1938, 1940, 
379, 1943, 1942, 1940, 1940, 1939, 1941, 1941, 1941, 
380, 1944, 1943, 1943, 1942, 1941, 1942, 1941, 1941, 
381, 1944, 1943, 1945, 1942, 1943, 1945, 1942, 1943, 
382, 1944, 1946, 1946, 1944, 1945, 1944, 1943, 1942, 
383, 1944, 1948, 1947, 1943, 1943, 1944, 1943, 1943, 
384, 1944, 1948, 1948, 1946, 1946, 1945, 1946, 1945, 
385, 1947, 1948, 1949, 1946, 1945, 1944, 1947, 1946, 
386, 1948, 1948, 1949, 1949, 1947, 1950, 1947, 1947, 
387, 1948, 1948, 1950, 1952, 1946, 1951, 1947, 1948, 
388, 1949, 1949, 1951, 1951, 1949, 1952, 1948, 1949, 
389, 1950, 1950, 1951, 1951, 1951, 1953, 1951, 1953, 
390, 1951, 1951, 1951, 1951, 1950, 1953, 1954, 1953, 
391, 1950, 1952, 1951, 1953, 1951, 1958, 1954, 1953, 
392, 1951, 1955, 1956, 1953, 1952, 1958, 1955, 1955, 
393, 1951, 1954, 1956, 1954, 1954, 1957, 1956, 1956, 
394, 1952, 1956, 1955, 1955, 1956, 1959, 1957, 1957, 
395, 1953, 1956, 1956, 1960, 1957, 1961, 1957, 1959, 
396, 1962, 1958, 1956, 1959, 1958, 1961, 1958, 1962, 
397, 1961, 1958, 1960, 1961, 1961, 1962, 1960, 1963, 
398, 1962, 1959, 1960, 1961, 1958, 1962, 1960, 1964, 
399, 1962, 1962, 1960, 1963, 1959, 1962, 1969, 1965, 
400, 1962, 1962, 1962, 1965, 1964, 1963, 1970, 1966, 
401, 1964, 1964, 1961, 1968, 1963, 1964, 1972, 1966, 
402, 1966, 1965, 1963, 1967, 1966, 1964, 1972, 1967, 
403, 1967, 1966, 1963, 1968, 1966, 1969, 1973, 1969, 
404, 1968, 1967, 1972, 1970, 1966, 1966, 1973, 1971, 
405, 1968, 1968, 1967, 1971, 1967, 1968, 1973, 1968, 
406, 1968, 1970, 1971, 1972, 1968, 1972, 1975, 1969, 
407, 1969, 1970, 1972, 1973, 1969, 1972, 1976, 1970, 
408, 1973, 1971, 1973, 1974, 1972, 1974, 1976, 1970, 
409, 1970, 1974, 1974, 1974, 1975, 1973, 1977, 1972, 
410, 1971, 1975, 1977, 1974, 1975, 1977, 1977, 1973, 
411, 1971, 1975, 1978, 1976, 1975, 1977, 1977, 1975, 
412, 1975, 1977, 1978, 1978, 1976, 1979, 1979, 1975, 
413, 1978, 1976, 1978, 1979, 1976, 1983, 1977, 1977, 
414, 1977, 1977, 1979, 1979, 1976, 1981, 1978, 1978, 
415, 1978, 1979, 1979, 1980, 1977, 1981, 1980, 1982, 
416, 1980, 1982, 1980, 1980, 1982, 1982, 1981, 1978, 
417, 1980, 1982, 1982, 1980, 1982, 1982, 1982, 1979, 
418, 1982, 1981, 1983, 1981, 1985, 1982, 1982, 1978, 
419, 1982, 1981, 1982, 1983, 1983, 1983, 1983, 1980, 
420, 1983, 1982, 1984, 1984, 1986, 1983, 1984, 1980, 
421, 1983, 1982, 1986, 1986, 1988, 1984, 1984, 1982, 
422, 1984, 1984, 1986, 1987, 1988, 1985, 1985, 1982, 
423, 1985, 1983, 1987, 1988, 1988, 1987, 1988, 1986, 
424, 1986, 1983, 1987, 1989, 1989, 1987, 1988, 1987, 
425, 1987, 1989, 1986, 1988, 1990, 1987, 1988, 1988, 
426, 1990, 1990, 1987, 1988, 1990, 1988, 1990, 1988, 
427, 1990, 1990, 1990, 1989, 1990, 1988, 1991, 1991, 
428, 1991, 1992, 1990, 1991, 1990, 1989, 1994, 1992, 
429, 1993, 1992, 1991, 1995, 1990, 1991, 1996, 1992, 
430, 1994, 1992, 1994, 2001, 1989, 1998, 1995, 1992, 
431, 1994, 1994, 1993, 2001, 1996, 2002, 1996, 1999, 
432, 1995, 1994, 1993, 2001, 1999, 2000, 1997, 1994, 
433, 1995, 1994, 1995, 2000, 2001, 2002, 1997, 1997, 
434, 1996, 1997, 1995, 2000, 2001, 2003, 2001, 1997, 
435, 1998, 1998, 1999, 2002, 2001, 2005, 2005, 1998, 
436, 1998, 1997, 2000, 2002, 2005, 2005, 2004, 2001, 
437, 1999, 1998, 2000, 2003, 2007, 2006, 2004, 2007, 
438, 2001, 2006, 2000, 2004, 2008, 2006, 2005, 2004, 
439, 2002, 2006, 2001, 2007, 2010, 2006, 2005, 2005, 
440, 2003, 2003, 2008, 2007, 2008, 2009, 2006, 2007, 
441, 2005, 2007, 2008, 2007, 2007, 2009, 2007, 2007, 
442, 2005, 2006, 2008, 2007, 2008, 2011, 2009, 2007, 
443, 2007, 2009, 2011, 2009, 2008, 2012, 2012, 2008, 
444, 2008, 2009, 2011, 2008, 2010, 2012, 2012, 2007, 
445, 2010, 2010, 2011, 2011, 2010, 2012, 2012, 2009, 
446, 2011, 2013, 2011, 2011, 2010, 2012, 2013, 2009, 
447, 2013, 2013, 2014, 2011, 2011, 2014, 2014, 2010, 
448, 2019, 2014, 2015, 2012, 2013, 2016, 2013, 2012, 
449, 2020, 2016, 2020, 2016, 2013, 2018, 2013, 2012, 
450, 2021, 2016, 2021, 2019, 2016, 2017, 2016, 2012, 
451, 2021, 2017, 2019, 2021, 2020, 2017, 2020, 2014, 
452, 2022, 2017, 2019, 2021, 2020, 2018, 2021, 2019, 
453, 2024, 2018, 2020, 2022, 2021, 2020, 2023, 2018, 
454, 2023, 2019, 2022, 2022, 2023, 2022, 2021, 2023, 
455, 2024, 2022, 2026, 2023, 2024, 2023, 2021, 2023, 
456, 2024, 2024, 2022, 2028, 2024, 2023, 2023, 2024, 
457, 2024, 2023, 2023, 2027, 2026, 2023, 2026, 2023, 
458, 2025, 2027, 2025, 2032, 2027, 2024, 2026, 2023, 
459, 2024, 2025, 2025, 2033, 2029, 2025, 2027, 2024, 
460, 2028, 2028, 2027, 2035, 2029, 2026, 2028, 2024, 
461, 2032, 2028, 2027, 2035, 2030, 2026, 2027, 2025, 
462, 2032, 2029, 2028, 2036, 2030, 2026, 2029, 2026, 
463, 2032, 2031, 2027, 2036, 2030, 2034, 2029, 2034, 
464, 2032, 2032, 2029, 2036, 2032, 2035, 2029, 2035, 
465, 2032, 2034, 2029, 2036, 2033, 2036, 2030, 2036, 
466, 2033, 2034, 2030, 2037, 2033, 2035, 2031, 2037, 
467, 2034, 2035, 2032, 2037, 2034, 2035, 2033, 2037, 
468, 2034, 2036, 2032, 2037, 2037, 2035, 2038, 2037, 
469, 2035, 2036, 2033, 2037, 2038, 2035, 2037, 2039, 
470, 2034, 2038, 2033, 2037, 2039, 2035, 2037, 2039, 
471, 2034, 2038, 2036, 2038, 2039, 2036, 2040, 2039, 
472, 2037, 2040, 2034, 2038, 2038, 2038, 2041, 2039, 
473, 2037, 2040, 2034, 2039, 2039, 2038, 2041, 2041, 
474, 2039, 2042, 2034, 2041, 2040, 2039, 2040, 2042, 
475, 2039, 2041, 2035, 2041, 2042, 2040, 2040, 2043, 
476, 2040, 2043, 2035, 2041, 2044, 2040, 2041, 2044, 
477, 2041, 2044, 2036, 2042, 2043, 2045, 2043, 2044, 
478, 2043, 2044, 2037, 2042, 2044, 2044, 2043, 2044, 
479, 2041, 2049, 2039, 2042, 2043, 2045, 2045, 2046, 
480, 2045, 2049, 2039, 2043, 2045, 2046, 2047, 2047, 
481, 2046, 2050, 2044, 2046, 2047, 2045, 2046, 2048, 
482, 2046, 2049, 2045, 2048, 2048, 2045, 2049, 2048, 
483, 2048, 2051, 2048, 2051, 2049, 2046, 2051, 2048, 
484, 2049, 2052, 2047, 2056, 2049, 2051, 2054, 2048, 
485, 2051, 2051, 2056, 2056, 2050, 2051, 2055, 2049, 
486, 2051, 2050, 2056, 2055, 2051, 2052, 2056, 2055, 
487, 2051, 2051, 2056, 2057, 2054, 2055, 2057, 2055, 
488, 2053, 2051, 2056, 2057, 2054, 2055, 2057, 2056, 
489, 2052, 2052, 2060, 2057, 2055, 2059, 2057, 2056, 
490, 2054, 2055, 2060, 2058, 2054, 2060, 2057, 2056, 
491, 2054, 2055, 2061, 2057, 2056, 2060, 2058, 2057, 
492, 2055, 2058, 2061, 2058, 2060, 2061, 2058, 2059, 
493, 2057, 2059, 2061, 2060, 2061, 2061, 2061, 2060, 
494, 2060, 2061, 2061, 2060, 2061, 2061, 2059, 2061, 
495, 2063, 2061, 2062, 2063, 2063, 2062, 2059, 2061, 
496, 2062, 2062, 2065, 2063, 2064, 2062, 2060, 2062, 
497, 2063, 2063, 2065, 2065, 2066, 2062, 2062, 2062, 
498, 2063, 2063, 2067, 2064, 2066, 2063, 2062, 2064, 
499, 2066, 2065, 2066, 2064, 2065, 2062, 2063, 2064, 
500, 2071, 2066, 2068, 2065, 2066, 2063, 2062, 2066, 
501, 2071, 2067, 2068, 2065, 2066, 2064, 2062, 2069, 
502, 2071, 2068, 2069, 2066, 2066, 2065, 2064, 2070, 
503, 2072, 2067, 2069, 2067, 2067, 2066, 2067, 2070, 
504, 2072, 2067, 2070, 2067, 2068, 2068, 2070, 2073, 
505, 2073, 2072, 2071, 2070, 2070, 2067, 2071, 2072, 
506, 2076, 2072, 2072, 2069, 2071, 2067, 2070, 2073, 
507, 2076, 2071, 2072, 2069, 2071, 2068, 2070, 2073, 
508, 2077, 2073, 2073, 2069, 2072, 2068, 2072, 2074, 
509, 2077, 2074, 2073, 2073, 2073, 2070, 2072, 2074, 
510, 2079, 2076, 2074, 2076, 2077, 2071, 2072, 2075, 
511, 2078, 2079, 2078, 2081, 2078, 2073, 2078, 2075, 
512, 2078, 2079, 2083, 2082, 2078, 2073, 2079, 2075, 
513, 2084, 2080, 2081, 2085, 2079, 2073, 2079, 2076, 
514, 2083, 2080, 2082, 2085, 2080, 2075, 2079, 2079, 
515, 2083, 2082, 2082, 2087, 2081, 2081, 2079, 2081, 
516, 2084, 2083, 2087, 2087, 2082, 2080, 2079, 2085, 
517, 2084, 2084, 2088, 2089, 2083, 2081, 2081, 2084, 
518, 2085, 2085, 2087, 2089, 2084, 2083, 2084, 2084, 
519, 2086, 2085, 2087, 2090, 2088, 2085, 2082, 2084, 
520, 2087, 2086, 2087, 2092, 2091, 2083, 2084, 2085, 
521, 2087, 2085, 2092, 2093, 2091, 2085, 2086, 2090, 
522, 2092, 2085, 2090, 2091, 2091, 2087, 2087, 2091, 
523, 2092, 2087, 2090, 2093, 2092, 2088, 2090, 2089, 
524, 2093, 2088, 2091, 2094, 2092, 2089, 2091, 2088, 
525, 2094, 2092, 2093, 2093, 2092, 2092, 2093, 2089, 
526, 2095, 2092, 2094, 2092, 2094, 2092, 2093, 2091, 
527, 2095, 2092, 2094, 2093, 2094, 2095, 2093, 2092, 
528, 2096, 2095, 2095, 2093, 2096, 2097, 2093, 2095, 
529, 2097, 2095, 2095, 2093, 2096, 2094, 2095, 2097, 
530, 2095, 2095, 2097, 2094, 2098, 2096, 2097, 2096, 
531, 2096, 2096, 2103, 2095, 2098, 2096, 2098, 2098, 
532, 2097, 2097, 2102, 2095, 2101, 2097, 2102, 2098, 
533, 2098, 2098, 2103, 2097, 2101, 2096, 2102, 2098, 
534, 2099, 2101, 2105, 2096, 2103, 2105, 2103, 2099, 
535, 2100, 2101, 2105, 2099, 2102, 2102, 2104, 2101, 
536, 2100, 2103, 2105, 2102, 2104, 2102, 2104, 2101, 
537, 2101, 2101, 2107, 2103, 2104, 2102, 2104, 2103, 
538, 2103, 2103, 2106, 2104, 2104, 2102, 2106, 2105, 
539, 2104, 2103, 2107, 2105, 2108, 2104, 2106, 2103, 
540, 2107, 2105, 2110, 2104, 2110, 2105, 2106, 2104, 
541, 2107, 2107, 2110, 2105, 2116, 2106, 2107, 2106, 
542, 2108, 2109, 2110, 2107, 2116, 2105, 2108, 2107, 
543, 2110, 2111, 2113, 2108, 2118, 2109, 2108, 2108, 
544, 2111, 2111, 2112, 2106, 2117, 2109, 2108, 2108, 
545, 2110, 2111, 2116, 2107, 2118, 2108, 2109, 2109, 
546, 2109, 2111, 2115, 2108, 2117, 2110, 2112, 2111, 
547, 2111, 2114, 2114, 2109, 2118, 2111, 2112, 2112, 
548, 2112, 2114, 2119, 2113, 2119, 2114, 2113, 2114, 
549, 2113, 2116, 2119, 2116, 2121, 2116, 2112, 2113, 
550, 2113, 2118, 2120, 2118, 2120, 2116, 2115, 2113, 
551, 2113, 2118, 2121, 2117, 2120, 2117, 2118, 2115, 
552, 2116, 2118, 2121, 2121, 2120, 2117, 2118, 2115, 
553, 2118, 2120, 2121, 2119, 2121, 2118, 2120, 2115, 
554, 2118, 2122, 2122, 2121, 2122, 2118, 2121, 2118, 
555, 2119, 2123, 2122, 2121, 2122, 2118, 2122, 2119, 
556, 2122, 2124, 2123, 2122, 2123, 2119, 2123, 2122, 
557, 2128, 2125, 2125, 2124, 2124, 2122, 2124, 2123, 
558, 2125, 2126, 2125, 2125, 2124, 2122, 2125, 2123, 
559, 2127, 2128, 2124, 2128, 2125, 2124, 2125, 2123, 
560, 2128, 2131, 2124, 2129, 2125, 2125, 2128, 2123, 
561, 2129, 2131, 2125, 2130, 2125, 2127, 2128, 2123, 
562, 2128, 2131, 2126, 2129, 2126, 2129, 2127, 2126, 
563, 2130, 2131, 2127, 2131, 2126, 2129, 2128, 2128, 
564, 2130, 2131, 2128, 2131, 2127, 2129, 2128, 2127, 
565, 2130, 2131, 2128, 2131, 2128, 2131, 2131, 2128, 
566, 2130, 2132, 2128, 2131, 2130, 2131, 2131, 2129, 
567, 2131, 2134, 2130, 2134, 2129, 2131, 2133, 2130, 
568, 2132, 2134, 2129, 2133, 2130, 2130, 2135, 2130, 
569, 2138, 2135, 2132, 2133, 2131, 2131, 2136, 2131, 
570, 2139, 2136, 2136, 2134, 2134, 2133, 2136, 2133, 
571, 2139, 2138, 2138, 2135, 2134, 2133, 2136, 2134, 
572, 2140, 2136, 2141, 2137, 2139, 2134, 2140, 2135, 
573, 2139, 2138, 2142, 2141, 2140, 2133, 2139, 2136, 
574, 2141, 2138, 2142, 2141, 2140, 2136, 2140, 2136, 
575, 2141, 2140, 2142, 2141, 2140, 2138, 2140, 2137, 
576, 2141, 2140, 2141, 2142, 2141, 2137, 2141, 2141, 
577, 2142, 2142, 2142, 2141, 2142, 2141, 2140, 2141, 
578, 2143, 2142, 2142, 2141, 2142, 2143, 2140, 2140, 
579, 2143, 2143, 2143, 2141, 2144, 2143, 2141, 2141, 
580, 2143, 2143, 2143, 2144, 2143, 2142, 2142, 2141, 
581, 2143, 2143, 2143, 2143, 2144, 2142, 2143, 2141, 
582, 2144, 2143, 2145, 2144, 2143, 2143, 2142, 2142, 
583, 2145, 2143, 2145, 2145, 2144, 2144, 2143, 2143, 
584, 2146, 2143, 2145, 2146, 2145, 2144, 2143, 2143, 
585, 2148, 2144, 2147, 2145, 2147, 2146, 2144, 2144, 
586, 2148, 2145, 2147, 2145, 2147, 2147, 2145, 2145, 
587, 2148, 2146, 2147, 2146, 2147, 2148, 2147, 2146, 
588, 2148, 2148, 2147, 2146, 2150, 2149, 2147, 2146, 
589, 2149, 2146, 2148, 2147, 2149, 2149, 2149, 2146, 
590, 2149, 2147, 2149, 2148, 2148, 2149, 2150, 2147, 
591, 2149, 2147, 2147, 2148, 2148, 2149, 2148, 2147, 
592, 2149, 2148, 2148, 2151, 2150, 2149, 2150, 2148, 
593, 2150, 2148, 2150, 2150, 2150, 2149, 2150, 2148, 
594, 2150, 2149, 2151, 2153, 2151, 2150, 2150, 2149, 
595, 2150, 2149, 2155, 2153, 2152, 2151, 2152, 2150, 
596, 2151, 2149, 2158, 2153, 2155, 2152, 2154, 2151, 
597, 2151, 2151, 2158, 2154, 2154, 2152, 2155, 2151, 
598, 2154, 2151, 2158, 2154, 2155, 2152, 2155, 2155, 
599, 2156, 2154, 2157, 2154, 2155, 2153, 2156, 2154, 
600, 2155, 2154, 2159, 2156, 2155, 2154, 2157, 2155, 
601, 2157, 2155, 2159, 2157, 2156, 2159, 2159, 2159, 
602, 2157, 2158, 2161, 2160, 2158, 2158, 2160, 2158, 
603, 2157, 2159, 2160, 2159, 2160, 2160, 2159, 2162, 
604, 2158, 2160, 2161, 2160, 2161, 2160, 2162, 2163, 
605, 2158, 2160, 2159, 2161, 2161, 2162, 2162, 2163, 
606, 2158, 2161, 2160, 2164, 2162, 2162, 2163, 2163, 
607, 2158, 2162, 2160, 2166, 2164, 2169, 2162, 2164, 
608, 2164, 2165, 2162, 2166, 2164, 2169, 2163, 2164, 
609, 2164, 2165, 2163, 2166, 2166, 2170, 2166, 2166, 
610, 2167, 2168, 2163, 2168, 2166, 2171, 2166, 2168, 
611, 2169, 2167, 2164, 2169, 2166, 2170, 2167, 2167, 
612, 2170, 2168, 2164, 2168, 2167, 2171, 2168, 2170, 
613, 2171, 2169, 2167, 2169, 2170, 2172, 2167, 2170, 
614, 2171, 2169, 2167, 2170, 2170, 2173, 2170, 2170, 
615, 2172, 2170, 2167, 2171, 2171, 2172, 2172, 2170, 
616, 2173, 2171, 2169, 2171, 2172, 2172, 2172, 2174, 
617, 2173, 2174, 2168, 2172, 2171, 2173, 2172, 2173, 
618, 2175, 2174, 2167, 2176, 2172, 2173, 2173, 2175, 
619, 2176, 2174, 2173, 2176, 2173, 2174, 2173, 2178, 
620, 2176, 2174, 2169, 2175, 2173, 2174, 2173, 2179, 
621, 2177, 2175, 2174, 2178, 2174, 2174, 2178, 2179, 
622, 2177, 2176, 2177, 2178, 2175, 2178, 2177, 2179, 
623, 2180, 2176, 2178, 2180, 2176, 2179, 2179, 2179, 
624, 2180, 2176, 2178, 2180, 2178, 2179, 2179, 2179, 
625, 2180, 2177, 2177, 2181, 2179, 2180, 2180, 2182, 
626, 2183, 2178, 2180, 2180, 2179, 2181, 2182, 2183, 
627, 2183, 2178, 2181, 2180, 2181, 2181, 2183, 2183, 
628, 2184, 2179, 2180, 2179, 2179, 2182, 2183, 2185, 
629, 2185, 2181, 2183, 2180, 2181, 2182, 2182, 2185, 
630, 2186, 2183, 2184, 2181, 2181, 2182, 2182, 2185, 
631, 2187, 2185, 2183, 2185, 2182, 2182, 2184, 2185, 
632, 2187, 2185, 2185, 2184, 2184, 2184, 2185, 2185, 
633, 2188, 2185, 2186, 2185, 2183, 2185, 2184, 2185, 
634, 2188, 2188, 2186, 2185, 2185, 2186, 2186, 2188, 
635, 2188, 2188, 2186, 2186, 2185, 2184, 2187, 2186, 
636, 2189, 2191, 2188, 2189, 2188, 2186, 2187, 2187, 
637, 2191, 2191, 2191, 2187, 2189, 2189, 2188, 2186, 
638, 2191, 2193, 2191, 2188, 2190, 2191, 2189, 2190, 
639, 2191, 2195, 2192, 2191, 2192, 2191, 2191, 2190, 
640, 2191, 2195, 2192, 2190, 2192, 2191, 2190, 2192, 
641, 2192, 2195, 2194, 2191, 2193, 2193, 2190, 2195, 
642, 2191, 2195, 2196, 2192, 2194, 2194, 2190, 2194, 
643, 2192, 2196, 2196, 2193, 2193, 2195, 2191, 2194, 
644, 2192, 2198, 2199, 2194, 2193, 2195, 2195, 2194, 
645, 2194, 2199, 2199, 2193, 2194, 2195, 2194, 2195, 
646, 2194, 2199, 2200, 2196, 2195, 2198, 2193, 2196, 
647, 2194, 2200, 2199, 2196, 2195, 2197, 2197, 2199, 
648, 2199, 2200, 2202, 2198, 2196, 2199, 2197, 2198, 
649, 2199, 2200, 2202, 2198, 2197, 2199, 2201, 2199, 
650, 2200, 2199, 2204, 2198, 2199, 2200, 2200, 2201, 
651, 2199, 2201, 2203, 2199, 2201, 2200, 2201, 2198, 
652, 2199, 2200, 2205, 2199, 2204, 2199, 2201, 2200, 
653, 2201, 2200, 2205, 2203, 2204, 2201, 2201, 2201, 
654, 2202, 2200, 2206, 2203, 2204, 2203, 2202, 2202, 
655, 2202, 2202, 2206, 2204, 2204, 2201, 2202, 2204, 
656, 2203, 2201, 2206, 2205, 2205, 2202, 2202, 2205, 
657, 2203, 2201, 2206, 2205, 2205, 2202, 2203, 2206, 
658, 2205, 2201, 2207, 2207, 2207, 2202, 2203, 2206, 
659, 2204, 2202, 2207, 2206, 2207, 2203, 2207, 2206, 
660, 2204, 2206, 2207, 2208, 2207, 2204, 2208, 2209, 
661, 2204, 2205, 2206, 2209, 2208, 2205, 2208, 2209, 
662, 2207, 2207, 2207, 2209, 2208, 2207, 2208, 2209, 
663, 2207, 2209, 2208, 2209, 2209, 2207, 2209, 2209, 
664, 2206, 2212, 2207, 2210, 2210, 2208, 2209, 2210, 
665, 2208, 2213, 2208, 2210, 2211, 2210, 2209, 2210, 
666, 2208, 2212, 2209, 2210, 2212, 2209, 2209, 2209, 
667, 2208, 2212, 2212, 2210, 2210, 2210, 2212, 2210, 
668, 2211, 2212, 2211, 2211, 2212, 2213, 2213, 2210, 
669, 2212, 2214, 2211, 2211, 2210, 2212, 2213, 2211, 
670, 2214, 2214, 2212, 2211, 2211, 2214, 2215, 2213, 
671, 2212, 2215, 2213, 2211, 2211, 2214, 2214, 2213, 
672, 2212, 2215, 2215, 2212, 2212, 2215, 2217, 2213, 
673, 2213, 2214, 2217, 2213, 2212, 2217, 2216, 2212, 
674, 2213, 2214, 2217, 2215, 2215, 2217, 2218, 2216, 
675, 2212, 2217, 2217, 2218, 2215, 2217, 2218, 2217, 
676, 2217, 2217, 2217, 2219, 2216, 2218, 2219, 2216, 
677, 2218, 2216, 2218, 2219, 2216, 2218, 2218, 2217, 
678, 2221, 2218, 2218, 2219, 2217, 2219, 2220, 2217, 
679, 2221, 2219, 2218, 2219, 2218, 2218, 2220, 2219, 
680, 2223, 2218, 2219, 2223, 2221, 2218, 2222, 2218, 
681, 2226, 2222, 2218, 2221, 2222, 2219, 2223, 2218, 
682, 2224, 2223, 2219, 2221, 2223, 2219, 2223, 2220, 
683, 2223, 2224, 2222, 2223, 2223, 2222, 2225, 2220, 
684, 2224, 2224, 2222, 2222, 2226, 2225, 2225, 2224, 
685, 2225, 2224, 2224, 2222, 2227, 2225, 2226, 2224, 
686, 2225, 2225, 2224, 2223, 2228, 2225, 2225, 2224, 
687, 2228, 2224, 2224, 2228, 2228, 2225, 2225, 2225, 
688, 2227, 2228, 2226, 2228, 2228, 2225, 2225, 2226, 
689, 2226, 2226, 2226, 2227, 2229, 2225, 2225, 2226, 
690, 2226, 2225, 2227, 2227, 2229, 2227, 2225, 2226, 
691, 2227, 2225, 2231, 2228, 2228, 2227, 2227, 2228, 
692, 2228, 2227, 2231, 2229, 2228, 2229, 2227, 2229, 
693, 2229, 2228, 2232, 2229, 2228, 2231, 2228, 2229, 
694, 2231, 2227, 2235, 2231, 2228, 2235, 2228, 2233, 
695, 2232, 2229, 2235, 2232, 2229, 2231, 2230, 2235, 
696, 2233, 2234, 2235, 2230, 2237, 2230, 2231, 2233, 
697, 2233, 2230, 2235, 2234, 2239, 2230, 2233, 2234, 
698, 2233, 2232, 2235, 2235, 2238, 2234, 2233, 2234, 
699, 2234, 2232, 2235, 2236, 2239, 2233, 2233, 2235, 
700, 2235, 2233, 2236, 2236, 2239, 2239, 2235, 2236, 
701, 2236, 2235, 2238, 2239, 2241, 2238, 2239, 2236, 
702, 2237, 2236, 2238, 2239, 2241, 2239, 2237, 2238, 
703, 2238, 2239, 2238, 2242, 2243, 2240, 2237, 2240, 
704, 2240, 2241, 2237, 2240, 2243, 2239, 2239, 2240, 
705, 2239, 2240, 2238, 2238, 2243, 2241, 2241, 2240, 
706, 2240, 2240, 2238, 2241, 2244, 2241, 2241, 2240, 
707, 2242, 2242, 2242, 2240, 2244, 2241, 2242, 2242, 
708, 2244, 2242, 2240, 2244, 2244, 2243, 2243, 2243, 
709, 2242, 2243, 2240, 2243, 2244, 2245, 2243, 2243, 
710, 2242, 2243, 2241, 2244, 2245, 2244, 2243, 2244, 
711, 2243, 2243, 2241, 2246, 2245, 2246, 2246, 2244, 
712, 2245, 2245, 2243, 2246, 2245, 2245, 2246, 2244, 
713, 2246, 2244, 2243, 2247, 2246, 2245, 2246, 2244, 
714, 2245, 2245, 2244, 2247, 2246, 2245, 2247, 2244, 
715, 2245, 2244, 2244, 2248, 2247, 2245, 2247, 2245, 
716, 2247, 2244, 2246, 2247, 2248, 2246, 2247, 2245, 
717, 2247, 2244, 2246, 2249, 2248, 2246, 2248, 2247, 
718, 2246, 2246, 2246, 2249, 2248, 2248, 2247, 2247, 
719, 2248, 2247, 2247, 2248, 2251, 2249, 2248, 2248, 
720, 2247, 2246, 2247, 2249, 2249, 2250, 2248, 2248, 
721, 2248, 2248, 2248, 2250, 2250, 2250, 2248, 2248, 
722, 2248, 2248, 2248, 2250, 2253, 2251, 2248, 2250, 
723, 2250, 2247, 2248, 2250, 2256, 2252, 2249, 2251, 
724, 2249, 2251, 2249, 2252, 2253, 2252, 2249, 2252, 
725, 2250, 2253, 2249, 2252, 2253, 2253, 2250, 2252, 
726, 2252, 2252, 2252, 2252, 2255, 2253, 2249, 2252, 
727, 2253, 2254, 2251, 2252, 2256, 2253, 2249, 2253, 
728, 2253, 2253, 2253, 2253, 2255, 2255, 2250, 2253, 
729, 2254, 2253, 2253, 2253, 2258, 2255, 2253, 2253, 
730, 2253, 2254, 2254, 2254, 2258, 2255, 2254, 2254, 
731, 2253, 2254, 2253, 2254, 2259, 2257, 2254, 2254, 
732, 2254, 2254, 2254, 2255, 2259, 2258, 2254, 2254, 
733, 2256, 2257, 2256, 2255, 2259, 2257, 2254, 2256, 
734, 2255, 2257, 2255, 2255, 2259, 2258, 2257, 2256, 
735, 2257, 2258, 2255, 2256, 2260, 2258, 2257, 2257, 
736, 2259, 2257, 2257, 2259, 2260, 2259, 2257, 2259, 
737, 2259, 2258, 2259, 2257, 2260, 2259, 2257, 2260, 
738, 2258, 2257, 2258, 2258, 2261, 2260, 2258, 2260, 
739, 2259, 2259, 2261, 2258, 2260, 2260, 2258, 2262, 
740, 2260, 2260, 2261, 2260, 2260, 2261, 2261, 2262, 
741, 2260, 2262, 2262, 2261, 2260, 2260, 2262, 2262, 
742, 2260, 2261, 2262, 2260, 2261, 2261, 2262, 2262, 
743, 2262, 2261, 2263, 2260, 2262, 2261, 2263, 2262, 
744, 2263, 2261, 2263, 2260, 2262, 2261, 2263, 2263, 
745, 2263, 2261, 2263, 2262, 2263, 2261, 2265, 2263, 
746, 2264, 2262, 2266, 2262, 2263, 2262, 2266, 2262, 
747, 2265, 2262, 2267, 2262, 2263, 2262, 2266, 2264, 
748, 2266, 2263, 2267, 2263, 2265, 2263, 2265, 2264, 
749, 2267, 2263, 2267, 2263, 2265, 2267, 2265, 2267, 
750, 2269, 2267, 2266, 2264, 2266, 2268, 2268, 2266, 
751, 2268, 2267, 2267, 2265, 2266, 2267, 2268, 2266, 
752, 2270, 2267, 2267, 2267, 2268, 2268, 2269, 2266, 
753, 2269, 2269, 2268, 2267, 2266, 2268, 2270, 2267, 
754, 2270, 2269, 2268, 2266, 2267, 2268, 2269, 2269, 
755, 2272, 2272, 2269, 2267, 2268, 2269, 2268, 2271, 
756, 2270, 2272, 2269, 2267, 2269, 2269, 2268, 2272, 
757, 2271, 2272, 2269, 2270, 2268, 2269, 2270, 2271, 
758, 2272, 2273, 2269, 2269, 2269, 2271, 2270, 2271, 
759, 2272, 2272, 2269, 2270, 2269, 2271, 2270, 2272, 
760, 2272, 2272, 2270, 2269, 2269, 2271, 2271, 2272, 
761, 2271, 2273, 2270, 2271, 2268, 2271, 2271, 2271, 
762, 2273, 2273, 2272, 2270, 2271, 2272, 2272, 2272, 
763, 2273, 2274, 2275, 2270, 2272, 2272, 2271, 2272, 
764, 2273, 2274, 2274, 2271, 2272, 2272, 2272, 2272, 
765, 2274, 2274, 2277, 2272, 2272, 2273, 2272, 2274, 
766, 2274, 2274, 2277, 2273, 2272, 2273, 2272, 2277, 
767, 2275, 2274, 2277, 2273, 2273, 2274, 2272, 2279, 
768, 2276, 2274, 2277, 2276, 2273, 2274, 2273, 2279, 
769, 2276, 2274, 2278, 2276, 2274, 2274, 2274, 2279, 
770, 2276, 2276, 2278, 2277, 2275, 2275, 2275, 2279, 
771, 2276, 2277, 2278, 2277, 2277, 2276, 2274, 2280, 
772, 2281, 2277, 2279, 2277, 2279, 2276, 2275, 2281, 
773, 2281, 2277, 2281, 2279, 2280, 2278, 2276, 2281, 
774, 2282, 2277, 2282, 2280, 2281, 2277, 2276, 2279, 
775, 2281, 2278, 2282, 2281, 2281, 2278, 2276, 2281, 
776, 2282, 2278, 2282, 2280, 2279, 2280, 2279, 2282, 
777, 2280, 2281, 2281, 2280, 2281, 2281, 2279, 2281, 
778, 2280, 2280, 2281, 2281, 2282, 2280, 2279, 2281, 
779, 2280, 2283, 2282, 2281, 2282, 2281, 2281, 2282, 
780, 2282, 2283, 2282, 2282, 2283, 2283, 2281, 2282, 
781, 2283, 2284, 2284, 2282, 2283, 2284, 2284, 2284, 
782, 2283, 2284, 2285, 2282, 2282, 2284, 2284, 2284, 
783, 2284, 2284, 2285, 2284, 2282, 2284, 2284, 2284, 
784, 2283, 2285, 2287, 2284, 2282, 2285, 2284, 2283, 
785, 2284, 2286, 2286, 2284, 2283, 2285, 2285, 2284, 
786, 2282, 2286, 2287, 2285, 2283, 2284, 2285, 2284, 
787, 2284, 2285, 2286, 2285, 2285, 2284, 2285, 2285, 
788, 2284, 2286, 2287, 2286, 2284, 2284, 2286, 2286, 
789, 2284, 2285, 2287, 2286, 2285, 2285, 2285, 2287, 
790, 2285, 2285, 2287, 2286, 2287, 2284, 2286, 2287, 
791, 2285, 2285, 2287, 2286, 2287, 2285, 2288, 2286, 
792, 2286, 2285, 2288, 2286, 2286, 2286, 2289, 2287, 
793, 2286, 2286, 2287, 2287, 2288, 2288, 2288, 2289, 
794, 2286, 2286, 2287, 2287, 2287, 2287, 2289, 2289, 
795, 2285, 2285, 2289, 2288, 2286, 2287, 2289, 2289, 
796, 2285, 2286, 2288, 2290, 2289, 2288, 2290, 2288, 
797, 2287, 2288, 2289, 2290, 2288, 2287, 2291, 2289, 
798, 2289, 2287, 2290, 2291, 2291, 2288, 2291, 2289, 
799, 2288, 2288, 2290, 2291, 2291, 2288, 2292, 2290, 
800, 2288, 2288, 2292, 2292, 2291, 2288, 2293, 2290, 
801, 2288, 2292, 2292, 2292, 2291, 2289, 2293, 2291, 
802, 2289, 2292, 2292, 2292, 2291, 2292, 2293, 2292, 
803, 2289, 2292, 2293, 2293, 2291, 2291, 2294, 2291, 
804, 2290, 2292, 2295, 2293, 2291, 2292, 2294, 2292, 
805, 2290, 2292, 2296, 2293, 2291, 2293, 2295, 2292, 
806, 2290, 2293, 2294, 2293, 2291, 2294, 2295, 2293, 
807, 2292, 2294, 2294, 2294, 2291, 2294, 2297, 2295, 
808, 2292, 2295, 2295, 2296, 2292, 2294, 2298, 2295, 
809, 2293, 2293, 2295, 2295, 2292, 2294, 2298, 2294, 
810, 2292, 2293, 2294, 2295, 2292, 2294, 2297, 2297, 
811, 2294, 2293, 2295, 2296, 2294, 2295, 2298, 2298, 
812, 2296, 2295, 2296, 2298, 2295, 2295, 2298, 2297, 
813, 2297, 2298, 2295, 2298, 2296, 2295, 2298, 2297, 
814, 2299, 2304, 2296, 2298, 2297, 2295, 2298, 2297, 
815, 2299, 2304, 2296, 2298, 2299, 2293, 2299, 2298, 
816, 2299, 2304, 2304, 2298, 2301, 2295, 2299, 2299, 
817, 2302, 2302, 2297, 2298, 2300, 2295, 2298, 2298, 
818, 2302, 2301, 2297, 2298, 2300, 2296, 2298, 2299, 
819, 2302, 2302, 2298, 2300, 2301, 2295, 2298, 2300, 
820, 2303, 2303, 2301, 2301, 2299, 2298, 2299, 2303, 
821, 2304, 2302, 2304, 2302, 2300, 2299, 2299, 2304, 
822, 2303, 2303, 2303, 2301, 2303, 2300, 2299, 2303, 
823, 2303, 2303, 2303, 2303, 2305, 2300, 2301, 2303, 
824, 2303, 2303, 2303, 2304, 2305, 2301, 2303, 2303, 
825, 2303, 2304, 2303, 2305, 2304, 2303, 2305, 2304, 
826, 2303, 2306, 2305, 2305, 2305, 2304, 2305, 2303, 
827, 2304, 2306, 2308, 2305, 2305, 2306, 2306, 2303, 
828, 2303, 2306, 2309, 2305, 2305, 2306, 2306, 2305, 
829, 2305, 2306, 2309, 2306, 2305, 2306, 2306, 2305, 
830, 2305, 2307, 2309, 2305, 2305, 2306, 2306, 2306, 
831, 2305, 2306, 2309, 2306, 2306, 2306, 2306, 2308, 
832, 2306, 2310, 2311, 2307, 2307, 2307, 2307, 2308, 
833, 2306, 2308, 2308, 2306, 2308, 2307, 2309, 2308, 
834, 2306, 2309, 2309, 2308, 2310, 2308, 2308, 2309, 
835, 2307, 2310, 2310, 2309, 2309, 2308, 2309, 2309, 
836, 2308, 2311, 2309, 2310, 2310, 2309, 2310, 2310, 
837, 2310, 2311, 2309, 2309, 2316, 2309, 2311, 2309, 
838, 2310, 2311, 2310, 2311, 2316, 2310, 2311, 2310, 
839, 2312, 2312, 2313, 2311, 2316, 2311, 2312, 2310, 
840, 2313, 2312, 2313, 2312, 2316, 2311, 2312, 2309, 
841, 2311, 2312, 2315, 2314, 2318, 2313, 2312, 2310, 
842, 2313, 2315, 2313, 2316, 2318, 2312, 2311, 2312, 
843, 2315, 2312, 2314, 2314, 2319, 2313, 2312, 2311, 
844, 2314, 2314, 2314, 2314, 2317, 2316, 2314, 2315, 
845, 2315, 2315, 2314, 2315, 2318, 2316, 2313, 2310, 
846, 2316, 2318, 2314, 2315, 2320, 2316, 2315, 2311, 
847, 2315, 2317, 2315, 2316, 2319, 2317, 2317, 2314, 
848, 2315, 2319, 2316, 2316, 2319, 2319, 2315, 2317, 
849, 2316, 2319, 2317, 2317, 2319, 2319, 2317, 2315, 
850, 2316, 2319, 2319, 2317, 2319, 2318, 2318, 2318, 
851, 2316, 2319, 2319, 2317, 2319, 2319, 2318, 2314, 
852, 2317, 2319, 2319, 2318, 2319, 2319, 2319, 2318, 
853, 2317, 2319, 2321, 2318, 2318, 2321, 2323, 2321, 
854, 2318, 2322, 2322, 2319, 2321, 2320, 2322, 2320, 
855, 2318, 2320, 2321, 2323, 2321, 2321, 2323, 2321, 
856, 2319, 2321, 2321, 2323, 2321, 2320, 2324, 2323, 
857, 2320, 2322, 2321, 2323, 2321, 2322, 2326, 2323, 
858, 2321, 2321, 2325, 2323, 2322, 2322, 2325, 2322, 
859, 2320, 2322, 2323, 2323, 2323, 2324, 2326, 2322, 
860, 2326, 2321, 2322, 2323, 2324, 2324, 2326, 2323, 
861, 2323, 2321, 2322, 2323, 2323, 2324, 2326, 2325, 
862, 2325, 2326, 2322, 2323, 2325, 2324, 2325, 2329, 
863, 2325, 2325, 2323, 2324, 2324, 2324, 2326, 2329, 
864, 2325, 2327, 2324, 2323, 2325, 2324, 2326, 2328, 
865, 2324, 2326, 2326, 2323, 2325, 2324, 2327, 2328, 
866, 2327, 2326, 2326, 2326, 2326, 2324, 2327, 2329, 
867, 2327, 2326, 2327, 2327, 2327, 2326, 2326, 2329, 
868, 2328, 2326, 2327, 2327, 2326, 2328, 2327, 2329, 
869, 2327, 2327, 2329, 2328, 2326, 2327, 2327, 2329, 
870, 2327, 2328, 2329, 2327, 2328, 2328, 2328, 2330, 
871, 2328, 2328, 2329, 2328, 2328, 2329, 2328, 2331, 
872, 2328, 2329, 2329, 2328, 2328, 2329, 2328, 2331, 
873, 2329, 2331, 2329, 2329, 2330, 2329, 2328, 2331, 
874, 2331, 2330, 2329, 2331, 2332, 2329, 2332, 2332, 
875, 2330, 2332, 2329, 2330, 2332, 2331, 2332, 2334, 
876, 2330, 2334, 2330, 2331, 2331, 2332, 2331, 2333, 
877, 2331, 2334, 2331, 2332, 2332, 2332, 2331, 2333, 
878, 2331, 2334, 2333, 2334, 2334, 2332, 2331, 2334, 
879, 2333, 2334, 2336, 2335, 2334, 2333, 2334, 2334, 
880, 2334, 2334, 2336, 2335, 2334, 2334, 2333, 2334, 
881, 2334, 2334, 2336, 2335, 2335, 2335, 2335, 2334, 
882, 2334, 2335, 2336, 2335, 2333, 2334, 2334, 2334, 
883, 2335, 2335, 2336, 2336, 2333, 2334, 2339, 2334, 
884, 2336, 2337, 2336, 2337, 2334, 2335, 2338, 2334, 
885, 2336, 2337, 2336, 2337, 2334, 2335, 2340, 2336, 
886, 2337, 2338, 2338, 2337, 2335, 2334, 2339, 2338, 
887, 2338, 2338, 2337, 2338, 2335, 2335, 2340, 2335, 
888, 2338, 2338, 2338, 2339, 2336, 2336, 2340, 2336, 
889, 2339, 2340, 2338, 2340, 2337, 2337, 2340, 2336, 
890, 2339, 2339, 2339, 2340, 2338, 2339, 2341, 2338, 
891, 2340, 2339, 2339, 2341, 2339, 2339, 2342, 2339, 
892, 2340, 2339, 2338, 2341, 2339, 2341, 2342, 2339, 
893, 2339, 2340, 2339, 2341, 2340, 2341, 2344, 2339, 
894, 2339, 2342, 2340, 2342, 2340, 2342, 2343, 2339, 
895, 2341, 2341, 2343, 2342, 2341, 2343, 2344, 2340, 
896, 2340, 2342, 2344, 2342, 2341, 2344, 2343, 2339, 
897, 2340, 2343, 2343, 2342, 2341, 2343, 2344, 2343, 
898, 2340, 2343, 2344, 2344, 2341, 2343, 2344, 2345, 
899, 2341, 2343, 2344, 2343, 2341, 2343, 2343, 2346, 
900, 2341, 2343, 2344, 2343, 2341, 2345, 2343, 2346, 
901, 2341, 2343, 2346, 2344, 2343, 2345, 2344, 2346, 
902, 2341, 2343, 2345, 2345, 2342, 2344, 2343, 2344, 
903, 2342, 2344, 2345, 2345, 2344, 2345, 2344, 2344, 
904, 2343, 2344, 2346, 2347, 2344, 2344, 2344, 2344, 
905, 2346, 2345, 2346, 2345, 2344, 2345, 2344, 2344, 
906, 2347, 2345, 2345, 2346, 2346, 2345, 2344, 2344, 
907, 2347, 2346, 2346, 2346, 2346, 2348, 2347, 2346, 
908, 2347, 2347, 2347, 2346, 2347, 2348, 2347, 2346, 
909, 2347, 2345, 2346, 2346, 2347, 2350, 2347, 2346, 
910, 2347, 2345, 2347, 2346, 2347, 2348, 2348, 2348, 
911, 2347, 2345, 2347, 2347, 2347, 2349, 2348, 2347, 
912, 2347, 2347, 2349, 2348, 2347, 2349, 2349, 2348, 
913, 2347, 2346, 2349, 2348, 2347, 2349, 2350, 2348, 
914, 2347, 2348, 2350, 2349, 2347, 2349, 2350, 2347, 
915, 2347, 2350, 2351, 2350, 2350, 2348, 2350, 2350, 
916, 2347, 2348, 2351, 2350, 2350, 2349, 2351, 2350, 
917, 2352, 2348, 2351, 2350, 2350, 2352, 2352, 2349, 
918, 2352, 2349, 2353, 2350, 2351, 2351, 2352, 2349, 
919, 2354, 2350, 2352, 2351, 2354, 2353, 2352, 2350, 
920, 2353, 2350, 2352, 2352, 2353, 2353, 2351, 2351, 
921, 2353, 2351, 2352, 2352, 2354, 2355, 2351, 2351, 
922, 2353, 2354, 2352, 2352, 2354, 2355, 2353, 2351, 
923, 2354, 2352, 2352, 2356, 2354, 2354, 2353, 2352, 
924, 2354, 2352, 2351, 2355, 2356, 2355, 2354, 2351, 
925, 2352, 2354, 2353, 2355, 2356, 2355, 2355, 2351, 
926, 2353, 2353, 2353, 2357, 2356, 2357, 2355, 2351, 
927, 2353, 2354, 2353, 2357, 2356, 2357, 2356, 2355, 
928, 2353, 2354, 2353, 2357, 2355, 2356, 2357, 2353, 
929, 2354, 2355, 2354, 2358, 2357, 2358, 2356, 2354, 
930, 2358, 2356, 2355, 2357, 2358, 2357, 2358, 2353, 
931, 2360, 2356, 2355, 2358, 2358, 2362, 2357, 2358, 
932, 2358, 2361, 2357, 2359, 2358, 2362, 2356, 2359, 
933, 2362, 2361, 2356, 2360, 2359, 2361, 2357, 2361, 
934, 2361, 2360, 2356, 2360, 2362, 2362, 2361, 2361, 
935, 2361, 2361, 2357, 2360, 2362, 2363, 2362, 2360, 
936, 2360, 2361, 2360, 2359, 2363, 2363, 2361, 2361, 
937, 2360, 2360, 2361, 2360, 2363, 2364, 2363, 2362, 
938, 2360, 2360, 2362, 2361, 2364, 2364, 2362, 2361, 
939, 2360, 2360, 2361, 2361, 2364, 2364, 2364, 2361, 
940, 2361, 2360, 2362, 2361, 2364, 2363, 2364, 2362, 
941, 2360, 2360, 2362, 2364, 2365, 2364, 2364, 2363, 
942, 2361, 2360, 2364, 2362, 2363, 2365, 2364, 2363, 
943, 2361, 2362, 2364, 2362, 2363, 2364, 2365, 2364, 
944, 2362, 2364, 2363, 2363, 2364, 2364, 2365, 2364, 
945, 2362, 2364, 2363, 2363, 2365, 2364, 2365, 2366, 
946, 2365, 2364, 2364, 2364, 2365, 2365, 2365, 2366, 
947, 2368, 2365, 2364, 2364, 2365, 2366, 2366, 2365, 
948, 2366, 2366, 2364, 2363, 2365, 2365, 2366, 2368, 
949, 2365, 2367, 2363, 2363, 2366, 2366, 2366, 2367, 
950, 2367, 2367, 2365, 2364, 2365, 2367, 2366, 2368, 
951, 2367, 2366, 2366, 2364, 2367, 2368, 2366, 2367, 
952, 2367, 2366, 2366, 2364, 2367, 2368, 2365, 2368, 
953, 2367, 2366, 2367, 2365, 2367, 2368, 2365, 2368, 
954, 2367, 2367, 2367, 2366, 2368, 2368, 2365, 2369, 
955, 2368, 2369, 2367, 2365, 2367, 2368, 2365, 2369, 
956, 2367, 2369, 2369, 2366, 2367, 2367, 2365, 2369, 
957, 2369, 2368, 2369, 2367, 2368, 2367, 2370, 2370, 
958, 2368, 2370, 2369, 2368, 2368, 2368, 2370, 2372, 
959, 2369, 2369, 2370, 2367, 2367, 2367, 2370, 2371, 
960, 2369, 2370, 2369, 2369, 2368, 2367, 2370, 2370, 
961, 2372, 2373, 2369, 2369, 2369, 2367, 2370, 2371, 
962, 2372, 2373, 2371, 2369, 2369, 2368, 2371, 2370, 
963, 2372, 2373, 2370, 2369, 2370, 2367, 2370, 2370, 
964, 2372, 2371, 2370, 2369, 2370, 2369, 2372, 2371, 
965, 2373, 2373, 2369, 2370, 2370, 2368, 2371, 2371, 
966, 2373, 2373, 2371, 2369, 2370, 2369, 2372, 2372, 
967, 2373, 2373, 2371, 2373, 2370, 2373, 2373, 2373, 
968, 2373, 2374, 2372, 2372, 2371, 2374, 2373, 2371, 
969, 2373, 2373, 2372, 2373, 2374, 2374, 2373, 2372, 
970, 2375, 2375, 2373, 2373, 2374, 2373, 2372, 2372, 
971, 2375, 2375, 2372, 2375, 2376, 2376, 2373, 2373, 
972, 2376, 2375, 2373, 2376, 2376, 2375, 2373, 2373, 
973, 2375, 2375, 2373, 2376, 2376, 2376, 2373, 2375, 
974, 2375, 2375, 2375, 2375, 2376, 2376, 2375, 2375, 
975, 2374, 2375, 2375, 2376, 2376, 2377, 2374, 2375, 
976, 2374, 2375, 2376, 2375, 2375, 2375, 2374, 2375, 
977, 2375, 2374, 2376, 2376, 2376, 2375, 2374, 2374, 
978, 2376, 2375, 2376, 2376, 2376, 2377, 2375, 2375, 
979, 2375, 2374, 2376, 2376, 2377, 2376, 2375, 2375, 
980, 2373, 2374, 2376, 2376, 2377, 2376, 2376, 2378, 
981, 2374, 2377, 2376, 2376, 2377, 2376, 2376, 2378, 
982, 2376, 2375, 2376, 2375, 2377, 2376, 2376, 2380, 
983, 2376, 2375, 2376, 2376, 2377, 2376, 2376, 2380, 
984, 2376, 2376, 2377, 2376, 2376, 2376, 2376, 2381, 
985, 2377, 2376, 2378, 2376, 2376, 2376, 2376, 2381, 
986, 2376, 2380, 2378, 2376, 2376, 2377, 2376, 2382, 
987, 2377, 2380, 2378, 2377, 2376, 2378, 2378, 2382, 
988, 2379, 2379, 2378, 2377, 2377, 2378, 2378, 2383, 
989, 2378, 2379, 2378, 2378, 2376, 2378, 2377, 2383, 
990, 2378, 2379, 2378, 2378, 2383, 2378, 2378, 2383, 
991, 2379, 2381, 2379, 2379, 2379, 2379, 2378, 2384, 
992, 2379, 2381, 2379, 2379, 2379, 2381, 2379, 2383, 
993, 2380, 2381, 2379, 2379, 2379, 2382, 2379, 2383, 
994, 2380, 2383, 2378, 2379, 2380, 2380, 2379, 2383, 
995, 2380, 2383, 2381, 2380, 2379, 2380, 2382, 2382, 
996, 2380, 2383, 2381, 2382, 2379, 2383, 2382, 2383, 
997, 2381, 2383, 2379, 2382, 2380, 2383, 2382, 2383, 
998, 2381, 2383, 2379, 2381, 2380, 2383, 2381, 2384, 
999, 2381, 2384, 2379, 2383, 2381, 2383, 2381, 2383, 
1000, 2380, 2384, 2379, 2383, 2382, 2383, 2381, 2384, 
1001, 2380, 2384, 2379, 2384, 2383, 2383, 2382, 2384, 
1002, 2381, 2384, 2381, 2384, 2384, 2383, 2382, 2384, 
1003, 2382, 2384, 2381, 2384, 2384, 2384, 2383, 2384, 
1004, 2382, 2383, 2380, 2384, 2384, 2383, 2384, 2384, 
1005, 2382, 2383, 2382, 2384, 2384, 2384, 2384, 2384, 
1006, 2384, 2383, 2382, 2384, 2384, 2383, 2384, 2384, 
1007, 2384, 2382, 2382, 2384, 2384, 2383, 2384, 2384, 
1008, 2384, 2382, 2383, 2384, 2385, 2383, 2383, 2384, 
1009, 2384, 2382, 2383, 2384, 2386, 2384, 2383, 2384, 
1010, 2385, 2383, 2383, 2384, 2386, 2383, 2383, 2384, 
1011, 2385, 2383, 2383, 2385, 2386, 2383, 2384, 2385, 
1012, 2385, 2383, 2383, 2385, 2386, 2382, 2384, 2385, 
1013, 2385, 2382, 2383, 2386, 2386, 2384, 2384, 2385, 
1014, 2385, 2382, 2386, 2386, 2386, 2384, 2384, 2386, 
1015, 2385, 2384, 2385, 2386, 2386, 2384, 2385, 2386, 
1016, 2385, 2383, 2384, 2386, 2386, 2385, 2385, 2386, 
1017, 2385, 2383, 2386, 2386, 2386, 2384, 2387, 2387, 
1018, 2386, 2382, 2388, 2387, 2386, 2386, 2386, 2388, 
1019, 2387, 2385, 2387, 2386, 2386, 2386, 2386, 2388, 
1020, 2388, 2385, 2387, 2389, 2386, 2386, 2387, 2388, 
1021, 2387, 2385, 2388, 2389, 2386, 2386, 2386, 2388, 
1022, 2387, 2386, 2388, 2388, 2387, 2387, 2388, 2387, 
1023, 2388, 2385, 2387, 2388, 2388, 2386, 2390, 2388, 
1024, 2388, 2387, 2388, 2388, 2387, 2387, 2388, 2388, 
1025, 2388, 2388, 2389, 2387, 2387, 2387, 2388, 2388, 
1026, 2389, 2387, 2389, 2387, 2387, 2387, 2388, 2388, 
1027, 2388, 2387, 2389, 2388, 2389, 2388, 2388, 2389, 
1028, 2388, 2388, 2388, 2389, 2389, 2389, 2389, 2389, 
1029, 2388, 2388, 2389, 2387, 2389, 2389, 2389, 2389, 
1030, 2389, 2388, 2390, 2387, 2390, 2389, 2388, 2389, 
1031, 2389, 2389, 2389, 2387, 2390, 2391, 2390, 2389, 
1032, 2389, 2391, 2388, 2389, 2391, 2392, 2389, 2389, 
1033, 2389, 2391, 2389, 2389, 2389, 2391, 2390, 2389, 
1034, 2388, 2390, 2390, 2389, 2390, 2392, 2390, 2390, 
1035, 2388, 2390, 2389, 2390, 2391, 2392, 2392, 2391, 
1036, 2390, 2390, 2390, 2391, 2391, 2393, 2391, 2391, 
1037, 2390, 2390, 2390, 2391, 2391, 2393, 2391, 2393, 
1038, 2391, 2390, 2391, 2391, 2391, 2392, 2392, 2395, 
1039, 2392, 2390, 2390, 2392, 2391, 2393, 2391, 2394, 
1040, 2393, 2390, 2392, 2392, 2392, 2393, 2392, 2394, 
1041, 2393, 2392, 2393, 2392, 2392, 2393, 2393, 2394, 
1042, 2394, 2391, 2393, 2391, 2392, 2393, 2392, 2394, 
1043, 2394, 2391, 2393, 2392, 2392, 2392, 2392, 2395, 
1044, 2394, 2391, 2393, 2394, 2394, 2393, 2394, 2394, 
1045, 2394, 2392, 2392, 2393, 2393, 2394, 2394, 2394, 
1046, 2395, 2393, 2391, 2392, 2393, 2394, 2393, 2394, 
1047, 2396, 2393, 2395, 2396, 2392, 2394, 2393, 2393, 
1048, 2396, 2393, 2395, 2395, 2394, 2395, 2393, 2394, 
1049, 2396, 2393, 2395, 2395, 2395, 2395, 2393, 2393, 
1050, 2397, 2393, 2396, 2395, 2395, 2397, 2394, 2394, 
1051, 2396, 2393, 2396, 2395, 2395, 2396, 2394, 2394, 
1052, 2397, 2394, 2396, 2395, 2395, 2396, 2394, 2394, 
1053, 2398, 2395, 2396, 2396, 2396, 2398, 2394, 2397, 
1054, 2397, 2395, 2396, 2396, 2396, 2397, 2394, 2394, 
1055, 2397, 2396, 2396, 2396, 2396, 2397, 2394, 2394, 
1056, 2397, 2397, 2397, 2399, 2395, 2397, 2394, 2395, 
1057, 2397, 2397, 2397, 2398, 2395, 2397, 2396, 2394, 
1058, 2397, 2397, 2397, 2399, 2395, 2397, 2396, 2394, 
1059, 2397, 2397, 2397, 2399, 2397, 2397, 2398, 2399, 
1060, 2397, 2397, 2399, 2399, 2396, 2398, 2399, 2399, 
1061, 2397, 2397, 2399, 2400, 2396, 2397, 2399, 2399, 
1062, 2397, 2397, 2401, 2400, 2399, 2397, 2399, 2397, 
1063, 2397, 2398, 2401, 2400, 2400, 2397, 2399, 2397, 
1064, 2397, 2398, 2400, 2399, 2401, 2398, 2399, 2397, 
1065, 2398, 2398, 2401, 2399, 2401, 2398, 2399, 2398, 
1066, 2398, 2399, 2401, 2399, 2400, 2398, 2400, 2397, 
1067, 2398, 2399, 2401, 2399, 2401, 2398, 2401, 2399, 
1068, 2400, 2399, 2400, 2400, 2401, 2400, 2401, 2398, 
1069, 2400, 2400, 2401, 2400, 2401, 2400, 2401, 2398, 
1070, 2400, 2400, 2401, 2399, 2401, 2400, 2401, 2398, 
1071, 2400, 2400, 2403, 2399, 2401, 2400, 2401, 2399, 
1072, 2399, 2401, 2402, 2399, 2403, 2400, 2401, 2399, 
1073, 2400, 2400, 2403, 2399, 2403, 2400, 2401, 2400, 
1074, 2401, 2400, 2403, 2399, 2402, 2400, 2401, 2400, 
1075, 2401, 2400, 2403, 2400, 2402, 2402, 2401, 2401, 
1076, 2402, 2401, 2402, 2399, 2403, 2402, 2401, 2401, 
1077, 2401, 2401, 2401, 2400, 2402, 2402, 2402, 2403, 
1078, 2403, 2401, 2401, 2400, 2402, 2402, 2401, 2402, 
1079, 2403, 2402, 2402, 2400, 2402, 2401, 2402, 2402, 
1080, 2403, 2403, 2402, 2402, 2402, 2402, 2402, 2402, 
1081, 2402, 2404, 2402, 2402, 2402, 2402, 2403, 2402, 
1082, 2403, 2403, 2402, 2401, 2402, 2403, 2403, 2403, 
1083, 2402, 2403, 2402, 2400, 2402, 2404, 2403, 2403, 
1084, 2404, 2403, 2402, 2402, 2403, 2404, 2403, 2402, 
1085, 2405, 2404, 2402, 2402, 2403, 2404, 2404, 2403, 
1086, 2404, 2403, 2404, 2404, 2404, 2404, 2404, 2404, 
1087, 2405, 2404, 2403, 2405, 2403, 2404, 2405, 2404, 
1088, 2404, 2405, 2403, 2405, 2405, 2404, 2405, 2403, 
1089, 2405, 2405, 2404, 2405, 2405, 2405, 2405, 2403, 
1090, 2403, 2406, 2404, 2405, 2405, 2404, 2405, 2403, 
1091, 2404, 2406, 2403, 2406, 2404, 2404, 2405, 2405, 
1092, 2404, 2407, 2403, 2406, 2404, 2405, 2404, 2405, 
1093, 2404, 2407, 2403, 2405, 2406, 2405, 2405, 2405, 
1094, 2404, 2407, 2403, 2405, 2406, 2406, 2405, 2405, 
1095, 2407, 2405, 2403, 2405, 2405, 2406, 2405, 2405, 
1096, 2407, 2406, 2403, 2405, 2405, 2406, 2406, 2406, 
1097, 2407, 2407, 2403, 2407, 2406, 2406, 2405, 2406, 
1098, 2407, 2407, 2403, 2405, 2406, 2407, 2406, 2406, 
1099, 2407, 2407, 2405, 2405, 2405, 2406, 2406, 2407, 
1100, 2407, 2407, 2405, 2406, 2406, 2406, 2409, 2409, 
1101, 2407, 2407, 2405, 2410, 2406, 2406, 2408, 2409, 
1102, 2407, 2408, 2407, 2410, 2407, 2407, 2408, 2409, 
1103, 2409, 2409, 2407, 2409, 2406, 2408, 2409, 2409, 
1104, 2409, 2408, 2407, 2409, 2407, 2408, 2409, 2409, 
1105, 2409, 2409, 2409, 2409, 2407, 2408, 2409, 2409, 
1106, 2409, 2408, 2411, 2409, 2407, 2409, 2409, 2409, 
1107, 2409, 2409, 2411, 2410, 2408, 2409, 2409, 2408, 
1108, 2410, 2408, 2411, 2410, 2408, 2409, 2410, 2410, 
1109, 2411, 2409, 2412, 2411, 2409, 2410, 2410, 2410, 
1110, 2410, 2409, 2412, 2411, 2410, 2410, 2410, 2410, 
1111, 2411, 2408, 2412, 2410, 2410, 2411, 2411, 2410, 
1112, 2411, 2409, 2412, 2411, 2411, 2411, 2410, 2410, 
1113, 2411, 2409, 2413, 2410, 2410, 2411, 2411, 2411, 
1114, 2411, 2408, 2412, 2410, 2411, 2411, 2410, 2411, 
1115, 2411, 2410, 2411, 2410, 2411, 2411, 2411, 2411, 
1116, 2411, 2410, 2412, 2411, 2412, 2411, 2411, 2411, 
1117, 2411, 2410, 2412, 2412, 2412, 2411, 2411, 2410, 
1118, 2411, 2411, 2411, 2411, 2413, 2411, 2411, 2410, 
1119, 2411, 2410, 2412, 2411, 2413, 2411, 2411, 2409, 
1120, 2412, 2411, 2412, 2411, 2413, 2412, 2411, 2411, 
1121, 2412, 2411, 2412, 2412, 2413, 2414, 2411, 2411, 
1122, 2413, 2410, 2412, 2414, 2413, 2413, 2411, 2412, 
1123, 2412, 2412, 2412, 2413, 2414, 2413, 2411, 2412, 
1124, 2412, 2412, 2412, 2413, 2412, 2413, 2411, 2413, 
1125, 2413, 2412, 2414, 2413, 2413, 2414, 2411, 2412, 
1126, 2413, 2413, 2414, 2412, 2413, 2414, 2412, 2412, 
1127, 2413, 2412, 2413, 2413, 2412, 2414, 2412, 2412, 
1128, 2413, 2412, 2415, 2415, 2412, 2414, 2412, 2412, 
1129, 2412, 2411, 2416, 2415, 2412, 2414, 2413, 2413, 
1130, 2413, 2412, 2415, 2415, 2413, 2414, 2413, 2413, 
1131, 2413, 2416, 2415, 2415, 2414, 2415, 2412, 2413, 
1132, 2414, 2415, 2415, 2415, 2413, 2415, 2414, 2415, 
1133, 2414, 2415, 2415, 2416, 2414, 2415, 2414, 2415, 
1134, 2415, 2415, 2415, 2416, 2414, 2415, 2414, 2415, 
1135, 2415, 2415, 2416, 2416, 2413, 2415, 2415, 2415, 
1136, 2416, 2415, 2415, 2415, 2413, 2414, 2415, 2416, 
1137, 2416, 2415, 2415, 2415, 2415, 2415, 2415, 2417, 
1138, 2416, 2415, 2415, 2415, 2415, 2415, 2415, 2416, 
1139, 2416, 2416, 2415, 2416, 2416, 2416, 2415, 2416, 
1140, 2416, 2418, 2418, 2417, 2416, 2416, 2415, 2416, 
1141, 2416, 2416, 2417, 2417, 2416, 2416, 2416, 2417, 
1142, 2417, 2416, 2415, 2417, 2416, 2416, 2415, 2417, 
1143, 2417, 2416, 2416, 2417, 2416, 2416, 2415, 2416, 
1144, 2419, 2416, 2416, 2418, 2417, 2416, 2415, 2416, 
1145, 2419, 2415, 2416, 2417, 2417, 2416, 2416, 2415, 
1146, 2419, 2416, 2416, 2417, 2418, 2416, 2417, 2416, 
1147, 2418, 2416, 2417, 2417, 2418, 2418, 2416, 2416, 
1148, 2418, 2416, 2417, 2417, 2418, 2419, 2417, 2416, 
1149, 2418, 2415, 2417, 2417, 2419, 2418, 2416, 2417, 
1150, 2418, 2416, 2417, 2416, 2418, 2417, 2417, 2416, 
1151, 2418, 2418, 2418, 2417, 2418, 2417, 2417, 2416, 
1152, 2418, 2417, 2418, 2417, 2418, 2418, 2418, 2416, 
1153, 2418, 2416, 2417, 2417, 2418, 2417, 2418, 2418, 
1154, 2418, 2415, 2418, 2418, 2419, 2417, 2419, 2418, 
1155, 2418, 2416, 2418, 2418, 2419, 2417, 2419, 2419, 
1156, 2418, 2418, 2418, 2418, 2419, 2417, 2419, 2419, 
1157, 2418, 2419, 2418, 2418, 2420, 2419, 2419, 2419, 
1158, 2418, 2419, 2419, 2420, 2419, 2419, 2419, 2419, 
1159, 2418, 2419, 2418, 2420, 2420, 2418, 2419, 2419, 
1160, 2417, 2419, 2419, 2419, 2419, 2418, 2419, 2420, 
1161, 2417, 2419, 2418, 2421, 2419, 2420, 2420, 2420, 
1162, 2418, 2420, 2419, 2420, 2420, 2421, 2420, 2420, 
1163, 2418, 2421, 2419, 2421, 2420, 2420, 2420, 2420, 
1164, 2418, 2420, 2419, 2421, 2420, 2420, 2420, 2420, 
1165, 2419, 2421, 2419, 2422, 2420, 2422, 2420, 2422, 
1166, 2418, 2422, 2419, 2421, 2420, 2422, 2421, 2421, 
1167, 2419, 2422, 2419, 2422, 2421, 2422, 2422, 2420, 
1168, 2419, 2422, 2419, 2422, 2421, 2422, 2421, 2419, 
1169, 2421, 2422, 2419, 2422, 2422, 2422, 2422, 2419, 
1170, 2420, 2423, 2419, 2422, 2421, 2423, 2423, 2419, 
1171, 2420, 2423, 2419, 2422, 2422, 2423, 2423, 2421, 
1172, 2420, 2423, 2420, 2423, 2422, 2423, 2423, 2421, 
1173, 2421, 2423, 2421, 2423, 2422, 2424, 2424, 2422, 
1174, 2420, 2423, 2421, 2423, 2422, 2424, 2422, 2424, 
1175, 2420, 2423, 2420, 2423, 2422, 2424, 2423, 2424, 
1176, 2421, 2423, 2420, 2424, 2422, 2424, 2423, 2424, 
1177, 2422, 2424, 2421, 2424, 2422, 2424, 2423, 2425, 
1178, 2423, 2424, 2422, 2424, 2426, 2424, 2423, 2426, 
1179, 2424, 2424, 2424, 2423, 2426, 2424, 2423, 2426, 
1180, 2424, 2425, 2424, 2425, 2426, 2424, 2422, 2426, 
1181, 2423, 2424, 2424, 2424, 2426, 2424, 2423, 2425, 
1182, 2422, 2424, 2423, 2423, 2426, 2424, 2423, 2425, 
1183, 2422, 2424, 2423, 2423, 2426, 2424, 2423, 2425, 
1184, 2422, 2424, 2424, 2424, 2426, 2424, 2424, 2425, 
1185, 2423, 2424, 2424, 2423, 2426, 2425, 2424, 2426, 
1186, 2423, 2425, 2423, 2425, 2426, 2425, 2424, 2427, 
1187, 2423, 2424, 2425, 2423, 2426, 2425, 2424, 2427, 
1188, 2422, 2424, 2425, 2424, 2426, 2425, 2425, 2427, 
1189, 2422, 2425, 2426, 2424, 2426, 2425, 2425, 2426, 
1190, 2424, 2425, 2426, 2426, 2425, 2425, 2424, 2427, 
1191, 2425, 2425, 2426, 2426, 2425, 2425, 2425, 2427, 
1192, 2425, 2425, 2426, 2425, 2425, 2425, 2426, 2427, 
1193, 2425, 2425, 2426, 2426, 2425, 2427, 2424, 2427, 
1194, 2425, 2426, 2426, 2426, 2424, 2426, 2426, 2427, 
1195, 2426, 2426, 2426, 2426, 2424, 2427, 2425, 2427, 
1196, 2426, 2426, 2426, 2426, 2425, 2427, 2426, 2427, 
1197, 2426, 2426, 2426, 2426, 2425, 2427, 2426, 2427, 
1198, 2426, 2426, 2426, 2427, 2426, 2427, 2426, 2427, 
1199, 2426, 2426, 2426, 2427, 2425, 2428, 2426, 2427, 
1200, 2426, 2426, 2426, 2428, 2426, 2428, 2426, 2427, 
1201, 2428, 2426, 2426, 2428, 2427, 2428, 2426, 2427, 
1202, 2428, 2426, 2426, 2428, 2427, 2428, 2426, 2427, 
1203, 2428, 2426, 2426, 2428, 2427, 2428, 2426, 2426, 
1204, 2429, 2425, 2426, 2428, 2426, 2429, 2427, 2428, 
1205, 2429, 2425, 2428, 2428, 2426, 2428, 2427, 2428, 
1206, 2428, 2427, 2429, 2429, 2426, 2428, 2427, 2428, 
1207, 2428, 2427, 2428, 2429, 2426, 2428, 2428, 2427, 
1208, 2429, 2427, 2428, 2429, 2427, 2428, 2429, 2427, 
1209, 2429, 2427, 2429, 2429, 2427, 2428, 2429, 2428, 
1210, 2429, 2427, 2429, 2429, 2427, 2427, 2429, 2428, 
1211, 2430, 2426, 2429, 2429, 2428, 2428, 2429, 2428, 
1212, 2429, 2427, 2429, 2429, 2428, 2429, 2429, 2428, 
1213, 2429, 2427, 2428, 2430, 2429, 2429, 2429, 2427, 
1214, 2430, 2427, 2428, 2430, 2429, 2429, 2429, 2428, 
1215, 2430, 2428, 2429, 2429, 2429, 2428, 2429, 2428, 
1216, 2430, 2428, 2430, 2430, 2429, 2428, 2429, 2428, 
1217, 2430, 2429, 2430, 2430, 2429, 2427, 2429, 2430, 
1218, 2429, 2429, 2430, 2429, 2429, 2427, 2429, 2430, 
1219, 2431, 2429, 2430, 2430, 2429, 2427, 2428, 2431, 
1220, 2431, 2428, 2430, 2429, 2429, 2429, 2428, 2432, 
1221, 2431, 2428, 2430, 2429, 2429, 2428, 2430, 2431, 
1222, 2431, 2428, 2430, 2429, 2429, 2427, 2429, 2430, 
1223, 2431, 2429, 2429, 2429, 2430, 2428, 2429, 2430, 
1224, 2430, 2429, 2429, 2429, 2430, 2428, 2429, 2430, 
1225, 2430, 2429, 2429, 2430, 2430, 2428, 2430, 2432, 
1226, 2429, 2429, 2429, 2431, 2430, 2428, 2430, 2431, 
1227, 2429, 2430, 2430, 2431, 2430, 2429, 2429, 2431, 
1228, 2429, 2429, 2430, 2431, 2430, 2429, 2430, 2431, 
1229, 2431, 2432, 2430, 2431, 2430, 2429, 2430, 2432, 
1230, 2430, 2431, 2431, 2431, 2431, 2430, 2430, 2432, 
1231, 2430, 2431, 2431, 2431, 2430, 2429, 2430, 2431, 
1232, 2429, 2431, 2431, 2430, 2430, 2430, 2430, 2430, 
1233, 2429, 2432, 2431, 2430, 2430, 2429, 2431, 2431, 
1234, 2430, 2431, 2431, 2430, 2431, 2429, 2431, 2431, 
1235, 2429, 2432, 2431, 2430, 2431, 2430, 2430, 2430, 
1236, 2430, 2432, 2431, 2431, 2431, 2430, 2430, 2430, 
1237, 2430, 2433, 2431, 2431, 2431, 2429, 2431, 2430, 
1238, 2431, 2432, 2430, 2432, 2431, 2431, 2431, 2431, 
1239, 2430, 2433, 2430, 2432, 2430, 2431, 2431, 2433, 
1240, 2430, 2433, 2430, 2433, 2430, 2430, 2431, 2433, 
1241, 2430, 2433, 2431, 2434, 2430, 2430, 2432, 2431, 
1242, 2431, 2433, 2432, 2433, 2429, 2431, 2431, 2432, 
1243, 2431, 2432, 2432, 2433, 2430, 2431, 2430, 2432, 
1244, 2430, 2433, 2433, 2432, 2429, 2431, 2431, 2431, 
1245, 2430, 2433, 2433, 2432, 2431, 2430, 2431, 2432, 
1246, 2431, 2433, 2433, 2433, 2433, 2430, 2431, 2433, 
1247, 2430, 2433, 2433, 2433, 2433, 2433, 2433, 2433, 
1248, 2431, 2433, 2433, 2433, 2433, 2433, 2433, 2432, 
1249, 2432, 2433, 2433, 2433, 2433, 2433, 2433, 2432, 
1250, 2432, 2433, 2433, 2433, 2433, 2433, 2433, 2432, 
1251, 2433, 2433, 2433, 2433, 2433, 2434, 2432, 2432, 
1252, 2432, 2433, 2432, 2433, 2433, 2433, 2434, 2433, 
1253, 2432, 2433, 2433, 2433, 2434, 2432, 2435, 2433, 
1254, 2433, 2433, 2433, 2433, 2434, 2433, 2435, 2433, 
1255, 2432, 2433, 2433, 2433, 2434, 2434, 2434, 2432, 
1256, 2433, 2433, 2435, 2433, 2434, 2434, 2434, 2432, 
1257, 2434, 2433, 2435, 2434, 2433, 2434, 2434, 2434, 
1258, 2434, 2434, 2434, 2434, 2433, 2434, 2434, 2434, 
1259, 2433, 2433, 2434, 2434, 2434, 2434, 2434, 2434, 
1260, 2434, 2433, 2435, 2433, 2434, 2435, 2434, 2434, 
1261, 2434, 2433, 2434, 2434, 2434, 2434, 2434, 2434, 
1262, 2434, 2434, 2435, 2434, 2434, 2434, 2434, 2434, 
1263, 2434, 2434, 2435, 2433, 2434, 2434, 2434, 2434, 
1264, 2434, 2434, 2435, 2434, 2434, 2434, 2435, 2434, 
1265, 2434, 2434, 2435, 2434, 2434, 2434, 2435, 2434, 
1266, 2434, 2432, 2435, 2434, 2433, 2435, 2435, 2433, 
1267, 2434, 2433, 2435, 2434, 2435, 2435, 2434, 2435, 
1268, 2434, 2433, 2435, 2434, 2434, 2434, 2435, 2435, 
1269, 2434, 2433, 2435, 2434, 2435, 2436, 2435, 2435, 
1270, 2435, 2434, 2435, 2435, 2436, 2435, 2435, 2435, 
1271, 2435, 2435, 2435, 2435, 2434, 2435, 2435, 2435, 
1272, 2435, 2435, 2436, 2435, 2433, 2435, 2433, 2434, 
1273, 2435, 2435, 2436, 2434, 2434, 2435, 2435, 2434, 
1274, 2435, 2435, 2436, 2434, 2433, 2435, 2434, 2434, 
1275, 2434, 2435, 2437, 2434, 2434, 2436, 2434, 2434, 
1276, 2435, 2435, 2437, 2433, 2434, 2436, 2434, 2434, 
1277, 2435, 2435, 2435, 2433, 2434, 2436, 2434, 2434, 
1278, 2434, 2434, 2435, 2434, 2434, 2436, 2434, 2435, 
1279, 2434, 2435, 2436, 2434, 2434, 2437, 2435, 2435, 
1280, 2434, 2435, 2436, 2435, 2435, 2437, 2434, 2436, 
1281, 2433, 2435, 2436, 2435, 2436, 2437, 2434, 2435, 
1282, 2435, 2436, 2436, 2435, 2436, 2437, 2434, 2436, 
1283, 2437, 2436, 2436, 2435, 2437, 2437, 2434, 2436, 
1284, 2436, 2435, 2436, 2435, 2437, 2437, 2434, 2435, 
1285, 2437, 2435, 2436, 2435, 2437, 2437, 2436, 2435, 
1286, 2438, 2435, 2436, 2435, 2438, 2437, 2436, 2435, 
1287, 2438, 2435, 2436, 2435, 2437, 2437, 2437, 2436, 
1288, 2439, 2435, 2437, 2436, 2437, 2437, 2437, 2439, 
1289, 2438, 2436, 2436, 2435, 2438, 2438, 2436, 2439, 
1290, 2438, 2434, 2437, 2435, 2437, 2438, 2437, 2438, 
1291, 2437, 2436, 2436, 2435, 2437, 2438, 2436, 2439, 
1292, 2438, 2435, 2439, 2435, 2437, 2439, 2437, 2439, 
1293, 2438, 2434, 2439, 2435, 2437, 2439, 2437, 2439, 
1294, 2437, 2438, 2439, 2435, 2437, 2439, 2437, 2439, 
1295, 2438, 2438, 2439, 2435, 2438, 2439, 2438, 2438, 
1296, 2438, 2437, 2439, 2435, 2437, 2439, 2438, 2439, 
1297, 2437, 2437, 2439, 2438, 2437, 2439, 2438, 2439, 
1298, 2437, 2438, 2439, 2437, 2439, 2439, 2439, 2439, 
1299, 2437, 2438, 2439, 2437, 2439, 2439, 2439, 2439, 
1300, 2437, 2438, 2439, 2437, 2437, 2438, 2439, 2439, 
1301, 2437, 2439, 2439, 2438, 2437, 2438, 2439, 2439, 
1302, 2437, 2439, 2439, 2438, 2438, 2438, 2439, 2439, 
1303, 2437, 2438, 2439, 2437, 2438, 2438, 2439, 2438, 
1304, 2437, 2437, 2439, 2438, 2437, 2438, 2439, 2439, 
1305, 2439, 2437, 2438, 2438, 2437, 2438, 2439, 2438, 
1306, 2439, 2438, 2439, 2438, 2438, 2437, 2439, 2438, 
1307, 2439, 2438, 2439, 2438, 2438, 2437, 2439, 2438, 
1308, 2439, 2437, 2438, 2438, 2438, 2437, 2439, 2439, 
1309, 2439, 2438, 2438, 2439, 2438, 2437, 2439, 2439, 
1310, 2439, 2438, 2438, 2438, 2438, 2437, 2439, 2438, 
1311, 2439, 2439, 2438, 2438, 2438, 2437, 2439, 2438, 
1312, 2439, 2439, 2439, 2438, 2438, 2437, 2439, 2439, 
1313, 2439, 2439, 2439, 2438, 2438, 2437, 2439, 2439, 
1314, 2439, 2440, 2439, 2440, 2438, 2437, 2440, 2439, 
1315, 2439, 2440, 2438, 2439, 2438, 2437, 2440, 2439, 
1316, 2439, 2439, 2438, 2439, 2438, 2438, 2440, 2439, 
1317, 2439, 2439, 2439, 2439, 2438, 2438, 2440, 2439, 
1318, 2439, 2439, 2440, 2439, 2438, 2439, 2440, 2438, 
1319, 2439, 2440, 2439, 2440, 2438, 2438, 2440, 2439, 
1320, 2440, 2440, 2439, 2439, 2438, 2438, 2440, 2439, 
1321, 2439, 2439, 2440, 2440, 2438, 2439, 2440, 2439, 
1322, 2440, 2439, 2440, 2440, 2440, 2439, 2440, 2439, 
1323, 2440, 2440, 2440, 2440, 2440, 2440, 2440, 2439, 
1324, 2441, 2439, 2440, 2440, 2440, 2439, 2440, 2438, 
1325, 2441, 2439, 2440, 2440, 2440, 2439, 2440, 2438, 
1326, 2440, 2439, 2440, 2440, 2440, 2439, 2440, 2438, 
1327, 2441, 2439, 2440, 2440, 2440, 2441, 2439, 2438, 
1328, 2441, 2439, 2440, 2440, 2440, 2441, 2439, 2440, 
1329, 2441, 2438, 2440, 2440, 2440, 2440, 2439, 2440, 
1330, 2440, 2438, 2440, 2440, 2440, 2441, 2439, 2440, 
1331, 2440, 2438, 2440, 2440, 2440, 2441, 2440, 2441, 
1332, 2441, 2439, 2440, 2440, 2439, 2441, 2440, 2440, 
1333, 2440, 2440, 2440, 2440, 2439, 2441, 2441, 2440, 
1334, 2440, 2440, 2440, 2441, 2440, 2442, 2441, 2440, 
1335, 2441, 2439, 2440, 2440, 2440, 2442, 2441, 2440, 
1336, 2441, 2439, 2441, 2441, 2440, 2442, 2441, 2440, 
1337, 2441, 2439, 2439, 2441, 2440, 2442, 2441, 2440, 
1338, 2441, 2441, 2439, 2441, 2441, 2443, 2440, 2440, 
1339, 2441, 2440, 2440, 2440, 2443, 2443, 2442, 2440, 
1340, 2441, 2440, 2440, 2441, 2443, 2443, 2442, 2440, 
1341, 2441, 2440, 2440, 2441, 2443, 2443, 2441, 2440, 
1342, 2442, 2442, 2440, 2441, 2442, 2443, 2440, 2441, 
1343, 2443, 2441, 2440, 2441, 2443, 2443, 2440, 2440, 
1344, 2442, 2440, 2440, 2441, 2443, 2443, 2440, 2441, 
1345, 2442, 2441, 2443, 2440, 2443, 2442, 2440, 2440, 
1346, 2441, 2442, 2440, 2441, 2443, 2443, 2442, 2441, 
1347, 2441, 2442, 2440, 2441, 2443, 2443, 2440, 2440, 
1348, 2442, 2440, 2440, 2441, 2443, 2442, 2440, 2440, 
1349, 2442, 2441, 2439, 2441, 2443, 2442, 2440, 2440, 
1350, 2442, 2440, 2440, 2441, 2443, 2443, 2441, 2441, 
1351, 2443, 2440, 2440, 2441, 2443, 2443, 2440, 2440, 
1352, 2443, 2441, 2441, 2441, 2443, 2443, 2443, 2441, 
1353, 2443, 2440, 2440, 2440, 2443, 2443, 2443, 2441, 
1354, 2443, 2441, 2439, 2442, 2443, 2443, 2443, 2441, 
1355, 2443, 2441, 2440, 2442, 2443, 2443, 2443, 2443, 
1356, 2443, 2441, 2441, 2442, 2442, 2442, 2442, 2442, 
1357, 2442, 2442, 2441, 2441, 2442, 2442, 2442, 2443, 
1358, 2442, 2442, 2441, 2442, 2443, 2442, 2442, 2442, 
1359, 2443, 2442, 2441, 2441, 2442, 2443, 2442, 2442, 
1360, 2443, 2442, 2441, 2441, 2442, 2443, 2442, 2442, 
1361, 2442, 2443, 2441, 2441, 2442, 2442, 2442, 2442, 
1362, 2442, 2442, 2443, 2441, 2442, 2442, 2442, 2442, 
1363, 2442, 2442, 2442, 2442, 2442, 2442, 2442, 2442, 
1364, 2442, 2442, 2442, 2442, 2442, 2442, 2442, 2441, 
1365, 2442, 2442, 2442, 2441, 2442, 2443, 2442, 2443, 
1366, 2441, 2442, 2442, 2441, 2442, 2442, 2442, 2442, 
1367, 2442, 2442, 2442, 2441, 2442, 2442, 2441, 2442, 
1368, 2442, 2441, 2442, 2442, 2442, 2441, 2441, 2442, 
1369, 2442, 2442, 2442, 2442, 2442, 2442, 2442, 2442, 
1370, 2442, 2441, 2443, 2442, 2442, 2442, 2442, 2442, 
1371, 2442, 2441, 2442, 2442, 2442, 2442, 2442, 2442, 
1372, 2442, 2440, 2443, 2441, 2442, 2442, 2442, 2443, 
1373, 2441, 2441, 2442, 2442, 2443, 2442, 2442, 2443, 
1374, 2442, 2442, 2442, 2442, 2442, 2441, 2442, 2443, 
1375, 2442, 2442, 2442, 2442, 2442, 2441, 2442, 2443, 
1376, 2441, 2442, 2442, 2443, 2442, 2442, 2441, 2443, 
1377, 2442, 2442, 2442, 2443, 2442, 2442, 2441, 2443, 
1378, 2442, 2442, 2442, 2443, 2442, 2441, 2441, 2443, 
1379, 2442, 2442, 2442, 2442, 2442, 2442, 2442, 2443, 
1380, 2442, 2443, 2443, 2442, 2442, 2442, 2443, 2443, 
1381, 2442, 2441, 2442, 2442, 2443, 2442, 2442, 2443, 
1382, 2442, 2441, 2443, 2442, 2443, 2441, 2442, 2443, 
1383, 2442, 2442, 2443, 2442, 2442, 2441, 2442, 2442, 
1384, 2442, 2442, 2443, 2442, 2443, 2440, 2441, 2443, 
1385, 2442, 2442, 2442, 2442, 2443, 2440, 2441, 2443, 
1386, 2442, 2442, 2442, 2442, 2443, 2440, 2442, 2443, 
1387, 2442, 2442, 2442, 2442, 2443, 2440, 2442, 2443, 
1388, 2442, 2442, 2442, 2442, 2443, 2440, 2441, 2443, 
1389, 2441, 2442, 2442, 2442, 2443, 2440, 2442, 2443, 
1390, 2441, 2443, 2442, 2442, 2443, 2441, 2443, 2443, 
1391, 2441, 2442, 2441, 2442, 2443, 2441, 2443, 2443, 
1392, 2442, 2441, 2442, 2442, 2443, 2442, 2442, 2443, 
1393, 2442, 2442, 2442, 2442, 2443, 2441, 2442, 2443, 
1394, 2443, 2442, 2441, 2442, 2443, 2441, 2442, 2442, 
1395, 2442, 2441, 2442, 2442, 2444, 2442, 2442, 2442, 
1396, 2442, 2441, 2442, 2442, 2444, 2442, 2442, 2442, 
1397, 2441, 2441, 2442, 2442, 2444, 2442, 2444, 2442, 
1398, 2442, 2441, 2442, 2442, 2444, 2441, 2444, 2442, 
1399, 2442, 2442, 2442, 2443, 2444, 2441, 2444, 2442, 
1400, 2442, 2440, 2442, 2444, 2444, 2441, 2443, 2442, 
1401, 2442, 2440, 2442, 2443, 2444, 2442, 2443, 2442, 
1402, 2443, 2440, 2443, 2443, 2444, 2442, 2443, 2442, 
1403, 2442, 2440, 2443, 2444, 2443, 2442, 2444, 2442, 
1404, 2444, 2439, 2443, 2444, 2444, 2442, 2444, 2443, 
1405, 2444, 2440, 2443, 2444, 2444, 2443, 2444, 2442, 
1406, 2443, 2440, 2444, 2444, 2444, 2442, 2444, 2442, 
1407, 2443, 2441, 2443, 2444, 2444, 2444, 2444, 2442, 
1408, 2444, 2441, 2443, 2444, 2444, 2444, 2444, 2443, 
1409, 2444, 2441, 2443, 2444, 2444, 2444, 2444, 2443, 
1410, 2444, 2442, 2443, 2443, 2443, 2444, 2444, 2442, 
1411, 2444, 2442, 2443, 2444, 2443, 2444, 2444, 2442, 
1412, 2444, 2442, 2443, 2444, 2443, 2444, 2444, 2442, 
1413, 2444, 2443, 2444, 2443, 2443, 2444, 2444, 2442, 
1414, 2444, 2443, 2443, 2444, 2443, 2444, 2444, 2444, 
1415, 2444, 2442, 2443, 2444, 2444, 2444, 2444, 2444, 
1416, 2444, 2443, 2443, 2444, 2444, 2444, 2444, 2443, 
1417, 2444, 2444, 2444, 2444, 2444, 2444, 2444, 2444, 
1418, 2444, 2444, 2444, 2444, 2443, 2444, 2444, 2443, 
1419, 2444, 2444, 2444, 2444, 2444, 2444, 2444, 2443, 
1420, 2444, 2444, 2444, 2444, 2444, 2444, 2444, 2443, 
1421, 2444, 2444, 2444, 2444, 2444, 2444, 2444, 2442, 
1422, 2444, 2444, 2444, 2443, 2444, 2444, 2444, 2443, 
1423, 2444, 2444, 2443, 2443, 2444, 2444, 2444, 2443, 
1424, 2443, 2444, 2444, 2444, 2444, 2444, 2444, 2443, 
1425, 2443, 2444, 2443, 2444, 2444, 2444, 2444, 2443, 
1426, 2443, 2444, 2444, 2444, 2444, 2444, 2444, 2443, 
1427, 2444, 2444, 2444, 2444, 2444, 2444, 2444, 2443, 
1428, 2444, 2444, 2444, 2444, 2444, 2444, 2444, 2442, 
1429, 2443, 2444, 2444, 2444, 2444, 2444, 2444, 2443, 
1430, 2443, 2444, 2444, 2444, 2444, 2444, 2445, 2443, 
1431, 2443, 2444, 2444, 2443, 2444, 2444, 2444, 2443, 
1432, 2443, 2443, 2444, 2443, 2444, 2444, 2444, 2443, 
1433, 2443, 2444, 2444, 2444, 2444, 2444, 2444, 2443, 
1434, 2443, 2444, 2444, 2444, 2444, 2444, 2444, 2443, 
1435, 2443, 2444, 2444, 2444, 2444, 2444, 2444, 2444, 
1436, 2443, 2444, 2444, 2444, 2444, 2444, 2445, 2444, 
1437, 2444, 2444, 2444, 2444, 2444, 2444, 2444, 2444, 
1438, 2444, 2444, 2444, 2444, 2444, 2444, 2444, 2443, 
1439, 2444, 2444, 2444, 2443, 2444, 2444, 2444, 2444, 
1440, 2444, 2445, 2444, 2444, 2444, 2444, 2445, 2443, 
1441, 2443, 2445, 2444, 2444, 2444, 2443, 2444, 2443, 
1442, 2443, 2445, 2444, 2444, 2444, 2443, 2444, 2443, 
1443, 2443, 2445, 2444, 2443, 2444, 2443, 2445, 2443, 
1444, 2443, 2445, 2444, 2444, 2444, 2443, 2444, 2444, 
1445, 2443, 2445, 2444, 2444, 2444, 2443, 2445, 2444, 
1446, 2443, 2445, 2444, 2443, 2444, 2443, 2445, 2443, 
1447, 2443, 2445, 2444, 2443, 2444, 2443, 2445, 2443, 
1448, 2443, 2445, 2444, 2443, 2444, 2443, 2445, 2443, 
1449, 2443, 2445, 2444, 2443, 2444, 2443, 2445, 2443, 
1450, 2444, 2444, 2444, 2444, 2444, 2444, 2445, 2444, 
1451, 2443, 2444, 2444, 2444, 2444, 2444, 2445, 2444, 
1452, 2443, 2444, 2444, 2444, 2444, 2444, 2445, 2444, 
1453, 2443, 2444, 2444, 2444, 2444, 2444, 2444, 2444, 
1454, 2443, 2444, 2444, 2444, 2444, 2445, 2444, 2444, 
1455, 2443, 2444, 2444, 2444, 2444, 2443, 2444, 2444, 
1456, 2443, 2444, 2444, 2444, 2444, 2443, 2444, 2444, 
1457, 2443, 2444, 2444, 2444, 2444, 2444, 2444, 2444, 
1458, 2443, 2443, 2444, 2444, 2444, 2443, 2443, 2444, 
1459, 2443, 2444, 2444, 2444, 2444, 2443, 2443, 2444, 
1460, 2443, 2443, 2444, 2445, 2444, 2443, 2445, 2443, 
1461, 2443, 2444, 2445, 2444, 2444, 2442, 2444, 2444, 
1462, 2444, 2444, 2445, 2443, 2444, 2442, 2444, 2444, 
1463, 2443, 2443, 2444, 2444, 2444, 2443, 2444, 2445, 
1464, 2445, 2445, 2444, 2445, 2445, 2443, 2444, 2445, 
1465, 2444, 2445, 2444, 2444, 2444, 2445, 2444, 2445, 
1466, 2443, 2444, 2445, 2445, 2443, 2445, 2444, 2445, 
1467, 2444, 2444, 2444, 2445, 2444, 2445, 2444, 2444, 
1468, 2443, 2445, 2444, 2445, 2444, 2445, 2444, 2444, 
1469, 2444, 2445, 2444, 2445, 2445, 2445, 2445, 2445, 
1470, 2444, 2445, 2444, 2445, 2445, 2445, 2444, 2444, 
1471, 2443, 2445, 2445, 2445, 2445, 2445, 2444, 2444, 
1472, 2444, 2445, 2445, 2445, 2445, 2445, 2444, 2444, 
1473, 2443, 2445, 2444, 2445, 2445, 2445, 2444, 2444, 
1474, 2443, 2445, 2444, 2445, 2445, 2445, 2444, 2444, 
1475, 2444, 2445, 2445, 2445, 2445, 2445, 2444, 2444, 
1476, 2444, 2445, 2444, 2445, 2445, 2445, 2444, 2444, 
1477, 2444, 2445, 2444, 2445, 2445, 2445, 2444, 2444, 
1478, 2445, 2445, 2444, 2445, 2445, 2445, 2444, 2444, 
1479, 2444, 2445, 2444, 2445, 2445, 2444, 2444, 2443, 
1480, 2443, 2445, 2444, 2445, 2445, 2445, 2445, 2443, 
1481, 2444, 2445, 2444, 2445, 2445, 2445, 2445, 2443, 
1482, 2444, 2445, 2443, 2445, 2445, 2445, 2444, 2443, 
1483, 2443, 2445, 2444, 2445, 2445, 2444, 2445, 2443, 
1484, 2443, 2445, 2445, 2445, 2445, 2445, 2444, 2443, 
1485, 2444, 2445, 2445, 2445, 2445, 2445, 2444, 2443, 
1486, 2443, 2445, 2445, 2445, 2445, 2445, 2445, 2443, 
1487, 2443, 2445, 2445, 2444, 2445, 2445, 2445, 2443, 
1488, 2442, 2445, 2446, 2444, 2445, 2445, 2445, 2444, 
1489, 2442, 2445, 2444, 2445, 2445, 2445, 2446, 2443, 
1490, 2442, 2445, 2445, 2445, 2446, 2445, 2446, 2443, 
1491, 2444, 2445, 2445, 2445, 2446, 2444, 2445, 2443, 
1492, 2445, 2445, 2445, 2446, 2446, 2444, 2445, 2445, 
1493, 2444, 2445, 2445, 2446, 2446, 2445, 2445, 2445, 
1494, 2445, 2445, 2445, 2446, 2446, 2445, 2445, 2445, 
1495, 2445, 2445, 2445, 2446, 2446, 2445, 2445, 2445, 
1496, 2446, 2445, 2445, 2446, 2446, 2445, 2445, 2445, 
1497, 2446, 2444, 2445, 2446, 2446, 2445, 2445, 2445, 
1498, 2446, 2444, 2445, 2446, 2446, 2445, 2445, 2445, 
1499, 2446, 2444, 2445, 2446, 2446, 2445, 2445, 2446, 
1500, 2445, 2443, 2445, 2446, 2446, 2445, 2444, 2445, 
1501, 2446, 2443, 2445, 2445, 2446, 2445, 2445, 2445, 
1502, 2446, 2443, 2445, 2445, 2445, 2445, 2446, 2445, 
1503, 2446, 2445, 2445, 2446, 2444, 2445, 2446, 2445, 
1504, 2446, 2445, 2445, 2445, 2445, 2446, 2446, 2445, 
1505, 2446, 2445, 2445, 2445, 2446, 2446, 2445, 2445, 
1506, 2446, 2445, 2444, 2445, 2446, 2446, 2446, 2445, 
1507, 2445, 2445, 2445, 2445, 2446, 2446, 2446, 2445, 
1508, 2445, 2444, 2445, 2445, 2446, 2446, 2446, 2446, 
1509, 2446, 2445, 2446, 2445, 2446, 2446, 2446, 2445, 
1510, 2445, 2445, 2446, 2445, 2446, 2446, 2445, 2445, 
1511, 2444, 2445, 2446, 2445, 2445, 2446, 2445, 2446, 
1512, 2444, 2445, 2446, 2445, 2446, 2446, 2445, 2446, 
1513, 2445, 2445, 2446, 2445, 2445, 2446, 2445, 2446, 
1514, 2446, 2445, 2446, 2446, 2446, 2446, 2445, 2446, 
1515, 2446, 2446, 2446, 2446, 2446, 2446, 2445, 2446, 
1516, 2445, 2445, 2446, 2446, 2446, 2446, 2444, 2444, 
1517, 2446, 2445, 2446, 2445, 2446, 2446, 2444, 2444, 
1518, 2445, 2445, 2446, 2446, 2445, 2446, 2444, 2444, 
1519, 2444, 2445, 2446, 2446, 2446, 2445, 2445, 2445, 
1520, 2444, 2445, 2446, 2446, 2445, 2445, 2444, 2445, 
1521, 2444, 2444, 2446, 2446, 2444, 2445, 2444, 2445, 
1522, 2444, 2444, 2446, 2446, 2444, 2445, 2445, 2445, 
1523, 2444, 2444, 2446, 2446, 2445, 2446, 2444, 2445, 
1524, 2444, 2445, 2445, 2446, 2445, 2445, 2446, 2446, 
1525, 2444, 2444, 2446, 2446, 2445, 2445, 2446, 2445, 
1526, 2444, 2444, 2446, 2446, 2445, 2445, 2445, 2446, 
1527, 2445, 2445, 2446, 2446, 2445, 2444, 2445, 2446, 
1528, 2445, 2446, 2446, 2446, 2446, 2445, 2446, 2446, 
1529, 2445, 2446, 2446, 2446, 2446, 2444, 2446, 2446, 
1530, 2445, 2446, 2446, 2446, 2446, 2445, 2446, 2446, 
1531, 2446, 2446, 2446, 2446, 2445, 2445, 2446, 2446, 
1532, 2446, 2445, 2445, 2446, 2445, 2445, 2446, 2446, 
1533, 2446, 2445, 2445, 2446, 2446, 2445, 2447, 2446, 
1534, 2446, 2445, 2445, 2446, 2446, 2445, 2446, 2446, 
1535, 2446, 2445, 2445, 2446, 2446, 2444, 2446, 2446, 
1536, 2446, 2445, 2445, 2446, 2446, 2444, 2446, 2445, 
1537, 2446, 2445, 2446, 2446, 2446, 2444, 2446, 2445, 
1538, 2446, 2446, 2446, 2446, 2446, 2444, 2446, 2444, 
1539, 2446, 2446, 2446, 2446, 2446, 2444, 2446, 2446, 
1540, 2445, 2446, 2446, 2446, 2445, 2445, 2446, 2446, 
1541, 2445, 2446, 2446, 2446, 2446, 2444, 2446, 2446, 
1542, 2445, 2446, 2446, 2446, 2446, 2446, 2446, 2447, 
1543, 2445, 2447, 2446, 2446, 2446, 2445, 2446, 2446, 
1544, 2444, 2447, 2445, 2446, 2446, 2445, 2446, 2446, 
1545, 2444, 2447, 2445, 2446, 2446, 2445, 2446, 2446, 
1546, 2445, 2447, 2445, 2446, 2446, 2444, 2446, 2446, 
1547, 2445, 2447, 2446, 2446, 2446, 2447, 2447, 2446, 
1548, 2445, 2447, 2446, 2447, 2446, 2446, 2446, 2447, 
1549, 2445, 2447, 2446, 2446, 2446, 2447, 2447, 2447, 
1550, 2445, 2447, 2446, 2446, 2446, 2446, 2447, 2447, 
1551, 2446, 2447, 2447, 2446, 2446, 2446, 2447, 2447, 
1552, 2447, 2447, 2447, 2446, 2446, 2446, 2447, 2447, 
1553, 2447, 2447, 2447, 2446, 2445, 2445, 2447, 2447, 
1554, 2447, 2447, 2447, 2446, 2445, 2446, 2446, 2447, 
1555, 2447, 2447, 2447, 2446, 2445, 2446, 2447, 2447, 
1556, 2447, 2447, 2447, 2446, 2445, 2445, 2447, 2447, 
1557, 2447, 2447, 2447, 2447, 2445, 2446, 2446, 2447, 
1558, 2447, 2447, 2447, 2447, 2446, 2446, 2446, 2446, 
1559, 2447, 2447, 2447, 2447, 2446, 2446, 2446, 2446, 
1560, 2447, 2446, 2446, 2447, 2446, 2446, 2446, 2447, 
1561, 2447, 2446, 2446, 2446, 2446, 2445, 2446, 2447, 
1562, 2447, 2446, 2446, 2446, 2446, 2446, 2447, 2447, 
1563, 2447, 2446, 2446, 2446, 2446, 2446, 2447, 2446, 
1564, 2447, 2446, 2446, 2446, 2446, 2447, 2447, 2447, 
1565, 2447, 2446, 2446, 2445, 2446, 2447, 2447, 2447, 
1566, 2447, 2446, 2446, 2446, 2446, 2447, 2447, 2446, 
1567, 2447, 2445, 2447, 2446, 2446, 2447, 2447, 2446, 
1568, 2447, 2446, 2446, 2447, 2446, 2447, 2447, 2446, 
1569, 2447, 2445, 2447, 2446, 2446, 2447, 2447, 2446, 
1570, 2447, 2447, 2447, 2446, 2446, 2447, 2447, 2446, 
1571, 2447, 2446, 2446, 2446, 2446, 2447, 2447, 2445, 
1572, 2447, 2447, 2446, 2446, 2447, 2447, 2446, 2446, 
1573, 2447, 2446, 2446, 2445, 2447, 2447, 2445, 2446, 
1574, 2446, 2446, 2446, 2445, 2447, 2447, 2445, 2446, 
1575, 2446, 2446, 2446, 2445, 2447, 2447, 2445, 2446, 
1576, 2447, 2447, 2446, 2445, 2447, 2447, 2444, 2446, 
1577, 2447, 2446, 2447, 2446, 2447, 2447, 2445, 2446, 
1578, 2447, 2447, 2447, 2445, 2447, 2447, 2444, 2447, 
1579, 2447, 2447, 2447, 2446, 2447, 2447, 2444, 2447, 
1580, 2446, 2447, 2447, 2445, 2447, 2447, 2445, 2447, 
1581, 2446, 2447, 2447, 2446, 2446, 2446, 2446, 2447, 
1582, 2446, 2447, 2446, 2447, 2446, 2446, 2447, 2447, 
1583, 2447, 2446, 2447, 2447, 2446, 2446, 2447, 2447, 
1584, 2447, 2446, 2447, 2447, 2446, 2446, 2447, 2447, 
1585, 2446, 2447, 2446, 2447, 2446, 2445, 2447, 2447, 
1586, 2446, 2447, 2446, 2447, 2446, 2445, 2446, 2447, 
1587, 2447, 2447, 2447, 2447, 2446, 2446, 2447, 2446, 
1588, 2447, 2447, 2445, 2447, 2446, 2446, 2447, 2447, 
1589, 2447, 2447, 2445, 2447, 2447, 2447, 2447, 2447, 
1590, 2447, 2447, 2445, 2446, 2446, 2446, 2447, 2447, 
1591, 2447, 2447, 2445, 2447, 2446, 2447, 2447, 2447, 
1592, 2447, 2447, 2446, 2447, 2446, 2447, 2447, 2446, 
1593, 2447, 2447, 2445, 2446, 2446, 2447, 2447, 2446, 
1594, 2447, 2447, 2447, 2447, 2446, 2447, 2446, 2446, 
1595, 2447, 2446, 2447, 2447, 2446, 2447, 2447, 2446, 
1596, 2447, 2447, 2446, 2447, 2446, 2447, 2447, 2446, 
1597, 2447, 2446, 2446, 2446, 2446, 2446, 2447, 2446, 
1598, 2447, 2446, 2446, 2446, 2447, 2447, 2447, 2447, 
1599, 2447, 2446, 2446, 2447, 2446, 2446, 2447, 2446, 
1600, 2447, 2445, 2446, 2447, 2446, 2447, 2447, 2446, 
1601, 2447, 2446, 2446, 2447, 2446, 2447, 2447, 2446, 
1602, 2447, 2446, 2445, 2447, 2445, 2447, 2447, 2446, 
1603, 2447, 2446, 2445, 2447, 2446, 2447, 2446, 2446, 
1604, 2447, 2446, 2446, 2447, 2447, 2447, 2447, 2447, 
1605, 2447, 2446, 2446, 2447, 2447, 2447, 2447, 2447, 
1606, 2447, 2447, 2445, 2447, 2447, 2447, 2447, 2447, 
1607, 2447, 2446, 2446, 2447, 2447, 2447, 2447, 2446, 
1608, 2447, 2446, 2446, 2447, 2447, 2447, 2446, 2446, 
1609, 2447, 2446, 2446, 2447, 2447, 2447, 2446, 2446, 
1610, 2447, 2446, 2446, 2447, 2447, 2447, 2447, 2446, 
1611, 2446, 2446, 2446, 2446, 2447, 2447, 2447, 2446, 
1612, 2446, 2446, 2446, 2446, 2446, 2446, 2447, 2445, 
1613, 2446, 2447, 2446, 2446, 2447, 2446, 2447, 2446, 
1614, 2446, 2447, 2446, 2446, 2446, 2447, 2447, 2445, 
1615, 2446, 2447, 2445, 2446, 2447, 2446, 2446, 2445, 
1616, 2446, 2447, 2446, 2446, 2447, 2447, 2446, 2446, 
1617, 2446, 2447, 2447, 2446, 2447, 2447, 2447, 2445, 
1618, 2446, 2447, 2446, 2447, 2447, 2447, 2446, 2447, 
1619, 2447, 2447, 2446, 2448, 2447, 2448, 2446, 2446, 
