Runtime (microseconds), 1185645
Generation, Fitness Island 0, Fitness Island 1, Fitness Island 2, Fitness Island 3, Fitness Island 4, Fitness Island 5, Fitness Island 6, Fitness Island 7
0, 1262, 1257, 1269, 1285, 1277, 1268, 1269, 1264, 
1, 1269, 1270, 1273, 1283, 1288, 1258, 1269, 1266, 
2, 1272, 1273, 1272, 1306, 1298, 1265, 1282, 1281, 
3, 1280, 1294, 1275, 1305, 1298, 1283, 1297, 1281, 
4, 1285, 1298, 1288, 1305, 1302, 1286, 1304, 1298, 
5, 1288, 1301, 1288, 1305, 1320, 1292, 1313, 1314, 
6, 1289, 1302, 1296, 1313, 1349, 1301, 1322, 1307, 
7, 1297, 1303, 1344, 1314, 1349, 1312, 1335, 1317, 
8, 1346, 1304, 1320, 1316, 1357, 1321, 1337, 1320, 
9, 1350, 1344, 1351, 1323, 1360, 1326, 1340, 1350, 
10, 1349, 1354, 1353, 1332, 1360, 1335, 1339, 1360, 
11, 1356, 1352, 1357, 1342, 1359, 1338, 1340, 1361, 
12, 1354, 1365, 1362, 1356, 1359, 1349, 1356, 1374, 
13, 1361, 1366, 1361, 1366, 1363, 1363, 1354, 1375, 
14, 1357, 1364, 1365, 1375, 1366, 1369, 1357, 1379, 
15, 1358, 1369, 1369, 1383, 1370, 1380, 1361, 1380, 
16, 1362, 1379, 1369, 1386, 1379, 1379, 1365, 1381, 
17, 1366, 1386, 1370, 1386, 1384, 1380, 1367, 1382, 
18, 1367, 1386, 1371, 1394, 1385, 1381, 1369, 1384, 
19, 1367, 1387, 1376, 1398, 1386, 1382, 1388, 1386, 
20, 1376, 1387, 1377, 1401, 1387, 1385, 1398, 1387, 
21, 1375, 1391, 1378, 1404, 1388, 1401, 1413, 1387, 
22, 1385, 1393, 1378, 1401, 1401, 1402, 1414, 1414, 
23, 1385, 1399, 1381, 1401, 1407, 1399, 1410, 1415, 
24, 1389, 1402, 1384, 1403, 1408, 1405, 1413, 1417, 
25, 1390, 1402, 1403, 1404, 1409, 1405, 1415, 1418, 
26, 1391, 1419, 1410, 1405, 1418, 1407, 1419, 1419, 
27, 1393, 1425, 1405, 1406, 1419, 1412, 1419, 1419, 
28, 1412, 1426, 1417, 1407, 1425, 1412, 1421, 1421, 
29, 1418, 1432, 1410, 1409, 1430, 1414, 1422, 1424, 
30, 1420, 1431, 1413, 1410, 1430, 1417, 1423, 1425, 
31, 1423, 1431, 1427, 1414, 1431, 1425, 1424, 1427, 
32, 1424, 1431, 1433, 1427, 1432, 1428, 1424, 1427, 
33, 1426, 1432, 1433, 1429, 1433, 1430, 1425, 1428, 
34, 1432, 1433, 1437, 1430, 1441, 1436, 1427, 1433, 
35, 1437, 1436, 1439, 1432, 1441, 1437, 1432, 1433, 
36, 1437, 1437, 1441, 1437, 1445, 1439, 1430, 1441, 
37, 1441, 1438, 1441, 1446, 1446, 1443, 1431, 1443, 
38, 1443, 1440, 1443, 1448, 1449, 1444, 1434, 1444, 
39, 1447, 1441, 1445, 1448, 1448, 1444, 1435, 1445, 
40, 1448, 1442, 1449, 1448, 1453, 1445, 1442, 1448, 
41, 1449, 1445, 1447, 1448, 1453, 1446, 1447, 1447, 
42, 1449, 1453, 1448, 1449, 1453, 1447, 1451, 1449, 
43, 1456, 1450, 1451, 1450, 1455, 1449, 1458, 1453, 
44, 1456, 1453, 1453, 1453, 1455, 1454, 1461, 1457, 
45, 1457, 1454, 1454, 1454, 1458, 1457, 1460, 1458, 
46, 1458, 1454, 1454, 1454, 1461, 1459, 1461, 1459, 
47, 1461, 1457, 1459, 1457, 1463, 1460, 1462, 1460, 
48, 1462, 1459, 1460, 1461, 1461, 1461, 1465, 1461, 
49, 1463, 1463, 1463, 1461, 1462, 1462, 1466, 1472, 
50, 1469, 1465, 1464, 1463, 1465, 1462, 1467, 1471, 
51, 1470, 1467, 1474, 1470, 1467, 1468, 1467, 1473, 
52, 1471, 1469, 1475, 1471, 1467, 1470, 1471, 1474, 
53, 1473, 1474, 1478, 1475, 1467, 1470, 1476, 1475, 
54, 1472, 1477, 1477, 1475, 1469, 1473, 1479, 1477, 
55, 1479, 1478, 1478, 1483, 1470, 1477, 1480, 1479, 
56, 1476, 1480, 1479, 1485, 1474, 1479, 1479, 1481, 
57, 1484, 1485, 1480, 1488, 1476, 1480, 1482, 1485, 
58, 1486, 1484, 1481, 1486, 1480, 1483, 1484, 1486, 
59, 1485, 1487, 1482, 1488, 1483, 1484, 1485, 1486, 
60, 1487, 1490, 1484, 1489, 1487, 1486, 1489, 1487, 
61, 1487, 1491, 1489, 1489, 1491, 1487, 1490, 1490, 
62, 1491, 1494, 1490, 1490, 1490, 1489, 1491, 1492, 
63, 1492, 1494, 1491, 1491, 1493, 1491, 1494, 1494, 
64, 1494, 1495, 1493, 1494, 1495, 1493, 1495, 1498, 
65, 1494, 1496, 1499, 1497, 1498, 1495, 1496, 1501, 
66, 1495, 1497, 1501, 1500, 1500, 1496, 1497, 1501, 
67, 1497, 1498, 1501, 1498, 1501, 1496, 1499, 1502, 
68, 1497, 1499, 1501, 1501, 1501, 1500, 1499, 1508, 
69, 1501, 1504, 1506, 1503, 1501, 1500, 1501, 1507, 
70, 1502, 1505, 1508, 1504, 1507, 1501, 1503, 1508, 
71, 1505, 1504, 1508, 1505, 1510, 1505, 1505, 1510, 
72, 1506, 1505, 1508, 1507, 1510, 1506, 1508, 1510, 
73, 1508, 1507, 1513, 1509, 1511, 1508, 1508, 1511, 
74, 1509, 1509, 1513, 1511, 1512, 1507, 1510, 1514, 
75, 1511, 1511, 1517, 1510, 1513, 1510, 1513, 1515, 
76, 1512, 1516, 1518, 1512, 1514, 1518, 1514, 1520, 
77, 1512, 1519, 1518, 1513, 1515, 1517, 1516, 1521, 
78, 1513, 1522, 1524, 1513, 1522, 1517, 1519, 1521, 
79, 1515, 1523, 1528, 1515, 1529, 1519, 1519, 1521, 
80, 1518, 1524, 1526, 1516, 1528, 1523, 1522, 1523, 
81, 1519, 1525, 1528, 1523, 1532, 1525, 1526, 1523, 
82, 1518, 1530, 1528, 1525, 1532, 1526, 1529, 1525, 
83, 1521, 1530, 1529, 1527, 1534, 1527, 1535, 1526, 
84, 1520, 1530, 1530, 1530, 1532, 1530, 1535, 1530, 
85, 1529, 1531, 1531, 1531, 1534, 1535, 1537, 1529, 
86, 1532, 1534, 1533, 1532, 1537, 1536, 1538, 1532, 
87, 1533, 1536, 1533, 1535, 1538, 1538, 1539, 1534, 
88, 1534, 1536, 1534, 1536, 1539, 1540, 1540, 1533, 
89, 1537, 1540, 1536, 1536, 1540, 1541, 1542, 1535, 
90, 1539, 1542, 1538, 1544, 1540, 1543, 1543, 1538, 
91, 1542, 1544, 1540, 1544, 1541, 1543, 1543, 1543, 
92, 1541, 1545, 1540, 1545, 1543, 1544, 1547, 1544, 
93, 1542, 1545, 1541, 1546, 1544, 1544, 1547, 1544, 
94, 1548, 1548, 1544, 1547, 1544, 1548, 1547, 1545, 
95, 1548, 1550, 1548, 1548, 1546, 1549, 1548, 1547, 
96, 1549, 1551, 1549, 1549, 1548, 1550, 1550, 1548, 
97, 1551, 1552, 1553, 1552, 1553, 1551, 1551, 1549, 
98, 1552, 1555, 1555, 1553, 1558, 1555, 1551, 1553, 
99, 1553, 1556, 1556, 1555, 1558, 1556, 1551, 1556, 
100, 1556, 1559, 1559, 1556, 1559, 1559, 1556, 1556, 
101, 1559, 1559, 1559, 1556, 1561, 1559, 1559, 1557, 
102, 1560, 1560, 1559, 1557, 1561, 1561, 1561, 1557, 
103, 1561, 1561, 1560, 1559, 1563, 1566, 1561, 1560, 
104, 1562, 1561, 1560, 1560, 1564, 1564, 1563, 1561, 
105, 1564, 1562, 1564, 1563, 1567, 1564, 1564, 1561, 
106, 1564, 1563, 1565, 1562, 1567, 1565, 1565, 1565, 
107, 1565, 1565, 1568, 1565, 1569, 1568, 1566, 1567, 
108, 1565, 1565, 1570, 1570, 1569, 1569, 1570, 1567, 
109, 1567, 1567, 1570, 1569, 1572, 1569, 1570, 1570, 
110, 1571, 1569, 1572, 1573, 1572, 1572, 1571, 1570, 
111, 1573, 1572, 1577, 1572, 1575, 1572, 1574, 1572, 
112, 1577, 1574, 1578, 1575, 1575, 1571, 1575, 1576, 
113, 1576, 1576, 1578, 1575, 1576, 1572, 1575, 1578, 
114, 1580, 1575, 1579, 1576, 1579, 1573, 1576, 1578, 
115, 1580, 1576, 1579, 1576, 1583, 1577, 1578, 1578, 
116, 1582, 1579, 1581, 1579, 1583, 1576, 1579, 1580, 
117, 1583, 1580, 1581, 1580, 1583, 1578, 1581, 1582, 
118, 1585, 1581, 1582, 1584, 1584, 1581, 1584, 1584, 
119, 1586, 1583, 1586, 1584, 1584, 1583, 1584, 1588, 
120, 1588, 1585, 1586, 1586, 1586, 1585, 1587, 1588, 
121, 1587, 1587, 1589, 1587, 1585, 1588, 1587, 1589, 
122, 1588, 1590, 1587, 1588, 1592, 1588, 1588, 1590, 
123, 1589, 1593, 1588, 1590, 1592, 1594, 1593, 1590, 
124, 1588, 1596, 1589, 1591, 1590, 1594, 1592, 1590, 
125, 1591, 1597, 1589, 1596, 1593, 1594, 1592, 1591, 
126, 1591, 1600, 1594, 1594, 1595, 1596, 1594, 1592, 
127, 1593, 1600, 1592, 1600, 1596, 1597, 1594, 1592, 
128, 1596, 1600, 1594, 1598, 1601, 1601, 1596, 1597, 
129, 1598, 1601, 1596, 1600, 1601, 1602, 1596, 1602, 
130, 1599, 1602, 1598, 1602, 1603, 1603, 1596, 1604, 
131, 1601, 1603, 1604, 1609, 1602, 1605, 1602, 1605, 
132, 1601, 1606, 1607, 1609, 1603, 1605, 1606, 1605, 
133, 1603, 1608, 1608, 1610, 1609, 1608, 1605, 1606, 
134, 1604, 1611, 1609, 1614, 1610, 1607, 1605, 1612, 
135, 1609, 1611, 1611, 1616, 1611, 1607, 1608, 1613, 
136, 1608, 1611, 1611, 1619, 1610, 1611, 1611, 1612, 
137, 1609, 1613, 1612, 1620, 1612, 1613, 1613, 1613, 
138, 1616, 1613, 1613, 1621, 1611, 1618, 1614, 1614, 
139, 1617, 1616, 1616, 1622, 1615, 1617, 1615, 1616, 
140, 1618, 1616, 1618, 1625, 1617, 1619, 1618, 1618, 
141, 1619, 1617, 1622, 1625, 1618, 1620, 1620, 1618, 
142, 1618, 1619, 1623, 1624, 1620, 1623, 1625, 1619, 
143, 1620, 1620, 1628, 1625, 1619, 1624, 1625, 1620, 
144, 1621, 1624, 1629, 1627, 1620, 1623, 1625, 1622, 
145, 1623, 1624, 1631, 1627, 1625, 1625, 1627, 1624, 
146, 1623, 1625, 1632, 1628, 1625, 1626, 1627, 1624, 
147, 1622, 1627, 1633, 1632, 1626, 1629, 1626, 1624, 
148, 1626, 1628, 1634, 1635, 1627, 1630, 1630, 1627, 
149, 1630, 1629, 1635, 1634, 1629, 1629, 1633, 1628, 
150, 1630, 1629, 1636, 1637, 1632, 1632, 1638, 1630, 
151, 1637, 1631, 1636, 1638, 1631, 1636, 1638, 1629, 
152, 1638, 1632, 1638, 1641, 1636, 1639, 1641, 1633, 
153, 1634, 1631, 1640, 1642, 1636, 1638, 1641, 1635, 
154, 1636, 1633, 1641, 1642, 1641, 1639, 1641, 1637, 
155, 1642, 1634, 1641, 1642, 1641, 1641, 1642, 1641, 
156, 1641, 1640, 1641, 1644, 1642, 1641, 1646, 1643, 
157, 1646, 1640, 1643, 1646, 1642, 1643, 1646, 1643, 
158, 1647, 1641, 1645, 1647, 1643, 1644, 1648, 1644, 
159, 1649, 1643, 1646, 1648, 1644, 1645, 1647, 1645, 
160, 1650, 1646, 1646, 1649, 1646, 1647, 1649, 1646, 
161, 1653, 1650, 1647, 1651, 1647, 1650, 1650, 1646, 
162, 1652, 1650, 1649, 1652, 1647, 1651, 1651, 1647, 
163, 1654, 1651, 1652, 1652, 1651, 1651, 1653, 1651, 
164, 1655, 1654, 1651, 1654, 1651, 1652, 1655, 1654, 
165, 1655, 1658, 1652, 1657, 1652, 1653, 1655, 1655, 
166, 1656, 1659, 1653, 1659, 1654, 1654, 1657, 1655, 
167, 1656, 1659, 1654, 1660, 1656, 1656, 1658, 1657, 
168, 1659, 1663, 1655, 1659, 1658, 1656, 1660, 1661, 
169, 1658, 1664, 1658, 1663, 1659, 1662, 1662, 1663, 
170, 1661, 1667, 1659, 1664, 1660, 1661, 1664, 1662, 
171, 1665, 1666, 1666, 1662, 1662, 1663, 1666, 1662, 
172, 1665, 1669, 1672, 1662, 1670, 1665, 1667, 1663, 
173, 1669, 1670, 1671, 1664, 1669, 1666, 1666, 1671, 
174, 1670, 1670, 1670, 1666, 1671, 1667, 1666, 1668, 
175, 1671, 1672, 1671, 1667, 1672, 1669, 1667, 1671, 
176, 1675, 1675, 1673, 1669, 1672, 1669, 1667, 1673, 
177, 1677, 1675, 1673, 1671, 1672, 1671, 1671, 1675, 
178, 1677, 1676, 1674, 1675, 1674, 1673, 1675, 1677, 
179, 1677, 1678, 1677, 1675, 1674, 1674, 1675, 1676, 
180, 1678, 1678, 1678, 1677, 1676, 1676, 1676, 1677, 
181, 1679, 1679, 1681, 1682, 1676, 1676, 1677, 1678, 
182, 1680, 1679, 1681, 1681, 1677, 1678, 1680, 1681, 
183, 1680, 1681, 1684, 1682, 1679, 1678, 1682, 1682, 
184, 1682, 1683, 1683, 1683, 1682, 1678, 1683, 1683, 
185, 1683, 1685, 1684, 1687, 1682, 1681, 1684, 1684, 
186, 1686, 1686, 1685, 1688, 1685, 1684, 1685, 1685, 
187, 1687, 1687, 1687, 1690, 1684, 1687, 1686, 1689, 
188, 1690, 1691, 1688, 1691, 1685, 1688, 1687, 1688, 
189, 1691, 1691, 1689, 1692, 1687, 1688, 1688, 1692, 
190, 1690, 1692, 1690, 1692, 1691, 1690, 1690, 1696, 
191, 1692, 1693, 1693, 1692, 1693, 1691, 1690, 1695, 
192, 1693, 1694, 1693, 1694, 1695, 1692, 1693, 1698, 
193, 1694, 1694, 1696, 1696, 1697, 1694, 1695, 1698, 
194, 1694, 1697, 1695, 1696, 1700, 1695, 1697, 1699, 
195, 1695, 1698, 1696, 1698, 1700, 1695, 1700, 1700, 
196, 1699, 1698, 1700, 1699, 1701, 1697, 1700, 1700, 
197, 1700, 1700, 1700, 1699, 1703, 1699, 1700, 1701, 
198, 1702, 1700, 1701, 1701, 1704, 1700, 1704, 1702, 
199, 1703, 1701, 1703, 1703, 1704, 1702, 1706, 1703, 
200, 1704, 1702, 1704, 1704, 1709, 1703, 1706, 1704, 
201, 1704, 1703, 1703, 1706, 1709, 1707, 1707, 1705, 
202, 1705, 1705, 1705, 1706, 1708, 1705, 1707, 1706, 
203, 1708, 1705, 1709, 1707, 1711, 1705, 1708, 1707, 
204, 1711, 1707, 1709, 1707, 1710, 1709, 1711, 1707, 
205, 1712, 1709, 1708, 1709, 1711, 1711, 1710, 1707, 
206, 1712, 1709, 1710, 1710, 1715, 1712, 1713, 1710, 
207, 1712, 1712, 1711, 1712, 1715, 1714, 1715, 1711, 
208, 1715, 1711, 1711, 1713, 1715, 1716, 1716, 1715, 
209, 1715, 1712, 1713, 1716, 1718, 1718, 1716, 1715, 
210, 1715, 1715, 1714, 1716, 1719, 1717, 1717, 1716, 
211, 1716, 1716, 1716, 1717, 1720, 1718, 1719, 1718, 
212, 1719, 1716, 1718, 1719, 1722, 1719, 1719, 1719, 
213, 1722, 1720, 1718, 1719, 1722, 1720, 1721, 1720, 
214, 1723, 1721, 1720, 1720, 1723, 1721, 1721, 1723, 
215, 1721, 1722, 1721, 1722, 1723, 1722, 1723, 1725, 
216, 1724, 1723, 1721, 1722, 1725, 1723, 1725, 1725, 
217, 1724, 1725, 1721, 1723, 1725, 1726, 1725, 1726, 
218, 1724, 1728, 1722, 1724, 1727, 1726, 1726, 1726, 
219, 1726, 1730, 1723, 1727, 1728, 1727, 1729, 1727, 
220, 1727, 1734, 1727, 1727, 1729, 1729, 1729, 1729, 
221, 1729, 1734, 1728, 1730, 1729, 1731, 1729, 1728, 
222, 1730, 1737, 1729, 1733, 1729, 1732, 1732, 1734, 
223, 1730, 1736, 1734, 1733, 1730, 1733, 1733, 1734, 
224, 1731, 1739, 1737, 1736, 1730, 1734, 1733, 1735, 
225, 1734, 1741, 1735, 1735, 1734, 1735, 1736, 1735, 
226, 1737, 1743, 1739, 1735, 1734, 1738, 1739, 1737, 
227, 1738, 1743, 1739, 1735, 1738, 1737, 1740, 1743, 
228, 1739, 1744, 1740, 1737, 1739, 1740, 1740, 1743, 
229, 1739, 1745, 1740, 1738, 1741, 1742, 1741, 1743, 
230, 1740, 1746, 1740, 1742, 1741, 1744, 1739, 1743, 
231, 1741, 1747, 1742, 1742, 1742, 1744, 1740, 1744, 
232, 1742, 1747, 1742, 1742, 1748, 1746, 1746, 1746, 
233, 1744, 1748, 1743, 1742, 1749, 1746, 1747, 1746, 
234, 1745, 1750, 1744, 1744, 1750, 1746, 1747, 1747, 
235, 1745, 1751, 1746, 1748, 1750, 1749, 1749, 1747, 
236, 1746, 1751, 1748, 1748, 1750, 1750, 1749, 1748, 
237, 1747, 1752, 1751, 1750, 1750, 1757, 1750, 1748, 
238, 1748, 1753, 1753, 1751, 1755, 1757, 1752, 1749, 
239, 1749, 1753, 1752, 1752, 1755, 1759, 1752, 1752, 
240, 1751, 1762, 1753, 1753, 1759, 1760, 1754, 1751, 
241, 1751, 1762, 1755, 1754, 1762, 1762, 1758, 1752, 
242, 1754, 1762, 1756, 1756, 1759, 1763, 1757, 1754, 
243, 1757, 1760, 1758, 1762, 1759, 1762, 1760, 1759, 
244, 1759, 1760, 1763, 1765, 1759, 1764, 1762, 1759, 
245, 1759, 1761, 1763, 1765, 1760, 1764, 1762, 1760, 
246, 1762, 1763, 1766, 1765, 1762, 1765, 1763, 1761, 
247, 1764, 1764, 1766, 1766, 1762, 1764, 1766, 1768, 
248, 1764, 1765, 1766, 1766, 1762, 1766, 1766, 1769, 
249, 1765, 1766, 1766, 1766, 1765, 1767, 1767, 1770, 
250, 1765, 1768, 1769, 1767, 1767, 1767, 1770, 1772, 
251, 1767, 1770, 1769, 1768, 1769, 1769, 1770, 1773, 
252, 1771, 1777, 1769, 1777, 1771, 1769, 1770, 1778, 
253, 1768, 1781, 1776, 1778, 1771, 1770, 1771, 1778, 
254, 1772, 1777, 1775, 1781, 1772, 1770, 1771, 1779, 
255, 1772, 1778, 1779, 1781, 1779, 1772, 1777, 1780, 
256, 1774, 1780, 1780, 1782, 1779, 1772, 1784, 1783, 
257, 1776, 1779, 1782, 1783, 1780, 1780, 1784, 1784, 
258, 1776, 1781, 1783, 1784, 1779, 1782, 1785, 1784, 
259, 1779, 1782, 1784, 1785, 1782, 1783, 1784, 1785, 
260, 1781, 1783, 1784, 1787, 1782, 1785, 1786, 1786, 
261, 1784, 1784, 1785, 1788, 1784, 1788, 1787, 1787, 
262, 1784, 1786, 1787, 1788, 1789, 1790, 1788, 1787, 
263, 1787, 1787, 1787, 1788, 1789, 1791, 1791, 1788, 
264, 1788, 1789, 1787, 1788, 1790, 1791, 1789, 1789, 
265, 1788, 1790, 1790, 1789, 1789, 1792, 1791, 1790, 
266, 1789, 1796, 1793, 1791, 1791, 1793, 1795, 1791, 
267, 1790, 1797, 1793, 1792, 1791, 1793, 1796, 1793, 
268, 1795, 1798, 1794, 1795, 1793, 1797, 1797, 1795, 
269, 1794, 1798, 1797, 1798, 1793, 1799, 1796, 1796, 
270, 1796, 1799, 1796, 1799, 1795, 1800, 1798, 1797, 
271, 1798, 1799, 1799, 1799, 1797, 1800, 1797, 1797, 
272, 1800, 1799, 1799, 1800, 1798, 1801, 1798, 1798, 
273, 1803, 1801, 1800, 1801, 1805, 1803, 1797, 1799, 
274, 1803, 1802, 1806, 1802, 1806, 1803, 1798, 1801, 
275, 1804, 1802, 1806, 1802, 1806, 1806, 1799, 1800, 
276, 1807, 1805, 1807, 1803, 1808, 1808, 1801, 1801, 
277, 1809, 1804, 1807, 1803, 1808, 1810, 1803, 1802, 
278, 1810, 1805, 1808, 1805, 1809, 1809, 1804, 1804, 
279, 1810, 1809, 1810, 1806, 1814, 1811, 1805, 1805, 
280, 1811, 1809, 1811, 1809, 1819, 1814, 1807, 1806, 
281, 1812, 1811, 1811, 1813, 1818, 1815, 1808, 1812, 
282, 1817, 1818, 1813, 1814, 1819, 1815, 1811, 1808, 
283, 1820, 1818, 1813, 1815, 1819, 1815, 1813, 1808, 
284, 1820, 1819, 1815, 1815, 1820, 1819, 1812, 1814, 
285, 1822, 1820, 1816, 1823, 1821, 1818, 1819, 1814, 
286, 1825, 1820, 1817, 1818, 1823, 1819, 1819, 1818, 
287, 1827, 1823, 1819, 1820, 1824, 1819, 1821, 1819, 
288, 1827, 1824, 1822, 1822, 1824, 1821, 1826, 1824, 
289, 1828, 1826, 1823, 1822, 1825, 1821, 1826, 1825, 
290, 1832, 1826, 1823, 1824, 1828, 1823, 1827, 1826, 
291, 1832, 1826, 1823, 1826, 1828, 1825, 1828, 1826, 
292, 1831, 1827, 1826, 1827, 1829, 1827, 1829, 1826, 
293, 1833, 1827, 1827, 1828, 1829, 1829, 1830, 1826, 
294, 1834, 1827, 1828, 1828, 1831, 1831, 1831, 1826, 
295, 1833, 1833, 1827, 1832, 1831, 1834, 1833, 1830, 
296, 1836, 1835, 1831, 1836, 1834, 1835, 1836, 1833, 
297, 1836, 1833, 1832, 1835, 1833, 1837, 1837, 1833, 
298, 1837, 1836, 1833, 1835, 1834, 1837, 1836, 1836, 
299, 1837, 1841, 1833, 1836, 1835, 1837, 1836, 1837, 
300, 1838, 1841, 1835, 1838, 1835, 1838, 1837, 1837, 
301, 1839, 1839, 1839, 1838, 1836, 1842, 1838, 1841, 
302, 1840, 1839, 1839, 1840, 1838, 1842, 1837, 1841, 
303, 1841, 1841, 1840, 1840, 1839, 1842, 1840, 1842, 
304, 1840, 1842, 1843, 1840, 1842, 1843, 1840, 1842, 
305, 1842, 1842, 1844, 1841, 1843, 1844, 1842, 1843, 
306, 1843, 1844, 1844, 1841, 1844, 1843, 1842, 1844, 
307, 1844, 1845, 1845, 1844, 1847, 1844, 1844, 1844, 
308, 1845, 1847, 1846, 1852, 1847, 1846, 1846, 1845, 
309, 1845, 1850, 1848, 1851, 1848, 1847, 1848, 1845, 
310, 1848, 1851, 1848, 1851, 1848, 1847, 1847, 1845, 
311, 1849, 1853, 1856, 1852, 1848, 1848, 1848, 1846, 
312, 1852, 1854, 1857, 1853, 1851, 1850, 1849, 1847, 
313, 1851, 1854, 1858, 1854, 1854, 1851, 1854, 1847, 
314, 1856, 1855, 1858, 1855, 1856, 1852, 1854, 1847, 
315, 1856, 1856, 1858, 1855, 1858, 1855, 1856, 1855, 
316, 1858, 1855, 1859, 1856, 1858, 1855, 1855, 1856, 
317, 1858, 1856, 1860, 1857, 1860, 1855, 1855, 1856, 
318, 1861, 1859, 1861, 1858, 1864, 1855, 1856, 1855, 
319, 1863, 1860, 1862, 1861, 1865, 1856, 1857, 1858, 
320, 1863, 1861, 1862, 1863, 1865, 1859, 1857, 1860, 
321, 1865, 1862, 1863, 1864, 1864, 1861, 1857, 1861, 
322, 1869, 1863, 1864, 1865, 1864, 1862, 1858, 1865, 
323, 1869, 1864, 1865, 1866, 1870, 1866, 1858, 1865, 
324, 1869, 1864, 1865, 1869, 1870, 1864, 1858, 1868, 
325, 1870, 1864, 1866, 1869, 1870, 1865, 1866, 1870, 
326, 1870, 1865, 1865, 1867, 1870, 1866, 1866, 1871, 
327, 1872, 1865, 1868, 1868, 1870, 1869, 1867, 1871, 
328, 1872, 1865, 1872, 1869, 1872, 1870, 1865, 1871, 
329, 1874, 1867, 1875, 1870, 1872, 1871, 1867, 1873, 
330, 1875, 1869, 1877, 1870, 1872, 1873, 1873, 1876, 
331, 1875, 1872, 1877, 1873, 1873, 1875, 1875, 1878, 
332, 1875, 1873, 1877, 1876, 1874, 1879, 1875, 1878, 
333, 1877, 1876, 1878, 1878, 1876, 1879, 1876, 1878, 
334, 1880, 1876, 1882, 1876, 1877, 1880, 1877, 1879, 
335, 1880, 1877, 1884, 1879, 1878, 1880, 1877, 1879, 
336, 1879, 1878, 1885, 1879, 1878, 1881, 1881, 1885, 
337, 1883, 1878, 1886, 1882, 1881, 1881, 1881, 1883, 
338, 1884, 1881, 1887, 1884, 1882, 1881, 1881, 1883, 
339, 1884, 1881, 1887, 1882, 1880, 1883, 1882, 1883, 
340, 1885, 1883, 1887, 1885, 1882, 1885, 1882, 1886, 
341, 1885, 1883, 1889, 1888, 1888, 1887, 1884, 1887, 
342, 1886, 1886, 1890, 1891, 1890, 1887, 1886, 1890, 
343, 1887, 1888, 1890, 1892, 1890, 1889, 1890, 1891, 
344, 1890, 1889, 1891, 1893, 1890, 1889, 1890, 1892, 
345, 1892, 1894, 1891, 1894, 1893, 1890, 1890, 1893, 
346, 1894, 1894, 1892, 1895, 1892, 1891, 1891, 1894, 
347, 1896, 1897, 1893, 1898, 1896, 1893, 1891, 1894, 
348, 1898, 1898, 1893, 1899, 1898, 1893, 1892, 1894, 
349, 1899, 1898, 1894, 1900, 1901, 1894, 1893, 1895, 
350, 1898, 1899, 1895, 1900, 1903, 1899, 1896, 1897, 
351, 1900, 1902, 1901, 1901, 1903, 1901, 1895, 1900, 
352, 1901, 1904, 1904, 1902, 1904, 1902, 1898, 1900, 
353, 1903, 1904, 1902, 1902, 1904, 1903, 1901, 1901, 
354, 1904, 1905, 1903, 1908, 1905, 1907, 1901, 1902, 
355, 1914, 1906, 1904, 1909, 1907, 1909, 1904, 1905, 
356, 1914, 1908, 1907, 1909, 1907, 1909, 1903, 1908, 
357, 1915, 1912, 1908, 1908, 1907, 1909, 1904, 1908, 
358, 1917, 1915, 1909, 1908, 1909, 1910, 1904, 1909, 
359, 1917, 1916, 1910, 1908, 1909, 1911, 1910, 1911, 
360, 1917, 1917, 1910, 1909, 1910, 1915, 1908, 1910, 
361, 1918, 1914, 1911, 1912, 1910, 1915, 1910, 1911, 
362, 1918, 1914, 1913, 1913, 1911, 1916, 1911, 1913, 
363, 1918, 1915, 1918, 1917, 1916, 1916, 1914, 1914, 
364, 1919, 1915, 1917, 1917, 1918, 1917, 1917, 1916, 
365, 1919, 1916, 1922, 1919, 1920, 1918, 1918, 1916, 
366, 1919, 1919, 1922, 1918, 1920, 1918, 1919, 1917, 
367, 1920, 1917, 1922, 1919, 1922, 1921, 1919, 1917, 
368, 1921, 1920, 1922, 1919, 1922, 1920, 1920, 1919, 
369, 1921, 1923, 1925, 1920, 1923, 1922, 1920, 1918, 
370, 1922, 1924, 1923, 1922, 1924, 1925, 1922, 1918, 
371, 1924, 1924, 1924, 1923, 1925, 1926, 1925, 1921, 
372, 1925, 1925, 1924, 1925, 1926, 1926, 1926, 1922, 
373, 1924, 1925, 1925, 1925, 1927, 1929, 1926, 1923, 
374, 1927, 1926, 1926, 1925, 1928, 1929, 1927, 1924, 
375, 1927, 1927, 1926, 1926, 1929, 1929, 1928, 1925, 
376, 1928, 1928, 1927, 1928, 1929, 1930, 1929, 1927, 
377, 1929, 1929, 1927, 1929, 1929, 1930, 1930, 1927, 
378, 1930, 1931, 1928, 1929, 1929, 1931, 1931, 1931, 
379, 1931, 1932, 1930, 1930, 1931, 1932, 1931, 1933, 
380, 1932, 1932, 1930, 1931, 1932, 1931, 1934, 1933, 
381, 1933, 1933, 1933, 1932, 1935, 1934, 1935, 1934, 
382, 1934, 1934, 1934, 1932, 1935, 1934, 1935, 1935, 
383, 1933, 1934, 1935, 1934, 1936, 1934, 1937, 1936, 
384, 1934, 1939, 1937, 1934, 1935, 1937, 1938, 1940, 
385, 1935, 1937, 1937, 1936, 1936, 1937, 1938, 1942, 
386, 1937, 1937, 1940, 1936, 1938, 1939, 1939, 1943, 
387, 1936, 1942, 1939, 1936, 1941, 1938, 1940, 1942, 
388, 1937, 1943, 1942, 1937, 1939, 1939, 1947, 1942, 
389, 1937, 1946, 1940, 1946, 1940, 1939, 1946, 1946, 
390, 1938, 1945, 1944, 1943, 1941, 1940, 1946, 1946, 
391, 1940, 1946, 1945, 1945, 1941, 1945, 1947, 1946, 
392, 1940, 1947, 1945, 1949, 1943, 1942, 1947, 1948, 
393, 1943, 1947, 1946, 1953, 1944, 1944, 1948, 1948, 
394, 1944, 1947, 1948, 1951, 1945, 1945, 1949, 1948, 
395, 1945, 1948, 1948, 1953, 1946, 1948, 1949, 1948, 
396, 1945, 1949, 1953, 1954, 1949, 1948, 1950, 1949, 
397, 1950, 1950, 1953, 1956, 1949, 1951, 1953, 1949, 
398, 1950, 1950, 1952, 1956, 1954, 1952, 1953, 1951, 
399, 1951, 1951, 1955, 1956, 1955, 1953, 1954, 1952, 
400, 1955, 1952, 1955, 1957, 1955, 1954, 1954, 1952, 
401, 1956, 1954, 1957, 1957, 1956, 1956, 1954, 1956, 
402, 1956, 1954, 1957, 1957, 1957, 1955, 1957, 1954, 
403, 1956, 1957, 1959, 1958, 1957, 1958, 1956, 1956, 
404, 1957, 1957, 1959, 1959, 1959, 1958, 1956, 1958, 
405, 1960, 1955, 1960, 1962, 1960, 1958, 1959, 1959, 
406, 1962, 1957, 1961, 1964, 1961, 1958, 1959, 1961, 
407, 1963, 1958, 1961, 1963, 1961, 1958, 1960, 1963, 
408, 1964, 1963, 1961, 1964, 1961, 1959, 1961, 1962, 
409, 1966, 1962, 1962, 1964, 1964, 1961, 1961, 1963, 
410, 1968, 1961, 1962, 1965, 1966, 1962, 1961, 1964, 
411, 1968, 1964, 1963, 1965, 1964, 1962, 1965, 1967, 
412, 1967, 1966, 1963, 1966, 1964, 1963, 1965, 1968, 
413, 1970, 1966, 1966, 1967, 1965, 1966, 1964, 1970, 
414, 1972, 1967, 1969, 1968, 1966, 1971, 1967, 1971, 
415, 1973, 1971, 1969, 1969, 1969, 1971, 1970, 1972, 
416, 1972, 1972, 1969, 1969, 1969, 1972, 1971, 1974, 
417, 1974, 1971, 1971, 1969, 1969, 1972, 1972, 1973, 
418, 1975, 1973, 1973, 1972, 1970, 1972, 1973, 1975, 
419, 1974, 1973, 1974, 1975, 1970, 1973, 1974, 1975, 
420, 1976, 1978, 1974, 1974, 1970, 1975, 1974, 1975, 
421, 1977, 1978, 1978, 1976, 1974, 1975, 1974, 1975, 
422, 1978, 1979, 1978, 1974, 1979, 1979, 1974, 1979, 
423, 1979, 1979, 1979, 1976, 1978, 1980, 1976, 1978, 
424, 1980, 1980, 1978, 1977, 1980, 1980, 1978, 1979, 
425, 1979, 1981, 1979, 1977, 1980, 1981, 1979, 1979, 
426, 1979, 1981, 1979, 1979, 1980, 1981, 1981, 1980, 
427, 1981, 1981, 1980, 1980, 1981, 1981, 1981, 1980, 
428, 1982, 1982, 1981, 1980, 1981, 1982, 1981, 1982, 
429, 1984, 1983, 1982, 1983, 1984, 1982, 1982, 1984, 
430, 1982, 1983, 1983, 1984, 1984, 1983, 1984, 1986, 
431, 1986, 1984, 1983, 1986, 1986, 1984, 1984, 1986, 
432, 1988, 1984, 1984, 1988, 1986, 1985, 1987, 1989, 
433, 1989, 1986, 1985, 1988, 1989, 1988, 1988, 1990, 
434, 1989, 1985, 1987, 1990, 1989, 1988, 1989, 1990, 
435, 1990, 1987, 1989, 1990, 1993, 1989, 1991, 1990, 
436, 1992, 1988, 1987, 1989, 1993, 1990, 1992, 1991, 
437, 1993, 1989, 1991, 1990, 1993, 1992, 1993, 1992, 
438, 1993, 1992, 1993, 1991, 1993, 1993, 1993, 1993, 
439, 1997, 1994, 1995, 1992, 1993, 1994, 1994, 1993, 
440, 1997, 1996, 1994, 1996, 1995, 1996, 1994, 1994, 
441, 1997, 1996, 1996, 1998, 1996, 1995, 1995, 1994, 
442, 1998, 1999, 1998, 2000, 1998, 1996, 1996, 1998, 
443, 1998, 2000, 1999, 2003, 1999, 1997, 1998, 1997, 
444, 1998, 2001, 1998, 2004, 1999, 1998, 1998, 1999, 
445, 1999, 2003, 1997, 2003, 1999, 1998, 1999, 2003, 
446, 2001, 2003, 2001, 2003, 2000, 1998, 2002, 2002, 
447, 2003, 2004, 2000, 2004, 2000, 1999, 2002, 2006, 
448, 2003, 2004, 2003, 2007, 2001, 2000, 2003, 2007, 
449, 2005, 2010, 2004, 2010, 2000, 2000, 2005, 2008, 
450, 2005, 2011, 2005, 2010, 2001, 2002, 2009, 2009, 
451, 2009, 2013, 2007, 2011, 2004, 2004, 2008, 2010, 
452, 2010, 2012, 2012, 2011, 2010, 2012, 2009, 2011, 
453, 2008, 2015, 2012, 2014, 2009, 2009, 2014, 2011, 
454, 2012, 2013, 2013, 2014, 2009, 2009, 2011, 2012, 
455, 2012, 2015, 2013, 2014, 2010, 2013, 2015, 2013, 
456, 2014, 2015, 2014, 2016, 2009, 2014, 2015, 2015, 
457, 2014, 2017, 2014, 2017, 2012, 2015, 2015, 2015, 
458, 2017, 2017, 2015, 2019, 2013, 2014, 2015, 2015, 
459, 2018, 2018, 2015, 2019, 2013, 2017, 2018, 2016, 
460, 2018, 2020, 2018, 2021, 2015, 2017, 2019, 2019, 
461, 2019, 2020, 2018, 2021, 2019, 2018, 2021, 2020, 
462, 2020, 2021, 2018, 2022, 2016, 2019, 2021, 2022, 
463, 2022, 2020, 2019, 2022, 2016, 2019, 2022, 2022, 
464, 2024, 2022, 2024, 2022, 2018, 2019, 2023, 2024, 
465, 2024, 2022, 2024, 2023, 2025, 2018, 2022, 2023, 
466, 2025, 2023, 2025, 2022, 2025, 2022, 2023, 2025, 
467, 2025, 2024, 2028, 2025, 2027, 2022, 2027, 2025, 
468, 2027, 2028, 2027, 2027, 2029, 2024, 2027, 2025, 
469, 2028, 2030, 2029, 2028, 2033, 2025, 2028, 2025, 
470, 2029, 2030, 2028, 2029, 2034, 2025, 2028, 2024, 
471, 2029, 2030, 2030, 2032, 2033, 2028, 2031, 2025, 
472, 2031, 2031, 2031, 2032, 2034, 2029, 2033, 2027, 
473, 2033, 2031, 2031, 2032, 2035, 2030, 2035, 2027, 
474, 2034, 2032, 2032, 2034, 2035, 2034, 2034, 2029, 
475, 2034, 2033, 2035, 2035, 2036, 2034, 2036, 2035, 
476, 2036, 2034, 2036, 2035, 2035, 2034, 2038, 2035, 
477, 2036, 2035, 2036, 2035, 2038, 2034, 2039, 2037, 
478, 2037, 2035, 2038, 2039, 2038, 2036, 2041, 2038, 
479, 2037, 2039, 2040, 2040, 2039, 2039, 2039, 2039, 
480, 2038, 2042, 2044, 2041, 2039, 2039, 2040, 2040, 
481, 2038, 2043, 2044, 2040, 2040, 2038, 2040, 2040, 
482, 2039, 2043, 2044, 2043, 2040, 2042, 2041, 2041, 
483, 2039, 2043, 2046, 2043, 2040, 2043, 2043, 2042, 
484, 2040, 2044, 2045, 2043, 2043, 2042, 2043, 2044, 
485, 2040, 2044, 2046, 2044, 2043, 2043, 2044, 2044, 
486, 2042, 2046, 2047, 2045, 2043, 2042, 2046, 2045, 
487, 2041, 2046, 2048, 2047, 2045, 2044, 2046, 2047, 
488, 2046, 2046, 2048, 2047, 2048, 2045, 2045, 2048, 
489, 2046, 2046, 2049, 2048, 2049, 2047, 2047, 2049, 
490, 2045, 2048, 2049, 2048, 2046, 2047, 2047, 2050, 
491, 2052, 2051, 2049, 2048, 2048, 2048, 2048, 2052, 
492, 2049, 2051, 2049, 2049, 2048, 2048, 2049, 2053, 
493, 2052, 2053, 2050, 2049, 2049, 2049, 2049, 2053, 
494, 2053, 2054, 2050, 2051, 2050, 2049, 2051, 2055, 
495, 2053, 2055, 2050, 2054, 2050, 2053, 2051, 2058, 
496, 2057, 2055, 2056, 2055, 2052, 2054, 2054, 2060, 
497, 2055, 2057, 2056, 2057, 2056, 2056, 2054, 2062, 
498, 2056, 2056, 2056, 2060, 2060, 2056, 2056, 2062, 
499, 2056, 2057, 2057, 2060, 2058, 2057, 2056, 2061, 
500, 2062, 2058, 2058, 2061, 2059, 2058, 2058, 2062, 
501, 2061, 2059, 2059, 2061, 2061, 2060, 2059, 2063, 
502, 2059, 2062, 2060, 2063, 2062, 2060, 2060, 2064, 
503, 2060, 2063, 2060, 2062, 2062, 2060, 2061, 2064, 
504, 2061, 2064, 2062, 2064, 2063, 2064, 2061, 2064, 
505, 2062, 2064, 2062, 2063, 2063, 2063, 2062, 2064, 
506, 2063, 2063, 2064, 2063, 2063, 2065, 2063, 2066, 
507, 2064, 2064, 2066, 2064, 2063, 2067, 2064, 2067, 
508, 2068, 2065, 2066, 2067, 2063, 2066, 2064, 2068, 
509, 2071, 2065, 2068, 2068, 2064, 2065, 2067, 2067, 
510, 2072, 2066, 2068, 2067, 2067, 2067, 2067, 2069, 
511, 2072, 2067, 2068, 2067, 2071, 2066, 2069, 2068, 
512, 2072, 2067, 2069, 2068, 2072, 2070, 2069, 2073, 
513, 2073, 2069, 2069, 2071, 2072, 2070, 2072, 2074, 
514, 2074, 2071, 2070, 2071, 2072, 2071, 2071, 2074, 
515, 2074, 2074, 2070, 2072, 2072, 2070, 2077, 2075, 
516, 2075, 2074, 2070, 2072, 2072, 2073, 2075, 2075, 
517, 2075, 2075, 2071, 2073, 2072, 2074, 2076, 2075, 
518, 2076, 2075, 2075, 2076, 2074, 2075, 2076, 2076, 
519, 2077, 2076, 2075, 2076, 2077, 2076, 2076, 2077, 
520, 2078, 2076, 2073, 2081, 2076, 2076, 2076, 2081, 
521, 2076, 2077, 2074, 2081, 2080, 2078, 2076, 2082, 
522, 2078, 2080, 2078, 2084, 2080, 2079, 2076, 2082, 
523, 2082, 2082, 2078, 2084, 2080, 2081, 2078, 2081, 
524, 2083, 2081, 2079, 2084, 2081, 2084, 2080, 2079, 
525, 2081, 2082, 2079, 2085, 2082, 2086, 2080, 2080, 
526, 2086, 2083, 2079, 2086, 2082, 2086, 2082, 2082, 
527, 2082, 2083, 2082, 2086, 2083, 2088, 2086, 2082, 
528, 2084, 2083, 2083, 2091, 2085, 2088, 2085, 2084, 
529, 2084, 2085, 2083, 2090, 2085, 2088, 2088, 2086, 
530, 2087, 2087, 2086, 2088, 2084, 2089, 2088, 2087, 
531, 2090, 2089, 2087, 2088, 2087, 2089, 2090, 2087, 
532, 2093, 2089, 2090, 2088, 2089, 2089, 2091, 2087, 
533, 2091, 2091, 2090, 2089, 2089, 2089, 2091, 2087, 
534, 2092, 2091, 2090, 2089, 2092, 2091, 2093, 2088, 
535, 2094, 2093, 2091, 2090, 2089, 2091, 2093, 2088, 
536, 2093, 2091, 2093, 2092, 2090, 2090, 2092, 2088, 
537, 2094, 2092, 2093, 2092, 2093, 2091, 2094, 2090, 
538, 2094, 2094, 2095, 2094, 2096, 2092, 2096, 2089, 
539, 2095, 2095, 2094, 2095, 2096, 2093, 2095, 2089, 
540, 2097, 2095, 2095, 2096, 2097, 2095, 2097, 2096, 
541, 2098, 2098, 2095, 2096, 2096, 2095, 2097, 2098, 
542, 2102, 2102, 2097, 2096, 2098, 2095, 2097, 2099, 
543, 2102, 2100, 2098, 2100, 2098, 2097, 2096, 2098, 
544, 2103, 2100, 2099, 2100, 2099, 2100, 2097, 2101, 
545, 2105, 2102, 2100, 2101, 2099, 2101, 2098, 2101, 
546, 2106, 2103, 2100, 2104, 2100, 2101, 2099, 2102, 
547, 2107, 2105, 2107, 2106, 2105, 2101, 2099, 2102, 
548, 2108, 2106, 2108, 2106, 2107, 2102, 2099, 2103, 
549, 2109, 2106, 2107, 2108, 2106, 2105, 2101, 2105, 
550, 2109, 2107, 2109, 2109, 2106, 2102, 2109, 2106, 
551, 2109, 2106, 2108, 2110, 2108, 2106, 2107, 2107, 
552, 2110, 2109, 2109, 2108, 2108, 2109, 2108, 2107, 
553, 2110, 2109, 2109, 2110, 2108, 2108, 2109, 2107, 
554, 2111, 2109, 2109, 2110, 2110, 2106, 2109, 2108, 
555, 2110, 2108, 2109, 2110, 2111, 2108, 2110, 2108, 
556, 2110, 2110, 2110, 2112, 2112, 2111, 2110, 2111, 
557, 2112, 2113, 2111, 2112, 2111, 2112, 2110, 2110, 
558, 2113, 2114, 2110, 2111, 2113, 2113, 2111, 2111, 
559, 2113, 2114, 2111, 2112, 2114, 2113, 2111, 2111, 
560, 2112, 2114, 2112, 2113, 2115, 2114, 2112, 2112, 
561, 2113, 2114, 2114, 2112, 2115, 2113, 2114, 2112, 
562, 2113, 2115, 2113, 2116, 2118, 2113, 2115, 2113, 
563, 2117, 2114, 2113, 2118, 2118, 2114, 2118, 2115, 
564, 2117, 2120, 2114, 2118, 2118, 2114, 2119, 2117, 
565, 2114, 2120, 2116, 2117, 2118, 2115, 2121, 2120, 
566, 2120, 2122, 2118, 2118, 2118, 2115, 2121, 2120, 
567, 2119, 2120, 2120, 2118, 2119, 2115, 2122, 2122, 
568, 2118, 2121, 2122, 2120, 2120, 2120, 2121, 2123, 
569, 2119, 2120, 2121, 2121, 2119, 2119, 2121, 2124, 
570, 2119, 2121, 2124, 2126, 2122, 2121, 2122, 2125, 
571, 2122, 2121, 2124, 2126, 2124, 2120, 2122, 2123, 
572, 2121, 2121, 2125, 2128, 2125, 2121, 2123, 2125, 
573, 2123, 2126, 2124, 2126, 2126, 2124, 2123, 2126, 
574, 2123, 2125, 2124, 2127, 2126, 2124, 2124, 2128, 
575, 2128, 2125, 2126, 2128, 2128, 2125, 2123, 2129, 
576, 2128, 2126, 2126, 2129, 2128, 2125, 2124, 2129, 
577, 2128, 2127, 2128, 2129, 2128, 2125, 2126, 2129, 
578, 2129, 2128, 2129, 2130, 2128, 2126, 2126, 2129, 
579, 2128, 2129, 2129, 2133, 2129, 2126, 2128, 2130, 
580, 2129, 2128, 2132, 2133, 2130, 2126, 2130, 2132, 
581, 2132, 2131, 2134, 2132, 2131, 2128, 2130, 2131, 
582, 2130, 2132, 2134, 2133, 2133, 2130, 2132, 2134, 
583, 2131, 2132, 2136, 2135, 2135, 2133, 2133, 2135, 
584, 2132, 2134, 2137, 2134, 2135, 2135, 2135, 2134, 
585, 2134, 2134, 2137, 2134, 2135, 2136, 2135, 2137, 
586, 2135, 2135, 2137, 2135, 2134, 2136, 2136, 2135, 
587, 2137, 2137, 2136, 2136, 2137, 2137, 2136, 2135, 
588, 2139, 2136, 2137, 2137, 2137, 2139, 2137, 2137, 
589, 2140, 2136, 2139, 2139, 2138, 2139, 2137, 2137, 
590, 2140, 2137, 2140, 2137, 2140, 2139, 2139, 2137, 
591, 2141, 2137, 2140, 2138, 2140, 2139, 2139, 2138, 
592, 2140, 2139, 2141, 2139, 2141, 2139, 2142, 2139, 
593, 2140, 2140, 2143, 2141, 2140, 2139, 2143, 2143, 
594, 2140, 2140, 2143, 2140, 2140, 2140, 2142, 2144, 
595, 2141, 2140, 2142, 2141, 2140, 2140, 2143, 2142, 
596, 2141, 2141, 2143, 2143, 2140, 2142, 2144, 2142, 
597, 2142, 2141, 2143, 2145, 2141, 2141, 2143, 2143, 
598, 2142, 2142, 2144, 2145, 2143, 2142, 2143, 2143, 
599, 2142, 2142, 2144, 2146, 2142, 2142, 2145, 2145, 
600, 2142, 2142, 2144, 2147, 2143, 2143, 2145, 2143, 
601, 2142, 2143, 2147, 2148, 2144, 2146, 2148, 2144, 
602, 2143, 2143, 2146, 2149, 2144, 2147, 2148, 2144, 
603, 2146, 2147, 2146, 2149, 2144, 2147, 2149, 2144, 
604, 2145, 2145, 2148, 2149, 2149, 2148, 2150, 2145, 
605, 2146, 2146, 2148, 2150, 2145, 2148, 2151, 2145, 
606, 2146, 2147, 2149, 2150, 2145, 2149, 2152, 2148, 
607, 2147, 2147, 2149, 2151, 2146, 2149, 2151, 2148, 
608, 2152, 2149, 2149, 2151, 2150, 2150, 2151, 2148, 
609, 2151, 2151, 2151, 2155, 2149, 2150, 2152, 2152, 
610, 2153, 2151, 2153, 2156, 2150, 2151, 2153, 2153, 
611, 2153, 2153, 2154, 2156, 2151, 2151, 2152, 2154, 
612, 2152, 2153, 2156, 2156, 2152, 2154, 2154, 2155, 
613, 2153, 2154, 2158, 2156, 2156, 2156, 2154, 2157, 
614, 2155, 2156, 2158, 2157, 2156, 2157, 2156, 2160, 
615, 2155, 2157, 2158, 2158, 2156, 2155, 2156, 2159, 
616, 2158, 2157, 2157, 2159, 2156, 2156, 2156, 2160, 
617, 2158, 2160, 2157, 2159, 2156, 2158, 2158, 2160, 
618, 2160, 2160, 2159, 2160, 2157, 2158, 2159, 2160, 
619, 2163, 2163, 2158, 2161, 2160, 2158, 2161, 2162, 
620, 2163, 2163, 2160, 2159, 2159, 2162, 2161, 2161, 
621, 2163, 2164, 2162, 2161, 2160, 2162, 2162, 2162, 
622, 2163, 2164, 2164, 2161, 2160, 2162, 2162, 2162, 
623, 2163, 2165, 2165, 2161, 2162, 2165, 2163, 2162, 
624, 2163, 2166, 2166, 2161, 2162, 2164, 2169, 2162, 
625, 2163, 2166, 2167, 2161, 2164, 2164, 2168, 2163, 
626, 2165, 2168, 2166, 2161, 2164, 2166, 2168, 2165, 
627, 2166, 2169, 2167, 2163, 2165, 2169, 2169, 2164, 
628, 2166, 2169, 2167, 2164, 2165, 2170, 2169, 2165, 
629, 2166, 2170, 2167, 2172, 2165, 2172, 2170, 2164, 
630, 2166, 2172, 2169, 2172, 2169, 2172, 2171, 2164, 
631, 2170, 2172, 2169, 2172, 2172, 2172, 2172, 2165, 
632, 2169, 2171, 2171, 2173, 2171, 2174, 2172, 2170, 
633, 2172, 2173, 2171, 2173, 2172, 2174, 2173, 2172, 
634, 2172, 2173, 2172, 2174, 2173, 2173, 2173, 2173, 
635, 2173, 2173, 2173, 2172, 2172, 2174, 2172, 2173, 
636, 2176, 2175, 2175, 2174, 2173, 2174, 2174, 2174, 
637, 2177, 2175, 2174, 2173, 2173, 2176, 2173, 2175, 
638, 2178, 2175, 2175, 2174, 2174, 2176, 2174, 2174, 
639, 2178, 2174, 2176, 2174, 2176, 2177, 2176, 2176, 
640, 2179, 2175, 2177, 2175, 2176, 2178, 2177, 2176, 
641, 2179, 2176, 2178, 2176, 2178, 2179, 2177, 2177, 
642, 2179, 2175, 2178, 2179, 2178, 2180, 2177, 2177, 
643, 2180, 2178, 2178, 2182, 2179, 2178, 2177, 2178, 
644, 2180, 2178, 2180, 2182, 2179, 2181, 2177, 2180, 
645, 2181, 2176, 2183, 2181, 2182, 2184, 2184, 2181, 
646, 2181, 2179, 2184, 2181, 2182, 2183, 2183, 2180, 
647, 2182, 2179, 2185, 2182, 2181, 2184, 2184, 2185, 
648, 2183, 2185, 2185, 2184, 2184, 2188, 2183, 2188, 
649, 2184, 2185, 2185, 2184, 2184, 2188, 2184, 2188, 
650, 2184, 2186, 2188, 2186, 2185, 2189, 2184, 2187, 
651, 2184, 2189, 2189, 2188, 2188, 2189, 2184, 2188, 
652, 2187, 2189, 2188, 2193, 2187, 2191, 2184, 2188, 
653, 2189, 2189, 2191, 2193, 2189, 2191, 2185, 2189, 
654, 2190, 2191, 2190, 2193, 2191, 2190, 2185, 2192, 
655, 2194, 2194, 2191, 2193, 2193, 2192, 2185, 2192, 
656, 2194, 2194, 2191, 2193, 2193, 2194, 2188, 2193, 
657, 2193, 2194, 2194, 2193, 2193, 2194, 2189, 2193, 
658, 2193, 2196, 2194, 2194, 2193, 2194, 2190, 2192, 
659, 2195, 2195, 2196, 2194, 2195, 2195, 2190, 2192, 
660, 2198, 2198, 2197, 2196, 2196, 2202, 2194, 2192, 
661, 2197, 2198, 2198, 2196, 2197, 2202, 2195, 2192, 
662, 2197, 2197, 2197, 2196, 2197, 2201, 2198, 2196, 
663, 2197, 2198, 2197, 2196, 2200, 2200, 2198, 2196, 
664, 2197, 2198, 2197, 2195, 2199, 2201, 2199, 2198, 
665, 2197, 2199, 2199, 2200, 2202, 2202, 2199, 2199, 
666, 2199, 2203, 2199, 2200, 2201, 2202, 2198, 2200, 
667, 2199, 2199, 2201, 2198, 2205, 2201, 2201, 2201, 
668, 2200, 2199, 2203, 2202, 2205, 2202, 2200, 2202, 
669, 2201, 2199, 2204, 2201, 2204, 2203, 2201, 2203, 
670, 2203, 2199, 2205, 2201, 2205, 2203, 2203, 2203, 
671, 2203, 2201, 2205, 2204, 2204, 2204, 2203, 2204, 
672, 2204, 2201, 2207, 2204, 2205, 2204, 2203, 2203, 
673, 2204, 2204, 2208, 2204, 2205, 2204, 2206, 2204, 
674, 2207, 2204, 2206, 2205, 2206, 2204, 2206, 2205, 
675, 2207, 2205, 2206, 2206, 2207, 2207, 2206, 2205, 
676, 2207, 2206, 2207, 2208, 2207, 2206, 2207, 2205, 
677, 2209, 2206, 2208, 2208, 2207, 2208, 2207, 2205, 
678, 2209, 2208, 2209, 2210, 2208, 2207, 2208, 2207, 
679, 2210, 2207, 2213, 2211, 2208, 2208, 2209, 2207, 
680, 2211, 2208, 2211, 2211, 2207, 2208, 2208, 2207, 
681, 2212, 2210, 2211, 2213, 2208, 2208, 2208, 2207, 
682, 2212, 2211, 2212, 2214, 2209, 2209, 2209, 2208, 
683, 2213, 2212, 2213, 2214, 2213, 2211, 2209, 2208, 
684, 2213, 2212, 2212, 2214, 2215, 2210, 2210, 2209, 
685, 2212, 2214, 2212, 2214, 2214, 2214, 2212, 2211, 
686, 2212, 2214, 2212, 2215, 2215, 2215, 2213, 2210, 
687, 2213, 2216, 2213, 2214, 2214, 2215, 2214, 2213, 
688, 2213, 2216, 2213, 2215, 2213, 2214, 2215, 2215, 
689, 2213, 2216, 2212, 2217, 2215, 2215, 2215, 2215, 
690, 2215, 2217, 2215, 2217, 2215, 2215, 2216, 2216, 
691, 2216, 2217, 2216, 2217, 2216, 2217, 2217, 2215, 
692, 2217, 2218, 2217, 2218, 2219, 2217, 2217, 2215, 
693, 2216, 2219, 2217, 2218, 2217, 2218, 2217, 2217, 
694, 2218, 2220, 2218, 2218, 2217, 2218, 2216, 2217, 
695, 2218, 2221, 2223, 2219, 2217, 2218, 2218, 2219, 
696, 2219, 2221, 2221, 2219, 2219, 2218, 2218, 2219, 
697, 2222, 2222, 2221, 2219, 2220, 2219, 2218, 2219, 
698, 2222, 2221, 2224, 2220, 2221, 2220, 2218, 2223, 
699, 2221, 2221, 2224, 2221, 2222, 2218, 2218, 2225, 
700, 2221, 2221, 2224, 2223, 2222, 2219, 2219, 2224, 
701, 2225, 2221, 2224, 2223, 2221, 2220, 2220, 2224, 
702, 2225, 2221, 2225, 2224, 2222, 2220, 2220, 2226, 
703, 2226, 2220, 2226, 2224, 2222, 2221, 2224, 2226, 
704, 2226, 2221, 2226, 2225, 2226, 2223, 2224, 2227, 
705, 2226, 2225, 2227, 2226, 2226, 2225, 2225, 2227, 
706, 2227, 2225, 2229, 2226, 2227, 2225, 2224, 2227, 
707, 2227, 2225, 2228, 2226, 2227, 2225, 2225, 2227, 
708, 2227, 2226, 2228, 2226, 2227, 2226, 2224, 2227, 
709, 2228, 2229, 2228, 2227, 2229, 2227, 2225, 2229, 
710, 2229, 2228, 2230, 2228, 2231, 2230, 2227, 2230, 
711, 2230, 2228, 2229, 2228, 2228, 2229, 2227, 2230, 
712, 2232, 2231, 2229, 2229, 2231, 2229, 2227, 2230, 
713, 2231, 2231, 2230, 2230, 2231, 2229, 2227, 2230, 
714, 2231, 2233, 2229, 2230, 2231, 2230, 2228, 2230, 
715, 2231, 2233, 2232, 2229, 2231, 2230, 2228, 2232, 
716, 2233, 2233, 2233, 2233, 2233, 2232, 2230, 2231, 
717, 2233, 2233, 2234, 2233, 2234, 2233, 2230, 2233, 
718, 2233, 2232, 2234, 2234, 2235, 2236, 2231, 2233, 
719, 2235, 2235, 2234, 2234, 2235, 2237, 2230, 2234, 
720, 2236, 2236, 2235, 2234, 2235, 2237, 2233, 2235, 
721, 2237, 2237, 2237, 2235, 2234, 2238, 2231, 2236, 
722, 2237, 2237, 2237, 2235, 2235, 2238, 2233, 2236, 
723, 2238, 2238, 2239, 2235, 2236, 2238, 2233, 2238, 
724, 2239, 2238, 2239, 2237, 2236, 2237, 2237, 2239, 
725, 2239, 2239, 2240, 2240, 2237, 2238, 2237, 2239, 
726, 2239, 2240, 2241, 2238, 2238, 2237, 2237, 2241, 
727, 2240, 2241, 2242, 2239, 2238, 2240, 2242, 2240, 
728, 2240, 2241, 2242, 2239, 2238, 2240, 2243, 2241, 
729, 2241, 2240, 2242, 2240, 2239, 2240, 2242, 2242, 
730, 2241, 2240, 2242, 2239, 2238, 2239, 2245, 2242, 
731, 2241, 2243, 2242, 2240, 2241, 2241, 2244, 2242, 
732, 2241, 2243, 2244, 2240, 2241, 2242, 2244, 2243, 
733, 2243, 2244, 2245, 2240, 2242, 2244, 2244, 2243, 
734, 2245, 2242, 2245, 2242, 2242, 2243, 2245, 2243, 
735, 2246, 2242, 2246, 2243, 2243, 2245, 2244, 2246, 
736, 2246, 2242, 2247, 2243, 2243, 2245, 2244, 2245, 
737, 2247, 2242, 2246, 2243, 2245, 2246, 2245, 2245, 
738, 2250, 2243, 2246, 2243, 2248, 2245, 2247, 2245, 
739, 2251, 2248, 2247, 2245, 2249, 2245, 2247, 2246, 
740, 2250, 2250, 2247, 2246, 2250, 2245, 2247, 2246, 
741, 2251, 2250, 2247, 2246, 2253, 2246, 2247, 2246, 
742, 2251, 2250, 2247, 2251, 2254, 2249, 2252, 2246, 
743, 2253, 2249, 2248, 2251, 2253, 2250, 2252, 2247, 
744, 2254, 2251, 2248, 2252, 2253, 2251, 2252, 2249, 
745, 2254, 2252, 2249, 2251, 2253, 2253, 2251, 2249, 
746, 2255, 2253, 2249, 2253, 2253, 2253, 2252, 2252, 
747, 2256, 2252, 2249, 2253, 2253, 2254, 2254, 2252, 
748, 2256, 2252, 2250, 2254, 2254, 2257, 2255, 2252, 
749, 2256, 2253, 2250, 2255, 2257, 2257, 2254, 2254, 
750, 2256, 2254, 2252, 2259, 2254, 2256, 2253, 2253, 
751, 2257, 2254, 2256, 2260, 2255, 2256, 2255, 2254, 
752, 2257, 2254, 2256, 2259, 2258, 2256, 2255, 2253, 
753, 2257, 2255, 2256, 2260, 2258, 2257, 2256, 2254, 
754, 2258, 2256, 2256, 2260, 2257, 2257, 2256, 2255, 
755, 2258, 2256, 2256, 2262, 2258, 2257, 2257, 2255, 
756, 2258, 2257, 2256, 2259, 2259, 2256, 2256, 2257, 
757, 2259, 2256, 2256, 2259, 2259, 2258, 2257, 2259, 
758, 2259, 2257, 2257, 2260, 2259, 2257, 2258, 2257, 
759, 2259, 2259, 2257, 2261, 2260, 2257, 2258, 2258, 
760, 2259, 2257, 2257, 2261, 2259, 2258, 2260, 2259, 
761, 2261, 2260, 2257, 2262, 2259, 2258, 2260, 2259, 
762, 2260, 2260, 2259, 2262, 2260, 2259, 2263, 2261, 
763, 2261, 2264, 2259, 2262, 2260, 2259, 2263, 2260, 
764, 2262, 2264, 2259, 2262, 2260, 2260, 2263, 2261, 
765, 2262, 2264, 2259, 2263, 2261, 2264, 2262, 2260, 
766, 2262, 2266, 2259, 2263, 2262, 2264, 2263, 2262, 
767, 2263, 2265, 2260, 2265, 2261, 2265, 2263, 2263, 
768, 2263, 2265, 2263, 2265, 2261, 2264, 2262, 2262, 
769, 2262, 2265, 2263, 2265, 2261, 2264, 2265, 2263, 
770, 2264, 2265, 2264, 2264, 2263, 2265, 2265, 2262, 
771, 2265, 2266, 2264, 2264, 2266, 2265, 2265, 2265, 
772, 2265, 2266, 2265, 2266, 2266, 2265, 2266, 2266, 
773, 2264, 2267, 2266, 2267, 2265, 2266, 2268, 2266, 
774, 2264, 2266, 2266, 2267, 2267, 2266, 2267, 2267, 
775, 2264, 2266, 2266, 2266, 2268, 2266, 2268, 2267, 
776, 2267, 2266, 2267, 2266, 2268, 2268, 2268, 2268, 
777, 2267, 2267, 2266, 2265, 2269, 2268, 2269, 2269, 
778, 2268, 2271, 2268, 2266, 2270, 2267, 2270, 2269, 
779, 2269, 2271, 2268, 2267, 2271, 2267, 2270, 2269, 
780, 2271, 2272, 2269, 2267, 2271, 2268, 2271, 2270, 
781, 2270, 2272, 2268, 2267, 2271, 2269, 2272, 2270, 
782, 2273, 2273, 2270, 2268, 2272, 2271, 2270, 2270, 
783, 2272, 2273, 2269, 2268, 2271, 2271, 2270, 2271, 
784, 2274, 2274, 2272, 2270, 2271, 2272, 2271, 2271, 
785, 2275, 2274, 2271, 2272, 2271, 2272, 2271, 2274, 
786, 2274, 2274, 2271, 2272, 2272, 2275, 2273, 2273, 
787, 2274, 2275, 2271, 2272, 2272, 2276, 2273, 2274, 
788, 2275, 2275, 2272, 2271, 2276, 2276, 2273, 2273, 
789, 2274, 2276, 2273, 2272, 2276, 2276, 2272, 2273, 
790, 2275, 2276, 2273, 2272, 2276, 2275, 2272, 2273, 
791, 2279, 2278, 2274, 2272, 2278, 2279, 2279, 2278, 
792, 2280, 2277, 2273, 2273, 2278, 2279, 2279, 2278, 
793, 2280, 2278, 2278, 2275, 2278, 2279, 2278, 2278, 
794, 2280, 2277, 2278, 2277, 2278, 2279, 2280, 2278, 
795, 2280, 2278, 2278, 2277, 2278, 2279, 2280, 2279, 
796, 2280, 2279, 2279, 2277, 2277, 2279, 2280, 2280, 
797, 2280, 2279, 2281, 2280, 2278, 2279, 2280, 2280, 
798, 2282, 2281, 2281, 2281, 2280, 2280, 2281, 2281, 
799, 2281, 2281, 2281, 2281, 2280, 2282, 2280, 2280, 
800, 2282, 2282, 2281, 2281, 2280, 2282, 2282, 2281, 
801, 2282, 2281, 2281, 2282, 2281, 2281, 2282, 2281, 
802, 2284, 2280, 2282, 2282, 2282, 2281, 2283, 2281, 
803, 2282, 2280, 2281, 2282, 2283, 2281, 2283, 2281, 
804, 2281, 2280, 2282, 2284, 2283, 2282, 2284, 2284, 
805, 2282, 2280, 2281, 2283, 2283, 2283, 2285, 2283, 
806, 2283, 2281, 2281, 2284, 2284, 2282, 2285, 2284, 
807, 2282, 2281, 2282, 2284, 2285, 2284, 2286, 2284, 
808, 2284, 2282, 2286, 2285, 2286, 2284, 2286, 2284, 
809, 2282, 2282, 2285, 2286, 2289, 2284, 2286, 2286, 
810, 2283, 2282, 2283, 2287, 2289, 2286, 2287, 2286, 
811, 2284, 2283, 2283, 2289, 2290, 2286, 2287, 2286, 
812, 2285, 2286, 2283, 2288, 2290, 2286, 2288, 2286, 
813, 2285, 2286, 2283, 2289, 2290, 2286, 2288, 2287, 
814, 2286, 2288, 2286, 2290, 2290, 2286, 2289, 2286, 
815, 2285, 2287, 2286, 2292, 2291, 2287, 2289, 2286, 
816, 2286, 2290, 2286, 2292, 2291, 2289, 2288, 2288, 
817, 2286, 2290, 2286, 2292, 2291, 2287, 2289, 2290, 
818, 2291, 2291, 2287, 2292, 2290, 2286, 2290, 2289, 
819, 2291, 2292, 2288, 2292, 2290, 2288, 2290, 2291, 
820, 2291, 2291, 2287, 2293, 2292, 2287, 2290, 2292, 
821, 2291, 2291, 2289, 2293, 2291, 2288, 2290, 2292, 
822, 2293, 2291, 2291, 2293, 2292, 2289, 2290, 2293, 
823, 2292, 2292, 2290, 2293, 2293, 2291, 2291, 2293, 
824, 2293, 2293, 2291, 2293, 2294, 2294, 2291, 2294, 
825, 2293, 2293, 2292, 2293, 2295, 2294, 2292, 2294, 
826, 2293, 2295, 2292, 2293, 2295, 2294, 2295, 2295, 
827, 2294, 2294, 2293, 2295, 2295, 2295, 2295, 2295, 
828, 2295, 2295, 2294, 2295, 2295, 2295, 2295, 2295, 
829, 2295, 2296, 2295, 2296, 2295, 2295, 2295, 2295, 
830, 2296, 2296, 2296, 2296, 2296, 2295, 2297, 2295, 
831, 2296, 2296, 2296, 2297, 2295, 2295, 2296, 2296, 
832, 2298, 2297, 2296, 2298, 2295, 2296, 2296, 2296, 
833, 2299, 2298, 2296, 2298, 2295, 2297, 2297, 2296, 
834, 2297, 2299, 2297, 2299, 2298, 2298, 2297, 2295, 
835, 2297, 2299, 2297, 2299, 2298, 2298, 2298, 2296, 
836, 2300, 2299, 2298, 2300, 2298, 2297, 2297, 2295, 
837, 2302, 2300, 2297, 2300, 2297, 2298, 2297, 2296, 
838, 2302, 2300, 2299, 2301, 2298, 2300, 2297, 2296, 
839, 2304, 2301, 2300, 2301, 2299, 2300, 2299, 2297, 
840, 2305, 2301, 2299, 2301, 2300, 2301, 2300, 2297, 
841, 2304, 2301, 2300, 2301, 2303, 2300, 2299, 2297, 
842, 2304, 2302, 2301, 2302, 2302, 2300, 2300, 2299, 
843, 2304, 2302, 2302, 2305, 2302, 2300, 2300, 2300, 
844, 2305, 2303, 2302, 2304, 2302, 2300, 2301, 2300, 
845, 2305, 2302, 2304, 2304, 2303, 2301, 2302, 2303, 
846, 2306, 2304, 2304, 2305, 2302, 2301, 2303, 2302, 
847, 2307, 2305, 2304, 2307, 2303, 2300, 2302, 2301, 
848, 2306, 2302, 2304, 2306, 2303, 2302, 2302, 2303, 
849, 2308, 2304, 2306, 2307, 2303, 2304, 2307, 2303, 
850, 2307, 2306, 2306, 2307, 2306, 2305, 2308, 2305, 
851, 2307, 2305, 2307, 2307, 2306, 2304, 2307, 2305, 
852, 2307, 2306, 2307, 2308, 2307, 2307, 2306, 2307, 
853, 2307, 2307, 2308, 2308, 2308, 2310, 2306, 2307, 
854, 2309, 2306, 2308, 2308, 2307, 2309, 2306, 2308, 
855, 2309, 2307, 2310, 2308, 2307, 2310, 2307, 2308, 
856, 2311, 2309, 2311, 2308, 2309, 2310, 2307, 2308, 
857, 2310, 2310, 2309, 2309, 2309, 2310, 2307, 2309, 
858, 2310, 2311, 2311, 2310, 2310, 2310, 2307, 2308, 
859, 2310, 2311, 2310, 2311, 2310, 2310, 2308, 2310, 
860, 2311, 2312, 2311, 2311, 2310, 2311, 2309, 2311, 
861, 2311, 2312, 2312, 2311, 2310, 2311, 2309, 2311, 
862, 2311, 2312, 2311, 2312, 2310, 2311, 2311, 2311, 
863, 2311, 2313, 2313, 2313, 2311, 2312, 2311, 2311, 
864, 2312, 2313, 2312, 2313, 2311, 2312, 2310, 2311, 
865, 2312, 2312, 2312, 2313, 2310, 2313, 2311, 2311, 
866, 2312, 2313, 2314, 2314, 2314, 2313, 2312, 2312, 
867, 2312, 2312, 2313, 2315, 2313, 2313, 2313, 2313, 
868, 2312, 2314, 2314, 2315, 2312, 2313, 2313, 2312, 
869, 2315, 2313, 2314, 2315, 2312, 2313, 2313, 2312, 
870, 2315, 2313, 2316, 2315, 2313, 2316, 2316, 2312, 
871, 2316, 2314, 2316, 2314, 2315, 2317, 2315, 2313, 
872, 2317, 2313, 2315, 2316, 2316, 2317, 2316, 2314, 
873, 2318, 2315, 2316, 2316, 2316, 2317, 2315, 2315, 
874, 2318, 2317, 2317, 2317, 2316, 2317, 2316, 2314, 
875, 2319, 2317, 2317, 2316, 2316, 2318, 2317, 2314, 
876, 2320, 2318, 2317, 2316, 2317, 2320, 2318, 2317, 
877, 2320, 2318, 2317, 2316, 2317, 2320, 2320, 2317, 
878, 2320, 2317, 2317, 2317, 2317, 2320, 2320, 2318, 
879, 2321, 2319, 2317, 2318, 2316, 2320, 2320, 2318, 
880, 2320, 2318, 2318, 2317, 2318, 2320, 2321, 2320, 
881, 2320, 2319, 2318, 2318, 2321, 2320, 2322, 2319, 
882, 2322, 2318, 2318, 2318, 2321, 2320, 2323, 2320, 
883, 2321, 2320, 2318, 2321, 2322, 2320, 2322, 2321, 
884, 2321, 2320, 2319, 2321, 2321, 2321, 2322, 2322, 
885, 2321, 2319, 2320, 2321, 2323, 2321, 2323, 2323, 
886, 2321, 2320, 2320, 2321, 2323, 2320, 2324, 2322, 
887, 2322, 2322, 2321, 2322, 2323, 2321, 2322, 2322, 
888, 2322, 2322, 2322, 2322, 2325, 2322, 2323, 2323, 
889, 2321, 2322, 2323, 2322, 2325, 2323, 2323, 2322, 
890, 2322, 2322, 2322, 2324, 2324, 2322, 2323, 2323, 
891, 2322, 2322, 2322, 2324, 2324, 2323, 2323, 2324, 
892, 2323, 2325, 2322, 2324, 2324, 2324, 2325, 2323, 
893, 2325, 2325, 2323, 2325, 2324, 2325, 2325, 2323, 
894, 2325, 2325, 2324, 2325, 2326, 2325, 2326, 2323, 
895, 2326, 2325, 2324, 2326, 2326, 2325, 2325, 2324, 
896, 2326, 2325, 2326, 2325, 2327, 2326, 2326, 2324, 
897, 2325, 2326, 2327, 2325, 2326, 2326, 2326, 2323, 
898, 2325, 2328, 2327, 2325, 2327, 2326, 2326, 2324, 
899, 2326, 2329, 2326, 2327, 2328, 2325, 2326, 2324, 
900, 2327, 2330, 2327, 2326, 2327, 2326, 2327, 2326, 
901, 2326, 2327, 2327, 2327, 2327, 2327, 2326, 2328, 
902, 2327, 2327, 2328, 2329, 2329, 2327, 2329, 2327, 
903, 2327, 2328, 2328, 2329, 2329, 2328, 2328, 2328, 
904, 2327, 2329, 2330, 2329, 2329, 2328, 2328, 2328, 
905, 2328, 2331, 2329, 2330, 2330, 2328, 2328, 2328, 
906, 2329, 2329, 2329, 2331, 2330, 2329, 2330, 2328, 
907, 2329, 2328, 2329, 2331, 2330, 2330, 2331, 2328, 
908, 2330, 2330, 2329, 2331, 2331, 2333, 2331, 2329, 
909, 2330, 2329, 2330, 2331, 2331, 2332, 2331, 2329, 
910, 2330, 2330, 2330, 2331, 2330, 2332, 2331, 2330, 
911, 2330, 2331, 2330, 2331, 2333, 2333, 2332, 2330, 
912, 2331, 2331, 2330, 2331, 2332, 2333, 2332, 2330, 
913, 2330, 2332, 2330, 2331, 2332, 2334, 2332, 2330, 
914, 2331, 2331, 2333, 2331, 2334, 2335, 2331, 2330, 
915, 2333, 2332, 2332, 2333, 2333, 2335, 2332, 2331, 
916, 2332, 2331, 2332, 2333, 2334, 2336, 2332, 2333, 
917, 2332, 2333, 2333, 2334, 2334, 2335, 2332, 2333, 
918, 2332, 2334, 2333, 2336, 2333, 2335, 2332, 2335, 
919, 2335, 2334, 2333, 2336, 2333, 2336, 2332, 2334, 
920, 2335, 2335, 2338, 2337, 2333, 2335, 2334, 2338, 
921, 2337, 2335, 2338, 2337, 2333, 2336, 2334, 2337, 
922, 2340, 2336, 2340, 2337, 2333, 2336, 2334, 2338, 
923, 2341, 2339, 2341, 2338, 2334, 2337, 2337, 2339, 
924, 2340, 2340, 2340, 2338, 2335, 2336, 2337, 2340, 
925, 2340, 2340, 2340, 2338, 2336, 2337, 2339, 2339, 
926, 2340, 2340, 2339, 2339, 2338, 2338, 2339, 2339, 
927, 2340, 2341, 2340, 2339, 2339, 2339, 2341, 2340, 
928, 2342, 2341, 2340, 2339, 2339, 2340, 2341, 2339, 
929, 2342, 2341, 2339, 2339, 2339, 2340, 2340, 2340, 
930, 2342, 2342, 2340, 2339, 2338, 2340, 2340, 2339, 
931, 2342, 2342, 2341, 2339, 2340, 2340, 2340, 2340, 
932, 2342, 2342, 2341, 2339, 2339, 2340, 2340, 2341, 
933, 2342, 2343, 2341, 2339, 2338, 2339, 2339, 2342, 
934, 2342, 2342, 2343, 2340, 2338, 2340, 2340, 2343, 
935, 2342, 2343, 2343, 2340, 2340, 2340, 2340, 2343, 
936, 2343, 2343, 2343, 2340, 2339, 2340, 2340, 2343, 
937, 2341, 2344, 2343, 2341, 2339, 2340, 2340, 2343, 
938, 2343, 2345, 2343, 2341, 2340, 2341, 2341, 2344, 
939, 2342, 2345, 2343, 2341, 2341, 2341, 2341, 2344, 
940, 2343, 2345, 2346, 2341, 2341, 2341, 2342, 2344, 
941, 2342, 2345, 2345, 2342, 2340, 2341, 2340, 2344, 
942, 2342, 2345, 2345, 2342, 2342, 2341, 2341, 2345, 
943, 2343, 2346, 2345, 2344, 2344, 2341, 2342, 2346, 
944, 2342, 2345, 2345, 2345, 2344, 2342, 2340, 2345, 
945, 2344, 2346, 2344, 2345, 2349, 2342, 2343, 2344, 
946, 2345, 2346, 2344, 2344, 2350, 2342, 2343, 2345, 
947, 2344, 2345, 2344, 2345, 2349, 2347, 2344, 2345, 
948, 2345, 2346, 2345, 2345, 2350, 2348, 2347, 2346, 
949, 2344, 2346, 2345, 2347, 2351, 2348, 2347, 2346, 
950, 2345, 2348, 2347, 2347, 2350, 2347, 2350, 2347, 
951, 2345, 2347, 2347, 2348, 2350, 2348, 2350, 2347, 
952, 2346, 2351, 2349, 2348, 2350, 2348, 2352, 2347, 
953, 2347, 2353, 2349, 2348, 2350, 2349, 2351, 2347, 
954, 2347, 2353, 2350, 2349, 2350, 2347, 2352, 2348, 
955, 2347, 2352, 2353, 2350, 2350, 2348, 2352, 2348, 
956, 2347, 2353, 2351, 2350, 2350, 2348, 2352, 2349, 
957, 2347, 2353, 2351, 2349, 2351, 2349, 2352, 2349, 
958, 2347, 2353, 2353, 2349, 2351, 2350, 2354, 2350, 
959, 2351, 2354, 2352, 2351, 2351, 2350, 2352, 2351, 
960, 2351, 2355, 2351, 2352, 2351, 2350, 2353, 2351, 
961, 2351, 2354, 2352, 2354, 2352, 2350, 2353, 2351, 
962, 2352, 2354, 2352, 2355, 2352, 2351, 2353, 2352, 
963, 2352, 2354, 2352, 2354, 2353, 2352, 2354, 2353, 
964, 2353, 2354, 2352, 2355, 2353, 2351, 2352, 2353, 
965, 2352, 2354, 2353, 2356, 2351, 2352, 2353, 2352, 
966, 2353, 2355, 2353, 2356, 2352, 2352, 2353, 2355, 
967, 2354, 2355, 2353, 2356, 2354, 2354, 2355, 2355, 
968, 2354, 2355, 2353, 2358, 2355, 2354, 2354, 2356, 
969, 2354, 2355, 2353, 2356, 2355, 2355, 2354, 2356, 
970, 2354, 2355, 2353, 2356, 2356, 2355, 2356, 2355, 
971, 2354, 2355, 2353, 2356, 2355, 2356, 2356, 2355, 
972, 2354, 2356, 2353, 2356, 2356, 2358, 2356, 2355, 
973, 2355, 2356, 2353, 2357, 2356, 2358, 2356, 2355, 
974, 2355, 2356, 2353, 2357, 2356, 2358, 2358, 2355, 
975, 2355, 2356, 2355, 2358, 2357, 2358, 2358, 2355, 
976, 2355, 2356, 2357, 2357, 2357, 2358, 2358, 2357, 
977, 2358, 2356, 2355, 2358, 2357, 2358, 2358, 2357, 
978, 2358, 2356, 2355, 2357, 2358, 2358, 2358, 2356, 
979, 2357, 2358, 2357, 2357, 2358, 2357, 2359, 2357, 
980, 2357, 2358, 2356, 2357, 2357, 2357, 2359, 2358, 
981, 2358, 2359, 2356, 2358, 2357, 2358, 2358, 2358, 
982, 2357, 2359, 2356, 2358, 2357, 2357, 2358, 2358, 
983, 2357, 2359, 2357, 2358, 2357, 2357, 2358, 2358, 
984, 2357, 2359, 2358, 2358, 2358, 2358, 2359, 2359, 
985, 2357, 2360, 2358, 2359, 2358, 2358, 2359, 2359, 
986, 2358, 2361, 2358, 2359, 2358, 2358, 2359, 2359, 
987, 2360, 2358, 2359, 2359, 2357, 2357, 2360, 2359, 
988, 2360, 2358, 2360, 2360, 2357, 2357, 2360, 2359, 
989, 2360, 2358, 2360, 2360, 2359, 2358, 2361, 2359, 
990, 2361, 2358, 2359, 2361, 2359, 2360, 2360, 2360, 
991, 2360, 2359, 2360, 2360, 2359, 2360, 2360, 2361, 
992, 2360, 2359, 2360, 2361, 2360, 2360, 2360, 2361, 
993, 2360, 2359, 2360, 2361, 2362, 2360, 2360, 2361, 
994, 2360, 2359, 2361, 2361, 2360, 2360, 2360, 2361, 
995, 2360, 2359, 2361, 2362, 2362, 2363, 2363, 2361, 
996, 2360, 2361, 2364, 2362, 2362, 2363, 2363, 2362, 
997, 2362, 2361, 2365, 2361, 2362, 2364, 2364, 2361, 
998, 2362, 2362, 2365, 2362, 2362, 2365, 2364, 2361, 
999, 2362, 2361, 2365, 2363, 2361, 2364, 2364, 2361, 
1000, 2362, 2361, 2365, 2364, 2363, 2365, 2364, 2361, 
1001, 2364, 2363, 2365, 2363, 2364, 2365, 2364, 2362, 
1002, 2366, 2363, 2365, 2363, 2366, 2365, 2364, 2365, 
1003, 2366, 2363, 2365, 2364, 2366, 2366, 2365, 2366, 
1004, 2366, 2363, 2366, 2364, 2366, 2365, 2366, 2366, 
1005, 2367, 2363, 2366, 2367, 2367, 2365, 2367, 2366, 
1006, 2368, 2365, 2366, 2367, 2366, 2366, 2367, 2366, 
1007, 2368, 2366, 2369, 2367, 2365, 2366, 2366, 2367, 
1008, 2368, 2368, 2369, 2367, 2365, 2367, 2366, 2367, 
1009, 2368, 2369, 2370, 2367, 2367, 2367, 2367, 2366, 
1010, 2368, 2372, 2370, 2368, 2369, 2369, 2367, 2366, 
1011, 2369, 2372, 2369, 2367, 2369, 2369, 2367, 2368, 
1012, 2369, 2372, 2369, 2368, 2368, 2369, 2367, 2371, 
1013, 2369, 2372, 2369, 2368, 2369, 2370, 2366, 2369, 
1014, 2369, 2373, 2369, 2369, 2368, 2370, 2368, 2369, 
1015, 2369, 2372, 2370, 2369, 2369, 2370, 2368, 2368, 
1016, 2371, 2372, 2370, 2370, 2369, 2370, 2371, 2369, 
1017, 2370, 2372, 2370, 2370, 2370, 2370, 2371, 2369, 
1018, 2372, 2371, 2370, 2370, 2371, 2370, 2371, 2369, 
1019, 2372, 2372, 2370, 2370, 2372, 2370, 2369, 2368, 
1020, 2371, 2373, 2369, 2371, 2372, 2371, 2370, 2370, 
1021, 2372, 2373, 2369, 2369, 2372, 2370, 2370, 2368, 
1022, 2371, 2372, 2372, 2370, 2373, 2371, 2371, 2369, 
1023, 2371, 2371, 2372, 2370, 2373, 2371, 2370, 2370, 
1024, 2372, 2371, 2372, 2370, 2373, 2372, 2370, 2371, 
1025, 2371, 2371, 2372, 2370, 2374, 2373, 2370, 2369, 
1026, 2371, 2372, 2372, 2371, 2374, 2373, 2371, 2369, 
1027, 2372, 2372, 2373, 2372, 2375, 2373, 2371, 2371, 
1028, 2373, 2372, 2374, 2372, 2375, 2374, 2373, 2371, 
1029, 2374, 2372, 2374, 2373, 2374, 2374, 2373, 2371, 
1030, 2374, 2372, 2374, 2373, 2375, 2376, 2373, 2371, 
1031, 2374, 2372, 2374, 2373, 2374, 2377, 2373, 2374, 
1032, 2375, 2372, 2374, 2373, 2373, 2377, 2374, 2373, 
1033, 2376, 2377, 2374, 2374, 2374, 2377, 2374, 2376, 
1034, 2375, 2376, 2374, 2373, 2374, 2377, 2376, 2376, 
1035, 2375, 2377, 2374, 2375, 2373, 2378, 2375, 2375, 
1036, 2378, 2378, 2375, 2374, 2374, 2378, 2376, 2376, 
1037, 2380, 2378, 2374, 2377, 2373, 2378, 2375, 2378, 
1038, 2377, 2378, 2375, 2376, 2373, 2378, 2376, 2378, 
1039, 2377, 2378, 2375, 2376, 2372, 2378, 2376, 2377, 
1040, 2380, 2378, 2375, 2377, 2376, 2378, 2376, 2378, 
1041, 2380, 2378, 2376, 2380, 2377, 2379, 2378, 2378, 
1042, 2378, 2378, 2377, 2379, 2376, 2379, 2379, 2378, 
1043, 2379, 2378, 2377, 2378, 2379, 2378, 2379, 2378, 
1044, 2380, 2377, 2378, 2378, 2377, 2377, 2379, 2378, 
1045, 2379, 2378, 2377, 2378, 2377, 2379, 2379, 2378, 
1046, 2379, 2378, 2377, 2380, 2378, 2378, 2379, 2380, 
1047, 2379, 2379, 2376, 2382, 2378, 2378, 2380, 2380, 
1048, 2380, 2380, 2376, 2380, 2378, 2378, 2380, 2382, 
1049, 2380, 2381, 2376, 2382, 2378, 2379, 2380, 2382, 
1050, 2380, 2381, 2376, 2384, 2379, 2379, 2379, 2381, 
1051, 2381, 2381, 2377, 2383, 2378, 2379, 2379, 2381, 
1052, 2381, 2382, 2378, 2383, 2379, 2380, 2379, 2381, 
1053, 2381, 2383, 2379, 2383, 2379, 2380, 2381, 2382, 
1054, 2384, 2384, 2381, 2383, 2379, 2382, 2381, 2383, 
1055, 2385, 2385, 2383, 2383, 2379, 2382, 2381, 2383, 
1056, 2385, 2387, 2382, 2382, 2380, 2383, 2382, 2382, 
1057, 2385, 2387, 2384, 2382, 2379, 2383, 2382, 2383, 
1058, 2385, 2387, 2384, 2385, 2379, 2382, 2381, 2383, 
1059, 2385, 2387, 2383, 2387, 2379, 2382, 2382, 2382, 
1060, 2385, 2387, 2383, 2385, 2387, 2382, 2383, 2383, 
1061, 2386, 2387, 2384, 2385, 2383, 2383, 2382, 2383, 
1062, 2388, 2388, 2384, 2386, 2383, 2384, 2384, 2383, 
1063, 2388, 2388, 2384, 2388, 2383, 2385, 2385, 2383, 
1064, 2387, 2388, 2385, 2387, 2388, 2386, 2384, 2383, 
1065, 2388, 2389, 2385, 2387, 2385, 2386, 2385, 2384, 
1066, 2387, 2389, 2385, 2387, 2386, 2387, 2385, 2388, 
1067, 2387, 2389, 2385, 2388, 2385, 2388, 2386, 2387, 
1068, 2390, 2389, 2385, 2388, 2388, 2386, 2387, 2387, 
1069, 2388, 2389, 2385, 2388, 2388, 2387, 2387, 2386, 
1070, 2390, 2389, 2386, 2388, 2388, 2388, 2387, 2386, 
1071, 2389, 2389, 2386, 2388, 2389, 2388, 2389, 2387, 
1072, 2389, 2389, 2385, 2388, 2389, 2388, 2388, 2389, 
1073, 2390, 2389, 2385, 2388, 2388, 2388, 2388, 2386, 
1074, 2390, 2389, 2385, 2389, 2388, 2389, 2389, 2389, 
1075, 2390, 2388, 2385, 2389, 2389, 2389, 2391, 2390, 
1076, 2390, 2389, 2389, 2389, 2388, 2389, 2391, 2390, 
1077, 2391, 2388, 2390, 2390, 2389, 2390, 2391, 2389, 
1078, 2391, 2388, 2390, 2390, 2389, 2394, 2392, 2389, 
1079, 2391, 2388, 2389, 2390, 2388, 2394, 2392, 2389, 
1080, 2392, 2391, 2389, 2392, 2389, 2394, 2392, 2388, 
1081, 2392, 2391, 2390, 2392, 2389, 2394, 2393, 2390, 
1082, 2391, 2391, 2390, 2394, 2390, 2394, 2392, 2390, 
1083, 2393, 2391, 2390, 2392, 2391, 2394, 2392, 2393, 
1084, 2392, 2392, 2393, 2392, 2392, 2394, 2392, 2392, 
1085, 2395, 2392, 2392, 2392, 2390, 2394, 2393, 2393, 
1086, 2394, 2392, 2394, 2392, 2390, 2394, 2392, 2393, 
1087, 2395, 2392, 2394, 2393, 2391, 2394, 2394, 2394, 
1088, 2395, 2393, 2394, 2393, 2393, 2394, 2394, 2394, 
1089, 2395, 2392, 2394, 2393, 2393, 2394, 2393, 2394, 
1090, 2395, 2392, 2395, 2393, 2394, 2393, 2392, 2394, 
1091, 2395, 2392, 2395, 2394, 2394, 2394, 2394, 2395, 
1092, 2395, 2392, 2395, 2394, 2394, 2393, 2394, 2394, 
1093, 2395, 2392, 2395, 2393, 2394, 2394, 2394, 2395, 
1094, 2396, 2392, 2395, 2393, 2394, 2395, 2396, 2395, 
1095, 2395, 2395, 2395, 2394, 2394, 2395, 2395, 2395, 
1096, 2395, 2395, 2395, 2393, 2394, 2395, 2395, 2396, 
1097, 2395, 2396, 2395, 2395, 2395, 2395, 2396, 2396, 
1098, 2395, 2396, 2396, 2396, 2395, 2395, 2396, 2396, 
1099, 2396, 2394, 2397, 2395, 2395, 2395, 2397, 2396, 
1100, 2396, 2395, 2395, 2396, 2396, 2395, 2396, 2396, 
1101, 2396, 2397, 2396, 2396, 2396, 2396, 2396, 2397, 
1102, 2396, 2395, 2395, 2395, 2396, 2395, 2397, 2396, 
1103, 2396, 2396, 2396, 2396, 2396, 2395, 2397, 2397, 
1104, 2395, 2396, 2396, 2396, 2395, 2395, 2398, 2396, 
1105, 2396, 2396, 2397, 2397, 2396, 2396, 2398, 2396, 
1106, 2396, 2396, 2398, 2398, 2396, 2396, 2398, 2397, 
1107, 2396, 2396, 2398, 2397, 2396, 2396, 2399, 2398, 
1108, 2395, 2396, 2397, 2397, 2396, 2397, 2399, 2399, 
1109, 2398, 2397, 2398, 2396, 2396, 2397, 2399, 2398, 
1110, 2400, 2397, 2401, 2396, 2396, 2396, 2400, 2398, 
1111, 2401, 2397, 2400, 2399, 2399, 2396, 2400, 2398, 
1112, 2400, 2398, 2401, 2397, 2397, 2397, 2400, 2398, 
1113, 2401, 2398, 2400, 2397, 2398, 2396, 2399, 2397, 
1114, 2401, 2397, 2399, 2397, 2399, 2396, 2399, 2398, 
1115, 2401, 2400, 2401, 2398, 2401, 2396, 2400, 2399, 
1116, 2402, 2397, 2400, 2399, 2401, 2397, 2399, 2400, 
1117, 2401, 2397, 2401, 2399, 2401, 2398, 2399, 2400, 
1118, 2402, 2397, 2401, 2399, 2402, 2399, 2400, 2400, 
1119, 2402, 2397, 2401, 2399, 2402, 2400, 2400, 2401, 
1120, 2403, 2400, 2401, 2399, 2403, 2400, 2400, 2401, 
1121, 2403, 2401, 2401, 2400, 2404, 2400, 2401, 2401, 
1122, 2404, 2401, 2402, 2401, 2404, 2399, 2402, 2401, 
1123, 2405, 2401, 2402, 2402, 2404, 2402, 2401, 2401, 
1124, 2405, 2401, 2403, 2402, 2403, 2405, 2402, 2402, 
1125, 2405, 2402, 2403, 2402, 2403, 2402, 2402, 2402, 
1126, 2405, 2402, 2403, 2403, 2403, 2401, 2401, 2403, 
1127, 2405, 2403, 2403, 2403, 2404, 2403, 2401, 2402, 
1128, 2404, 2402, 2403, 2403, 2404, 2402, 2401, 2402, 
1129, 2404, 2402, 2403, 2404, 2404, 2402, 2401, 2402, 
1130, 2405, 2402, 2403, 2405, 2403, 2402, 2402, 2402, 
1131, 2405, 2402, 2403, 2404, 2403, 2403, 2402, 2403, 
1132, 2405, 2402, 2403, 2404, 2403, 2404, 2402, 2404, 
1133, 2404, 2403, 2403, 2404, 2403, 2404, 2402, 2404, 
1134, 2404, 2402, 2403, 2404, 2404, 2403, 2402, 2404, 
1135, 2405, 2403, 2404, 2404, 2405, 2404, 2401, 2404, 
1136, 2404, 2402, 2403, 2404, 2407, 2404, 2401, 2404, 
1137, 2403, 2402, 2403, 2405, 2406, 2404, 2402, 2404, 
1138, 2404, 2406, 2404, 2405, 2406, 2403, 2402, 2405, 
1139, 2404, 2407, 2404, 2405, 2406, 2405, 2402, 2406, 
1140, 2403, 2406, 2405, 2404, 2407, 2406, 2403, 2406, 
1141, 2403, 2406, 2405, 2405, 2407, 2405, 2403, 2406, 
1142, 2404, 2405, 2405, 2406, 2407, 2407, 2403, 2406, 
1143, 2404, 2407, 2406, 2406, 2406, 2407, 2402, 2406, 
1144, 2404, 2406, 2406, 2406, 2406, 2406, 2405, 2406, 
1145, 2406, 2406, 2405, 2406, 2405, 2406, 2405, 2406, 
1146, 2406, 2406, 2405, 2406, 2406, 2407, 2405, 2406, 
1147, 2406, 2406, 2406, 2406, 2406, 2408, 2405, 2406, 
1148, 2406, 2407, 2407, 2407, 2406, 2406, 2406, 2407, 
1149, 2407, 2408, 2406, 2407, 2408, 2406, 2406, 2407, 
1150, 2406, 2407, 2407, 2407, 2408, 2406, 2406, 2407, 
1151, 2407, 2408, 2406, 2407, 2408, 2405, 2406, 2407, 
1152, 2406, 2408, 2406, 2406, 2409, 2405, 2406, 2406, 
1153, 2406, 2409, 2407, 2406, 2409, 2407, 2407, 2407, 
1154, 2406, 2410, 2407, 2406, 2409, 2407, 2408, 2407, 
1155, 2409, 2411, 2408, 2407, 2409, 2407, 2409, 2408, 
1156, 2408, 2412, 2408, 2407, 2409, 2409, 2409, 2408, 
1157, 2408, 2412, 2408, 2408, 2409, 2407, 2410, 2408, 
1158, 2408, 2412, 2408, 2407, 2409, 2408, 2409, 2408, 
1159, 2408, 2412, 2407, 2407, 2409, 2411, 2409, 2409, 
1160, 2409, 2411, 2407, 2407, 2409, 2411, 2409, 2409, 
1161, 2409, 2411, 2410, 2408, 2409, 2411, 2411, 2408, 
1162, 2409, 2412, 2410, 2409, 2408, 2412, 2411, 2408, 
1163, 2409, 2411, 2410, 2408, 2409, 2411, 2411, 2409, 
1164, 2410, 2411, 2410, 2408, 2408, 2411, 2410, 2408, 
1165, 2410, 2412, 2411, 2410, 2409, 2412, 2412, 2409, 
1166, 2410, 2413, 2411, 2410, 2409, 2412, 2412, 2408, 
1167, 2410, 2413, 2411, 2410, 2411, 2412, 2412, 2412, 
1168, 2412, 2412, 2412, 2411, 2411, 2411, 2412, 2412, 
1169, 2412, 2412, 2412, 2410, 2411, 2411, 2412, 2412, 
1170, 2412, 2413, 2412, 2411, 2411, 2412, 2412, 2412, 
1171, 2412, 2413, 2412, 2411, 2413, 2412, 2412, 2412, 
1172, 2412, 2413, 2412, 2412, 2413, 2413, 2412, 2413, 
1173, 2413, 2414, 2412, 2411, 2413, 2413, 2413, 2413, 
1174, 2413, 2414, 2413, 2412, 2413, 2413, 2413, 2414, 
1175, 2414, 2414, 2413, 2412, 2412, 2412, 2412, 2413, 
1176, 2414, 2414, 2413, 2413, 2413, 2414, 2412, 2413, 
1177, 2415, 2415, 2413, 2412, 2413, 2412, 2412, 2413, 
1178, 2414, 2415, 2413, 2414, 2412, 2412, 2412, 2414, 
1179, 2413, 2415, 2413, 2413, 2411, 2411, 2414, 2414, 
1180, 2413, 2414, 2414, 2414, 2411, 2414, 2414, 2414, 
1181, 2413, 2414, 2414, 2413, 2411, 2415, 2414, 2414, 
1182, 2413, 2415, 2414, 2415, 2410, 2414, 2414, 2414, 
1183, 2413, 2415, 2414, 2415, 2412, 2414, 2414, 2415, 
1184, 2414, 2415, 2414, 2416, 2414, 2414, 2414, 2413, 
1185, 2414, 2415, 2414, 2416, 2414, 2414, 2414, 2414, 
1186, 2415, 2416, 2414, 2416, 2414, 2415, 2414, 2414, 
1187, 2415, 2415, 2414, 2415, 2414, 2415, 2415, 2415, 
1188, 2415, 2415, 2414, 2415, 2415, 2416, 2415, 2415, 
1189, 2415, 2414, 2414, 2415, 2416, 2415, 2416, 2415, 
1190, 2415, 2414, 2414, 2415, 2416, 2416, 2416, 2414, 
1191, 2415, 2414, 2415, 2415, 2415, 2416, 2416, 2415, 
1192, 2414, 2414, 2414, 2415, 2416, 2416, 2416, 2414, 
1193, 2415, 2414, 2414, 2415, 2416, 2416, 2416, 2414, 
1194, 2414, 2414, 2414, 2415, 2416, 2416, 2416, 2414, 
1195, 2415, 2415, 2414, 2415, 2416, 2416, 2417, 2415, 
1196, 2416, 2414, 2414, 2415, 2416, 2416, 2417, 2415, 
1197, 2417, 2415, 2414, 2415, 2416, 2416, 2418, 2415, 
1198, 2415, 2414, 2414, 2415, 2416, 2416, 2418, 2415, 
1199, 2414, 2415, 2415, 2416, 2416, 2416, 2418, 2416, 
1200, 2414, 2415, 2415, 2419, 2415, 2416, 2419, 2417, 
1201, 2414, 2417, 2415, 2417, 2415, 2417, 2419, 2416, 
1202, 2415, 2416, 2416, 2417, 2416, 2418, 2419, 2416, 
1203, 2415, 2417, 2417, 2419, 2416, 2418, 2419, 2416, 
1204, 2415, 2417, 2417, 2419, 2415, 2419, 2418, 2417, 
1205, 2419, 2417, 2417, 2419, 2417, 2418, 2418, 2417, 
1206, 2420, 2416, 2418, 2418, 2417, 2419, 2419, 2417, 
1207, 2419, 2417, 2418, 2420, 2417, 2419, 2420, 2417, 
1208, 2419, 2417, 2417, 2420, 2417, 2420, 2419, 2419, 
1209, 2419, 2417, 2418, 2420, 2418, 2419, 2419, 2419, 
1210, 2421, 2418, 2417, 2421, 2419, 2420, 2420, 2419, 
1211, 2421, 2418, 2418, 2420, 2419, 2419, 2419, 2418, 
1212, 2422, 2418, 2420, 2421, 2419, 2420, 2419, 2418, 
1213, 2422, 2418, 2420, 2421, 2419, 2420, 2419, 2418, 
1214, 2422, 2417, 2420, 2421, 2419, 2420, 2420, 2421, 
1215, 2422, 2418, 2420, 2421, 2419, 2420, 2420, 2422, 
1216, 2422, 2419, 2421, 2420, 2419, 2420, 2420, 2420, 
1217, 2422, 2420, 2421, 2420, 2419, 2420, 2420, 2421, 
1218, 2421, 2422, 2420, 2420, 2419, 2422, 2420, 2419, 
1219, 2422, 2421, 2420, 2420, 2419, 2421, 2419, 2420, 
1220, 2422, 2422, 2421, 2421, 2419, 2420, 2420, 2421, 
1221, 2422, 2423, 2421, 2421, 2420, 2421, 2420, 2421, 
1222, 2422, 2423, 2421, 2421, 2420, 2420, 2419, 2421, 
1223, 2422, 2423, 2420, 2421, 2420, 2420, 2422, 2421, 
1224, 2422, 2424, 2421, 2421, 2421, 2421, 2422, 2422, 
1225, 2422, 2424, 2422, 2422, 2423, 2421, 2422, 2421, 
1226, 2422, 2424, 2422, 2423, 2423, 2421, 2422, 2421, 
1227, 2422, 2423, 2423, 2423, 2422, 2421, 2423, 2421, 
1228, 2422, 2423, 2422, 2423, 2423, 2422, 2421, 2421, 
1229, 2422, 2424, 2423, 2423, 2424, 2422, 2423, 2422, 
1230, 2422, 2424, 2422, 2424, 2424, 2422, 2424, 2423, 
1231, 2422, 2424, 2424, 2424, 2424, 2424, 2424, 2423, 
1232, 2423, 2423, 2424, 2424, 2424, 2424, 2424, 2424, 
1233, 2422, 2423, 2425, 2424, 2424, 2424, 2424, 2424, 
1234, 2422, 2423, 2424, 2425, 2424, 2424, 2424, 2424, 
1235, 2422, 2423, 2425, 2425, 2424, 2424, 2424, 2423, 
1236, 2423, 2423, 2425, 2426, 2423, 2424, 2423, 2424, 
1237, 2423, 2423, 2425, 2426, 2427, 2424, 2424, 2425, 
1238, 2424, 2425, 2424, 2426, 2426, 2425, 2424, 2425, 
1239, 2425, 2424, 2424, 2426, 2426, 2425, 2424, 2424, 
1240, 2424, 2423, 2426, 2426, 2425, 2425, 2423, 2424, 
1241, 2425, 2424, 2426, 2427, 2424, 2425, 2425, 2425, 
1242, 2423, 2423, 2426, 2426, 2425, 2426, 2426, 2424, 
1243, 2423, 2424, 2425, 2427, 2426, 2424, 2425, 2425, 
1244, 2425, 2424, 2424, 2426, 2426, 2425, 2425, 2424, 
1245, 2425, 2425, 2425, 2427, 2427, 2425, 2426, 2424, 
1246, 2426, 2424, 2425, 2427, 2426, 2425, 2426, 2425, 
1247, 2426, 2424, 2425, 2427, 2426, 2424, 2426, 2425, 
1248, 2425, 2426, 2425, 2426, 2426, 2425, 2426, 2426, 
1249, 2425, 2426, 2425, 2427, 2425, 2424, 2426, 2427, 
1250, 2425, 2426, 2425, 2426, 2425, 2424, 2426, 2427, 
1251, 2425, 2426, 2428, 2426, 2426, 2425, 2426, 2428, 
1252, 2426, 2426, 2426, 2428, 2427, 2425, 2426, 2428, 
1253, 2426, 2426, 2426, 2427, 2427, 2425, 2426, 2428, 
1254, 2425, 2427, 2427, 2428, 2428, 2425, 2426, 2428, 
1255, 2427, 2429, 2427, 2426, 2427, 2425, 2428, 2428, 
1256, 2426, 2429, 2427, 2427, 2427, 2425, 2429, 2428, 
1257, 2426, 2429, 2427, 2427, 2428, 2425, 2429, 2428, 
1258, 2426, 2429, 2428, 2427, 2429, 2427, 2429, 2428, 
1259, 2428, 2430, 2428, 2428, 2430, 2430, 2430, 2429, 
1260, 2428, 2430, 2428, 2428, 2430, 2430, 2429, 2428, 
1261, 2428, 2430, 2431, 2428, 2429, 2429, 2429, 2427, 
1262, 2428, 2431, 2430, 2428, 2429, 2430, 2430, 2429, 
1263, 2428, 2432, 2431, 2429, 2429, 2430, 2431, 2430, 
1264, 2427, 2432, 2431, 2430, 2430, 2430, 2431, 2430, 
1265, 2428, 2432, 2431, 2430, 2429, 2430, 2432, 2430, 
1266, 2428, 2432, 2431, 2430, 2429, 2429, 2433, 2431, 
1267, 2428, 2432, 2431, 2430, 2430, 2430, 2433, 2431, 
1268, 2429, 2432, 2431, 2430, 2430, 2429, 2432, 2431, 
1269, 2428, 2432, 2432, 2431, 2430, 2429, 2432, 2431, 
1270, 2429, 2432, 2432, 2431, 2431, 2431, 2432, 2431, 
1271, 2428, 2432, 2432, 2431, 2431, 2431, 2432, 2431, 
1272, 2429, 2433, 2432, 2431, 2432, 2431, 2432, 2431, 
1273, 2429, 2433, 2432, 2431, 2432, 2432, 2432, 2432, 
1274, 2430, 2433, 2432, 2431, 2432, 2432, 2432, 2432, 
1275, 2431, 2433, 2432, 2431, 2431, 2432, 2432, 2432, 
1276, 2431, 2433, 2432, 2431, 2431, 2432, 2432, 2432, 
1277, 2431, 2433, 2432, 2432, 2432, 2432, 2432, 2432, 
1278, 2431, 2432, 2433, 2432, 2431, 2432, 2432, 2432, 
1279, 2431, 2432, 2433, 2434, 2432, 2432, 2432, 2432, 
1280, 2431, 2432, 2432, 2433, 2432, 2432, 2432, 2432, 
1281, 2432, 2433, 2432, 2433, 2432, 2433, 2432, 2432, 
1282, 2432, 2434, 2431, 2433, 2432, 2433, 2433, 2432, 
1283, 2431, 2434, 2431, 2433, 2431, 2432, 2433, 2432, 
1284, 2431, 2434, 2432, 2432, 2432, 2432, 2433, 2433, 
1285, 2432, 2433, 2431, 2432, 2433, 2432, 2432, 2432, 
1286, 2433, 2434, 2431, 2432, 2433, 2432, 2432, 2432, 
1287, 2433, 2434, 2430, 2431, 2433, 2432, 2432, 2433, 
1288, 2432, 2434, 2431, 2431, 2434, 2432, 2432, 2434, 
1289, 2432, 2434, 2432, 2431, 2433, 2432, 2433, 2434, 
1290, 2432, 2434, 2435, 2432, 2434, 2433, 2432, 2434, 
1291, 2432, 2434, 2435, 2432, 2433, 2433, 2432, 2434, 
1292, 2432, 2434, 2436, 2433, 2433, 2433, 2432, 2434, 
1293, 2433, 2434, 2436, 2435, 2433, 2433, 2432, 2433, 
1294, 2433, 2433, 2436, 2436, 2433, 2433, 2432, 2433, 
1295, 2433, 2433, 2436, 2436, 2433, 2433, 2436, 2434, 
1296, 2432, 2433, 2436, 2436, 2436, 2433, 2435, 2434, 
1297, 2432, 2434, 2436, 2436, 2435, 2433, 2435, 2433, 
1298, 2435, 2434, 2436, 2436, 2435, 2433, 2435, 2435, 
1299, 2434, 2434, 2435, 2436, 2435, 2434, 2435, 2435, 
1300, 2435, 2436, 2436, 2436, 2434, 2434, 2434, 2435, 
1301, 2434, 2436, 2434, 2436, 2435, 2436, 2435, 2435, 
1302, 2436, 2437, 2435, 2436, 2435, 2435, 2434, 2434, 
1303, 2436, 2437, 2435, 2436, 2435, 2434, 2434, 2436, 
1304, 2436, 2437, 2435, 2436, 2436, 2435, 2434, 2436, 
1305, 2436, 2437, 2436, 2436, 2436, 2435, 2434, 2436, 
1306, 2436, 2437, 2436, 2436, 2436, 2436, 2436, 2437, 
1307, 2436, 2437, 2435, 2436, 2436, 2436, 2434, 2438, 
1308, 2437, 2437, 2435, 2436, 2437, 2436, 2435, 2438, 
1309, 2437, 2437, 2435, 2436, 2438, 2436, 2435, 2438, 
1310, 2437, 2437, 2436, 2436, 2437, 2436, 2437, 2437, 
1311, 2437, 2438, 2437, 2436, 2436, 2436, 2435, 2437, 
1312, 2437, 2437, 2437, 2436, 2437, 2438, 2437, 2437, 
1313, 2438, 2438, 2437, 2436, 2438, 2438, 2437, 2437, 
1314, 2438, 2438, 2436, 2436, 2438, 2437, 2437, 2437, 
1315, 2438, 2437, 2436, 2436, 2438, 2437, 2437, 2437, 
1316, 2438, 2437, 2436, 2436, 2438, 2438, 2437, 2438, 
1317, 2438, 2437, 2436, 2436, 2438, 2438, 2436, 2438, 
1318, 2439, 2437, 2436, 2436, 2438, 2438, 2438, 2438, 
1319, 2438, 2437, 2436, 2437, 2438, 2438, 2439, 2437, 
1320, 2439, 2437, 2436, 2438, 2438, 2437, 2438, 2438, 
1321, 2438, 2437, 2436, 2439, 2437, 2437, 2438, 2438, 
1322, 2439, 2437, 2436, 2438, 2439, 2436, 2438, 2438, 
1323, 2439, 2437, 2436, 2438, 2439, 2436, 2439, 2438, 
1324, 2439, 2436, 2437, 2438, 2440, 2436, 2439, 2438, 
1325, 2439, 2436, 2436, 2438, 2440, 2437, 2439, 2438, 
1326, 2438, 2437, 2436, 2439, 2439, 2437, 2439, 2437, 
1327, 2438, 2437, 2436, 2438, 2439, 2437, 2439, 2439, 
1328, 2438, 2437, 2436, 2439, 2440, 2437, 2438, 2439, 
1329, 2438, 2438, 2435, 2438, 2440, 2437, 2439, 2439, 
1330, 2439, 2438, 2437, 2440, 2440, 2437, 2440, 2439, 
1331, 2439, 2439, 2438, 2440, 2440, 2437, 2440, 2439, 
1332, 2438, 2438, 2438, 2439, 2440, 2440, 2440, 2439, 
1333, 2438, 2438, 2438, 2439, 2440, 2440, 2439, 2440, 
1334, 2438, 2438, 2438, 2439, 2440, 2440, 2439, 2440, 
1335, 2439, 2440, 2439, 2438, 2440, 2440, 2440, 2439, 
1336, 2439, 2440, 2439, 2439, 2440, 2440, 2440, 2439, 
1337, 2439, 2440, 2439, 2439, 2440, 2439, 2440, 2439, 
1338, 2438, 2440, 2439, 2440, 2440, 2440, 2440, 2439, 
1339, 2438, 2440, 2439, 2438, 2441, 2439, 2439, 2441, 
1340, 2439, 2440, 2439, 2438, 2441, 2440, 2440, 2440, 
1341, 2439, 2440, 2439, 2440, 2441, 2440, 2440, 2440, 
1342, 2439, 2440, 2438, 2440, 2441, 2440, 2440, 2440, 
1343, 2438, 2440, 2438, 2440, 2442, 2440, 2440, 2440, 
1344, 2439, 2440, 2439, 2440, 2442, 2440, 2440, 2440, 
1345, 2440, 2440, 2439, 2441, 2442, 2441, 2440, 2440, 
1346, 2441, 2440, 2439, 2441, 2442, 2441, 2440, 2440, 
1347, 2441, 2441, 2439, 2440, 2442, 2441, 2440, 2440, 
1348, 2440, 2442, 2440, 2440, 2442, 2441, 2440, 2440, 
1349, 2440, 2442, 2441, 2440, 2442, 2441, 2440, 2440, 
1350, 2440, 2442, 2441, 2441, 2442, 2441, 2440, 2440, 
1351, 2441, 2442, 2441, 2441, 2442, 2441, 2440, 2439, 
1352, 2442, 2442, 2442, 2441, 2442, 2441, 2443, 2442, 
1353, 2441, 2442, 2441, 2441, 2441, 2441, 2443, 2443, 
1354, 2442, 2441, 2442, 2442, 2442, 2441, 2443, 2443, 
1355, 2441, 2442, 2442, 2443, 2442, 2440, 2442, 2443, 
1356, 2443, 2443, 2441, 2443, 2442, 2441, 2443, 2443, 
1357, 2442, 2443, 2443, 2442, 2441, 2442, 2443, 2443, 
1358, 2441, 2443, 2441, 2442, 2442, 2442, 2443, 2443, 
1359, 2442, 2443, 2442, 2442, 2441, 2441, 2443, 2443, 
1360, 2441, 2443, 2442, 2442, 2442, 2442, 2443, 2443, 
1361, 2441, 2443, 2441, 2442, 2442, 2443, 2443, 2441, 
1362, 2443, 2443, 2441, 2442, 2441, 2443, 2443, 2441, 
1363, 2443, 2443, 2442, 2441, 2440, 2443, 2442, 2441, 
1364, 2443, 2442, 2443, 2441, 2441, 2443, 2443, 2442, 
1365, 2443, 2442, 2443, 2441, 2441, 2442, 2443, 2442, 
1366, 2443, 2442, 2443, 2441, 2440, 2442, 2442, 2442, 
1367, 2443, 2441, 2442, 2443, 2441, 2443, 2443, 2442, 
1368, 2443, 2442, 2443, 2441, 2440, 2443, 2443, 2442, 
1369, 2443, 2442, 2443, 2442, 2440, 2443, 2443, 2442, 
1370, 2443, 2442, 2443, 2442, 2440, 2442, 2443, 2442, 
1371, 2443, 2442, 2443, 2443, 2440, 2442, 2443, 2442, 
1372, 2443, 2443, 2443, 2442, 2443, 2443, 2442, 2442, 
1373, 2443, 2443, 2443, 2442, 2442, 2443, 2442, 2442, 
1374, 2443, 2443, 2443, 2442, 2442, 2443, 2442, 2442, 
1375, 2443, 2443, 2443, 2443, 2442, 2443, 2442, 2442, 
1376, 2443, 2443, 2443, 2442, 2442, 2443, 2442, 2442, 
1377, 2443, 2443, 2443, 2443, 2443, 2443, 2442, 2442, 
1378, 2443, 2443, 2443, 2442, 2442, 2443, 2442, 2442, 
1379, 2443, 2443, 2443, 2442, 2442, 2442, 2441, 2441, 
1380, 2443, 2443, 2443, 2443, 2442, 2442, 2442, 2442, 
1381, 2442, 2443, 2443, 2443, 2442, 2442, 2442, 2443, 
1382, 2442, 2443, 2443, 2442, 2442, 2443, 2443, 2443, 
1383, 2442, 2443, 2443, 2442, 2442, 2443, 2442, 2443, 
1384, 2442, 2443, 2443, 2442, 2442, 2443, 2442, 2443, 
1385, 2442, 2443, 2442, 2442, 2442, 2443, 2442, 2443, 
1386, 2442, 2443, 2443, 2442, 2442, 2444, 2442, 2443, 
1387, 2442, 2443, 2443, 2441, 2442, 2444, 2443, 2443, 
1388, 2442, 2443, 2443, 2444, 2442, 2444, 2443, 2442, 
1389, 2442, 2443, 2443, 2443, 2442, 2444, 2442, 2442, 
1390, 2442, 2443, 2442, 2443, 2442, 2444, 2442, 2442, 
1391, 2442, 2443, 2442, 2443, 2442, 2444, 2443, 2443, 
1392, 2442, 2443, 2443, 2443, 2442, 2444, 2444, 2443, 
1393, 2441, 2443, 2442, 2443, 2442, 2444, 2444, 2442, 
1394, 2442, 2443, 2443, 2444, 2443, 2443, 2444, 2442, 
1395, 2443, 2444, 2443, 2444, 2443, 2443, 2443, 2442, 
1396, 2443, 2443, 2443, 2444, 2443, 2443, 2443, 2442, 
1397, 2442, 2443, 2443, 2444, 2443, 2443, 2443, 2442, 
1398, 2443, 2444, 2443, 2444, 2443, 2443, 2444, 2442, 
1399, 2443, 2444, 2443, 2444, 2443, 2444, 2444, 2442, 
1400, 2443, 2444, 2443, 2444, 2443, 2444, 2444, 2443, 
1401, 2443, 2444, 2443, 2444, 2442, 2444, 2444, 2443, 
1402, 2443, 2444, 2443, 2444, 2443, 2443, 2444, 2443, 
1403, 2443, 2444, 2443, 2443, 2443, 2444, 2443, 2443, 
1404, 2443, 2444, 2444, 2444, 2443, 2443, 2443, 2443, 
1405, 2443, 2444, 2444, 2444, 2443, 2444, 2443, 2443, 
1406, 2443, 2443, 2444, 2443, 2443, 2444, 2444, 2444, 
1407, 2443, 2443, 2443, 2443, 2443, 2444, 2444, 2444, 
1408, 2443, 2443, 2443, 2443, 2443, 2444, 2444, 2444, 
1409, 2443, 2443, 2442, 2443, 2443, 2443, 2443, 2444, 
1410, 2442, 2443, 2443, 2443, 2443, 2443, 2443, 2444, 
1411, 2442, 2444, 2443, 2444, 2444, 2443, 2443, 2444, 
1412, 2443, 2443, 2443, 2444, 2444, 2443, 2444, 2444, 
1413, 2443, 2443, 2443, 2444, 2443, 2442, 2443, 2445, 
1414, 2443, 2443, 2443, 2444, 2444, 2443, 2444, 2445, 
1415, 2444, 2444, 2444, 2444, 2445, 2445, 2444, 2445, 
1416, 2444, 2444, 2444, 2444, 2443, 2444, 2444, 2445, 
1417, 2444, 2445, 2444, 2444, 2444, 2444, 2443, 2445, 
1418, 2445, 2444, 2444, 2444, 2443, 2444, 2444, 2445, 
1419, 2445, 2445, 2444, 2444, 2444, 2444, 2444, 2445, 
1420, 2445, 2445, 2443, 2444, 2444, 2444, 2445, 2445, 
1421, 2445, 2445, 2446, 2444, 2445, 2444, 2444, 2445, 
1422, 2445, 2445, 2443, 2444, 2445, 2444, 2444, 2444, 
1423, 2445, 2446, 2443, 2444, 2444, 2444, 2445, 2444, 
1424, 2444, 2446, 2442, 2443, 2444, 2444, 2445, 2444, 
1425, 2444, 2446, 2442, 2444, 2445, 2444, 2445, 2445, 
1426, 2445, 2446, 2442, 2444, 2445, 2444, 2444, 2444, 
1427, 2445, 2446, 2442, 2445, 2445, 2444, 2445, 2444, 
1428, 2445, 2446, 2442, 2444, 2445, 2444, 2447, 2444, 
1429, 2445, 2446, 2443, 2444, 2445, 2444, 2446, 2445, 
1430, 2445, 2446, 2443, 2444, 2445, 2445, 2446, 2444, 
1431, 2445, 2446, 2444, 2446, 2445, 2445, 2446, 2444, 
1432, 2445, 2446, 2444, 2445, 2445, 2446, 2446, 2444, 
1433, 2445, 2446, 2445, 2445, 2445, 2445, 2446, 2444, 
1434, 2445, 2445, 2445, 2444, 2446, 2445, 2446, 2445, 
1435, 2445, 2445, 2444, 2444, 2446, 2446, 2447, 2444, 
1436, 2445, 2445, 2445, 2445, 2445, 2446, 2447, 2444, 
1437, 2445, 2445, 2446, 2444, 2445, 2446, 2446, 2444, 
1438, 2445, 2445, 2446, 2443, 2445, 2446, 2447, 2443, 
1439, 2446, 2445, 2446, 2445, 2446, 2446, 2446, 2443, 
1440, 2445, 2445, 2445, 2445, 2446, 2446, 2445, 2444, 
1441, 2446, 2445, 2446, 2445, 2446, 2446, 2446, 2445, 
1442, 2445, 2446, 2446, 2446, 2446, 2446, 2447, 2446, 
1443, 2446, 2445, 2446, 2445, 2446, 2446, 2446, 2446, 
1444, 2446, 2445, 2446, 2446, 2446, 2446, 2447, 2445, 
1445, 2445, 2445, 2446, 2446, 2447, 2445, 2447, 2446, 
1446, 2445, 2445, 2446, 2446, 2447, 2445, 2447, 2446, 
1447, 2446, 2444, 2446, 2446, 2447, 2446, 2446, 2446, 
1448, 2445, 2444, 2446, 2446, 2447, 2446, 2447, 2446, 
1449, 2447, 2445, 2446, 2446, 2446, 2446, 2447, 2446, 
1450, 2447, 2445, 2446, 2446, 2447, 2446, 2447, 2446, 
1451, 2446, 2445, 2447, 2446, 2447, 2445, 2447, 2447, 
1452, 2445, 2445, 2447, 2446, 2447, 2445, 2447, 2447, 
1453, 2447, 2447, 2446, 2446, 2446, 2446, 2447, 2447, 
1454, 2446, 2446, 2447, 2446, 2446, 2446, 2446, 2447, 
1455, 2446, 2446, 2447, 2446, 2445, 2446, 2447, 2447, 
1456, 2446, 2447, 2447, 2446, 2445, 2446, 2447, 2447, 
1457, 2447, 2446, 2447, 2446, 2446, 2446, 2447, 2447, 
1458, 2446, 2445, 2446, 2446, 2446, 2446, 2447, 2447, 
1459, 2446, 2447, 2446, 2445, 2445, 2446, 2447, 2447, 
1460, 2446, 2447, 2446, 2446, 2445, 2446, 2447, 2447, 
1461, 2446, 2447, 2446, 2446, 2446, 2446, 2446, 2447, 
1462, 2447, 2447, 2446, 2446, 2446, 2445, 2446, 2446, 
1463, 2447, 2447, 2446, 2446, 2446, 2446, 2447, 2447, 
1464, 2447, 2447, 2446, 2446, 2446, 2447, 2447, 2447, 
1465, 2447, 2447, 2446, 2445, 2446, 2447, 2447, 2447, 
1466, 2447, 2447, 2446, 2446, 2447, 2446, 2447, 2447, 
1467, 2447, 2447, 2446, 2446, 2446, 2446, 2447, 2446, 
1468, 2446, 2447, 2446, 2447, 2446, 2445, 2447, 2446, 
1469, 2446, 2447, 2447, 2447, 2447, 2445, 2447, 2447, 
1470, 2447, 2447, 2447, 2446, 2446, 2445, 2447, 2447, 
1471, 2446, 2446, 2447, 2447, 2446, 2446, 2447, 2446, 
1472, 2446, 2446, 2448, 2447, 2446, 2446, 2447, 2446, 
