Runtime (microseconds), 1295422
Generation, Fitness Island 0, Fitness Island 1, Fitness Island 2, Fitness Island 3, Fitness Island 4, Fitness Island 5, Fitness Island 6, Fitness Island 7
0, 1282, 1267, 1257, 1267, 1258, 1263, 1267, 1263, 
1, 1274, 1265, 1298, 1285, 1276, 1265, 1280, 1285, 
2, 1287, 1261, 1307, 1281, 1285, 1279, 1290, 1289, 
3, 1292, 1276, 1307, 1279, 1290, 1280, 1310, 1290, 
4, 1296, 1288, 1300, 1299, 1292, 1286, 1311, 1294, 
5, 1301, 1299, 1302, 1311, 1310, 1286, 1312, 1295, 
6, 1303, 1328, 1311, 1308, 1301, 1311, 1312, 1304, 
7, 1306, 1330, 1313, 1322, 1302, 1322, 1313, 1304, 
8, 1307, 1329, 1314, 1332, 1319, 1323, 1313, 1307, 
9, 1312, 1329, 1314, 1327, 1321, 1323, 1314, 1312, 
10, 1316, 1329, 1317, 1345, 1326, 1325, 1321, 1315, 
11, 1345, 1346, 1318, 1345, 1331, 1329, 1332, 1324, 
12, 1345, 1346, 1320, 1350, 1333, 1334, 1335, 1330, 
13, 1348, 1348, 1320, 1368, 1340, 1335, 1340, 1336, 
14, 1356, 1356, 1334, 1368, 1345, 1337, 1340, 1358, 
15, 1362, 1355, 1340, 1370, 1349, 1339, 1339, 1360, 
16, 1365, 1366, 1358, 1372, 1345, 1349, 1358, 1362, 
17, 1365, 1364, 1369, 1373, 1351, 1355, 1366, 1364, 
18, 1371, 1366, 1371, 1377, 1351, 1353, 1365, 1365, 
19, 1375, 1371, 1387, 1374, 1353, 1362, 1377, 1373, 
20, 1377, 1372, 1389, 1375, 1379, 1367, 1382, 1374, 
21, 1380, 1375, 1391, 1378, 1380, 1392, 1385, 1377, 
22, 1380, 1379, 1392, 1380, 1380, 1392, 1387, 1382, 
23, 1379, 1382, 1396, 1382, 1389, 1397, 1387, 1391, 
24, 1383, 1384, 1399, 1390, 1392, 1397, 1388, 1390, 
25, 1392, 1388, 1400, 1384, 1392, 1402, 1389, 1396, 
26, 1393, 1391, 1401, 1404, 1393, 1407, 1390, 1404, 
27, 1403, 1410, 1401, 1404, 1401, 1410, 1391, 1406, 
28, 1405, 1400, 1402, 1407, 1409, 1410, 1416, 1416, 
29, 1405, 1400, 1407, 1406, 1411, 1415, 1415, 1421, 
30, 1407, 1404, 1409, 1410, 1418, 1417, 1416, 1421, 
31, 1411, 1411, 1412, 1414, 1418, 1418, 1418, 1420, 
32, 1412, 1412, 1414, 1414, 1419, 1419, 1419, 1422, 
33, 1414, 1420, 1419, 1414, 1419, 1420, 1420, 1423, 
34, 1419, 1420, 1424, 1415, 1425, 1422, 1421, 1423, 
35, 1418, 1425, 1426, 1416, 1423, 1425, 1421, 1426, 
36, 1419, 1425, 1430, 1422, 1426, 1430, 1423, 1426, 
37, 1429, 1433, 1431, 1421, 1426, 1433, 1426, 1427, 
38, 1426, 1434, 1436, 1429, 1428, 1435, 1423, 1428, 
39, 1431, 1436, 1436, 1431, 1431, 1436, 1425, 1430, 
40, 1431, 1442, 1441, 1438, 1433, 1437, 1427, 1432, 
41, 1436, 1441, 1443, 1439, 1434, 1439, 1427, 1432, 
42, 1440, 1444, 1442, 1439, 1436, 1438, 1427, 1436, 
43, 1447, 1444, 1443, 1443, 1438, 1443, 1428, 1437, 
44, 1449, 1445, 1446, 1442, 1440, 1443, 1442, 1437, 
45, 1452, 1446, 1446, 1446, 1450, 1444, 1445, 1438, 
46, 1452, 1449, 1447, 1451, 1452, 1447, 1444, 1440, 
47, 1456, 1453, 1448, 1458, 1453, 1448, 1447, 1447, 
48, 1456, 1454, 1448, 1459, 1455, 1456, 1448, 1449, 
49, 1458, 1455, 1458, 1458, 1456, 1456, 1456, 1447, 
50, 1458, 1461, 1460, 1461, 1457, 1460, 1458, 1450, 
51, 1460, 1460, 1465, 1463, 1461, 1467, 1460, 1454, 
52, 1464, 1463, 1465, 1464, 1464, 1467, 1462, 1452, 
53, 1464, 1467, 1467, 1466, 1465, 1468, 1463, 1456, 
54, 1465, 1472, 1468, 1468, 1465, 1471, 1466, 1464, 
55, 1468, 1472, 1469, 1470, 1469, 1471, 1469, 1461, 
56, 1477, 1475, 1471, 1471, 1474, 1473, 1471, 1468, 
57, 1477, 1476, 1472, 1478, 1477, 1474, 1477, 1468, 
58, 1479, 1478, 1475, 1478, 1479, 1474, 1477, 1470, 
59, 1477, 1478, 1475, 1479, 1481, 1476, 1479, 1472, 
60, 1479, 1479, 1478, 1479, 1480, 1478, 1482, 1475, 
61, 1481, 1479, 1480, 1480, 1481, 1481, 1482, 1476, 
62, 1483, 1480, 1483, 1481, 1482, 1479, 1484, 1478, 
63, 1484, 1482, 1484, 1484, 1483, 1483, 1489, 1484, 
64, 1483, 1483, 1488, 1484, 1483, 1485, 1490, 1483, 
65, 1485, 1488, 1493, 1484, 1484, 1487, 1490, 1490, 
66, 1486, 1486, 1494, 1488, 1486, 1493, 1491, 1495, 
67, 1493, 1491, 1495, 1491, 1492, 1492, 1491, 1499, 
68, 1495, 1497, 1496, 1492, 1493, 1495, 1492, 1498, 
69, 1494, 1502, 1497, 1496, 1494, 1495, 1494, 1499, 
70, 1495, 1503, 1498, 1497, 1496, 1501, 1496, 1500, 
71, 1497, 1503, 1499, 1497, 1499, 1501, 1499, 1502, 
72, 1499, 1504, 1499, 1500, 1500, 1503, 1499, 1501, 
73, 1503, 1506, 1501, 1502, 1504, 1506, 1503, 1502, 
74, 1503, 1507, 1502, 1502, 1504, 1507, 1505, 1506, 
75, 1504, 1508, 1504, 1504, 1510, 1508, 1505, 1507, 
76, 1508, 1509, 1505, 1510, 1510, 1510, 1507, 1511, 
77, 1509, 1510, 1507, 1511, 1511, 1512, 1511, 1510, 
78, 1510, 1511, 1510, 1515, 1512, 1512, 1512, 1515, 
79, 1512, 1511, 1510, 1516, 1512, 1516, 1513, 1516, 
80, 1514, 1515, 1511, 1516, 1514, 1516, 1515, 1515, 
81, 1512, 1518, 1513, 1518, 1515, 1520, 1518, 1518, 
82, 1515, 1520, 1516, 1518, 1519, 1519, 1525, 1519, 
83, 1517, 1525, 1516, 1519, 1521, 1521, 1525, 1522, 
84, 1519, 1525, 1516, 1523, 1524, 1522, 1525, 1526, 
85, 1524, 1524, 1521, 1525, 1525, 1529, 1525, 1529, 
86, 1529, 1527, 1525, 1528, 1527, 1528, 1527, 1529, 
87, 1530, 1528, 1527, 1527, 1529, 1528, 1528, 1529, 
88, 1531, 1528, 1530, 1527, 1533, 1530, 1530, 1530, 
89, 1536, 1530, 1538, 1529, 1533, 1532, 1530, 1534, 
90, 1535, 1533, 1537, 1531, 1533, 1533, 1534, 1535, 
91, 1537, 1532, 1538, 1531, 1536, 1536, 1535, 1536, 
92, 1539, 1538, 1539, 1532, 1539, 1538, 1536, 1539, 
93, 1540, 1539, 1540, 1531, 1544, 1539, 1537, 1539, 
94, 1541, 1540, 1543, 1533, 1542, 1543, 1537, 1541, 
95, 1543, 1540, 1544, 1542, 1545, 1542, 1538, 1540, 
96, 1545, 1541, 1546, 1543, 1545, 1545, 1538, 1542, 
97, 1547, 1541, 1546, 1544, 1547, 1545, 1539, 1542, 
98, 1551, 1546, 1550, 1546, 1548, 1548, 1544, 1544, 
99, 1552, 1547, 1551, 1546, 1550, 1549, 1545, 1544, 
100, 1553, 1547, 1552, 1549, 1549, 1548, 1551, 1545, 
101, 1553, 1549, 1554, 1552, 1552, 1551, 1555, 1552, 
102, 1555, 1550, 1554, 1555, 1553, 1553, 1555, 1551, 
103, 1555, 1550, 1556, 1555, 1557, 1553, 1555, 1554, 
104, 1557, 1554, 1557, 1558, 1556, 1557, 1556, 1554, 
105, 1559, 1553, 1558, 1560, 1560, 1558, 1557, 1555, 
106, 1559, 1558, 1558, 1562, 1562, 1558, 1558, 1556, 
107, 1561, 1561, 1561, 1562, 1564, 1561, 1560, 1556, 
108, 1565, 1562, 1565, 1565, 1566, 1561, 1560, 1558, 
109, 1567, 1565, 1566, 1564, 1567, 1562, 1562, 1563, 
110, 1567, 1565, 1567, 1567, 1568, 1564, 1563, 1566, 
111, 1568, 1567, 1575, 1568, 1568, 1568, 1563, 1567, 
112, 1568, 1570, 1578, 1569, 1571, 1568, 1566, 1569, 
113, 1576, 1569, 1578, 1570, 1571, 1570, 1567, 1569, 
114, 1577, 1572, 1579, 1572, 1573, 1572, 1571, 1570, 
115, 1576, 1574, 1579, 1572, 1574, 1571, 1574, 1572, 
116, 1578, 1573, 1580, 1574, 1576, 1574, 1578, 1571, 
117, 1580, 1576, 1586, 1575, 1576, 1573, 1580, 1572, 
118, 1580, 1580, 1587, 1579, 1577, 1574, 1582, 1574, 
119, 1583, 1583, 1588, 1584, 1577, 1575, 1581, 1577, 
120, 1585, 1584, 1589, 1584, 1577, 1577, 1586, 1578, 
121, 1587, 1584, 1591, 1585, 1579, 1577, 1587, 1581, 
122, 1588, 1585, 1591, 1592, 1584, 1588, 1587, 1585, 
123, 1588, 1587, 1591, 1592, 1584, 1587, 1587, 1586, 
124, 1588, 1591, 1592, 1597, 1586, 1591, 1593, 1592, 
125, 1589, 1590, 1594, 1597, 1585, 1590, 1591, 1593, 
126, 1591, 1590, 1596, 1597, 1588, 1591, 1593, 1597, 
127, 1595, 1597, 1597, 1597, 1589, 1593, 1593, 1597, 
128, 1597, 1598, 1597, 1597, 1591, 1595, 1599, 1599, 
129, 1602, 1597, 1599, 1598, 1593, 1597, 1599, 1600, 
130, 1602, 1600, 1600, 1600, 1596, 1601, 1601, 1601, 
131, 1603, 1602, 1600, 1600, 1599, 1601, 1603, 1602, 
132, 1606, 1603, 1603, 1601, 1599, 1602, 1605, 1603, 
133, 1608, 1604, 1603, 1601, 1603, 1604, 1608, 1604, 
134, 1609, 1605, 1604, 1607, 1604, 1606, 1608, 1604, 
135, 1610, 1607, 1607, 1606, 1606, 1612, 1610, 1604, 
136, 1611, 1607, 1609, 1607, 1610, 1611, 1612, 1607, 
137, 1613, 1610, 1609, 1609, 1614, 1614, 1615, 1611, 
138, 1614, 1611, 1611, 1609, 1615, 1617, 1616, 1613, 
139, 1615, 1613, 1614, 1611, 1619, 1618, 1616, 1614, 
140, 1616, 1617, 1614, 1615, 1619, 1618, 1619, 1614, 
141, 1618, 1621, 1615, 1617, 1624, 1619, 1619, 1615, 
142, 1620, 1622, 1617, 1621, 1623, 1619, 1620, 1620, 
143, 1618, 1622, 1618, 1625, 1625, 1619, 1621, 1619, 
144, 1621, 1624, 1617, 1627, 1625, 1621, 1621, 1623, 
145, 1623, 1625, 1618, 1628, 1627, 1622, 1626, 1624, 
146, 1626, 1627, 1626, 1629, 1627, 1624, 1627, 1628, 
147, 1626, 1628, 1624, 1631, 1628, 1628, 1626, 1628, 
148, 1627, 1629, 1626, 1631, 1631, 1629, 1628, 1628, 
149, 1629, 1630, 1627, 1631, 1631, 1629, 1632, 1630, 
150, 1631, 1630, 1629, 1631, 1632, 1632, 1631, 1632, 
151, 1629, 1631, 1629, 1632, 1632, 1634, 1631, 1634, 
152, 1630, 1633, 1632, 1634, 1635, 1634, 1632, 1634, 
153, 1635, 1633, 1634, 1635, 1635, 1635, 1632, 1634, 
154, 1636, 1633, 1636, 1636, 1636, 1638, 1637, 1636, 
155, 1637, 1637, 1638, 1636, 1637, 1638, 1639, 1637, 
156, 1641, 1638, 1637, 1638, 1639, 1641, 1644, 1638, 
157, 1642, 1642, 1639, 1639, 1641, 1641, 1644, 1644, 
158, 1642, 1640, 1642, 1640, 1640, 1643, 1645, 1642, 
159, 1643, 1641, 1643, 1641, 1641, 1650, 1648, 1642, 
160, 1649, 1642, 1642, 1644, 1643, 1652, 1650, 1644, 
161, 1649, 1643, 1643, 1646, 1644, 1655, 1650, 1643, 
162, 1650, 1643, 1646, 1646, 1645, 1657, 1650, 1646, 
163, 1657, 1645, 1647, 1648, 1648, 1657, 1654, 1647, 
164, 1658, 1654, 1649, 1649, 1651, 1659, 1654, 1652, 
165, 1658, 1654, 1649, 1661, 1652, 1661, 1654, 1653, 
166, 1659, 1656, 1650, 1661, 1653, 1661, 1660, 1655, 
167, 1660, 1657, 1658, 1660, 1655, 1662, 1660, 1654, 
168, 1662, 1658, 1658, 1663, 1657, 1663, 1662, 1658, 
169, 1665, 1658, 1659, 1665, 1661, 1664, 1663, 1661, 
170, 1666, 1661, 1663, 1665, 1664, 1665, 1663, 1662, 
171, 1667, 1666, 1667, 1666, 1665, 1667, 1664, 1666, 
172, 1669, 1667, 1667, 1666, 1669, 1666, 1665, 1668, 
173, 1670, 1673, 1667, 1667, 1673, 1667, 1665, 1668, 
174, 1673, 1673, 1669, 1672, 1676, 1668, 1667, 1668, 
175, 1673, 1675, 1670, 1671, 1674, 1678, 1668, 1671, 
176, 1675, 1678, 1672, 1672, 1676, 1679, 1670, 1670, 
177, 1674, 1678, 1676, 1672, 1676, 1679, 1672, 1674, 
178, 1676, 1679, 1679, 1676, 1678, 1679, 1671, 1675, 
179, 1678, 1682, 1684, 1676, 1679, 1681, 1671, 1675, 
180, 1681, 1682, 1685, 1679, 1679, 1681, 1680, 1679, 
181, 1684, 1684, 1685, 1683, 1683, 1681, 1686, 1680, 
182, 1685, 1684, 1687, 1685, 1685, 1682, 1686, 1685, 
183, 1686, 1684, 1686, 1685, 1691, 1683, 1687, 1686, 
184, 1686, 1684, 1687, 1686, 1693, 1685, 1687, 1686, 
185, 1688, 1684, 1688, 1687, 1693, 1686, 1689, 1687, 
186, 1693, 1685, 1690, 1690, 1694, 1685, 1687, 1688, 
187, 1693, 1688, 1690, 1690, 1696, 1691, 1689, 1688, 
188, 1694, 1688, 1689, 1692, 1697, 1692, 1691, 1690, 
189, 1697, 1691, 1691, 1692, 1698, 1693, 1696, 1691, 
190, 1699, 1692, 1693, 1694, 1700, 1694, 1699, 1692, 
191, 1699, 1697, 1692, 1700, 1701, 1694, 1700, 1697, 
192, 1700, 1697, 1693, 1700, 1701, 1698, 1700, 1695, 
193, 1700, 1703, 1694, 1699, 1705, 1699, 1702, 1696, 
194, 1703, 1703, 1697, 1704, 1708, 1700, 1702, 1701, 
195, 1703, 1703, 1699, 1702, 1707, 1702, 1702, 1703, 
196, 1706, 1705, 1702, 1704, 1708, 1702, 1703, 1706, 
197, 1706, 1705, 1701, 1703, 1708, 1706, 1704, 1707, 
198, 1708, 1706, 1706, 1704, 1710, 1704, 1706, 1708, 
199, 1709, 1711, 1710, 1708, 1711, 1706, 1706, 1711, 
200, 1711, 1714, 1712, 1707, 1713, 1709, 1708, 1710, 
201, 1710, 1715, 1712, 1710, 1713, 1710, 1710, 1711, 
202, 1713, 1717, 1713, 1712, 1715, 1711, 1712, 1711, 
203, 1714, 1717, 1718, 1713, 1714, 1712, 1711, 1712, 
204, 1714, 1719, 1718, 1712, 1715, 1714, 1713, 1712, 
205, 1716, 1722, 1720, 1716, 1715, 1714, 1714, 1713, 
206, 1719, 1723, 1721, 1718, 1716, 1715, 1715, 1714, 
207, 1721, 1723, 1722, 1720, 1720, 1719, 1716, 1715, 
208, 1724, 1725, 1725, 1721, 1726, 1720, 1719, 1715, 
209, 1724, 1724, 1726, 1722, 1722, 1723, 1717, 1716, 
210, 1723, 1727, 1728, 1723, 1725, 1725, 1718, 1721, 
211, 1724, 1729, 1728, 1724, 1732, 1725, 1721, 1723, 
212, 1728, 1730, 1728, 1727, 1729, 1726, 1721, 1725, 
213, 1730, 1731, 1732, 1729, 1732, 1726, 1723, 1723, 
214, 1732, 1733, 1731, 1733, 1733, 1726, 1723, 1726, 
215, 1733, 1733, 1732, 1734, 1732, 1732, 1723, 1729, 
216, 1734, 1733, 1733, 1734, 1734, 1733, 1731, 1731, 
217, 1734, 1734, 1732, 1735, 1734, 1733, 1732, 1733, 
218, 1736, 1737, 1733, 1737, 1734, 1734, 1737, 1733, 
219, 1736, 1738, 1733, 1739, 1735, 1737, 1738, 1734, 
220, 1737, 1736, 1735, 1738, 1736, 1738, 1739, 1734, 
221, 1738, 1739, 1736, 1740, 1736, 1741, 1740, 1737, 
222, 1739, 1741, 1737, 1741, 1737, 1742, 1739, 1738, 
223, 1739, 1742, 1738, 1742, 1740, 1742, 1743, 1740, 
224, 1741, 1743, 1740, 1743, 1742, 1744, 1744, 1741, 
225, 1742, 1745, 1741, 1744, 1742, 1745, 1743, 1742, 
226, 1742, 1746, 1743, 1744, 1742, 1747, 1744, 1744, 
227, 1742, 1748, 1744, 1746, 1747, 1745, 1745, 1744, 
228, 1744, 1749, 1745, 1747, 1746, 1747, 1746, 1749, 
229, 1745, 1748, 1748, 1747, 1748, 1748, 1746, 1750, 
230, 1748, 1750, 1748, 1748, 1750, 1750, 1750, 1750, 
231, 1748, 1750, 1748, 1752, 1750, 1752, 1751, 1752, 
232, 1756, 1751, 1750, 1753, 1750, 1752, 1753, 1754, 
233, 1757, 1752, 1750, 1756, 1754, 1752, 1757, 1754, 
234, 1759, 1754, 1753, 1755, 1753, 1753, 1756, 1755, 
235, 1759, 1754, 1755, 1756, 1755, 1753, 1755, 1757, 
236, 1762, 1756, 1755, 1758, 1756, 1756, 1761, 1756, 
237, 1764, 1756, 1756, 1759, 1757, 1756, 1761, 1760, 
238, 1764, 1757, 1759, 1758, 1759, 1758, 1760, 1759, 
239, 1765, 1763, 1762, 1760, 1759, 1757, 1764, 1759, 
240, 1766, 1763, 1762, 1760, 1761, 1758, 1765, 1761, 
241, 1766, 1762, 1762, 1761, 1762, 1763, 1766, 1762, 
242, 1768, 1764, 1765, 1762, 1763, 1761, 1766, 1763, 
243, 1768, 1763, 1766, 1765, 1765, 1765, 1768, 1763, 
244, 1770, 1766, 1767, 1767, 1766, 1765, 1770, 1766, 
245, 1771, 1768, 1767, 1768, 1767, 1766, 1771, 1768, 
246, 1774, 1771, 1768, 1768, 1768, 1768, 1771, 1769, 
247, 1773, 1774, 1769, 1770, 1769, 1770, 1772, 1767, 
248, 1775, 1774, 1771, 1771, 1771, 1772, 1773, 1768, 
249, 1776, 1774, 1771, 1772, 1776, 1772, 1777, 1770, 
250, 1778, 1775, 1774, 1773, 1777, 1773, 1778, 1773, 
251, 1778, 1776, 1774, 1774, 1774, 1774, 1777, 1774, 
252, 1779, 1778, 1777, 1777, 1774, 1776, 1779, 1777, 
253, 1779, 1778, 1781, 1777, 1776, 1780, 1779, 1777, 
254, 1780, 1780, 1781, 1779, 1778, 1783, 1779, 1780, 
255, 1780, 1779, 1780, 1783, 1779, 1784, 1780, 1780, 
256, 1781, 1780, 1782, 1784, 1780, 1785, 1784, 1784, 
257, 1781, 1783, 1783, 1783, 1780, 1785, 1784, 1785, 
258, 1783, 1782, 1784, 1783, 1782, 1790, 1785, 1786, 
259, 1784, 1786, 1785, 1786, 1786, 1789, 1789, 1792, 
260, 1790, 1787, 1785, 1787, 1787, 1790, 1789, 1792, 
261, 1791, 1788, 1786, 1787, 1788, 1792, 1791, 1792, 
262, 1792, 1789, 1787, 1788, 1790, 1795, 1792, 1793, 
263, 1797, 1790, 1787, 1788, 1791, 1796, 1793, 1797, 
264, 1796, 1793, 1788, 1791, 1793, 1793, 1793, 1797, 
265, 1796, 1795, 1788, 1793, 1794, 1797, 1794, 1799, 
266, 1796, 1795, 1794, 1793, 1797, 1797, 1794, 1801, 
267, 1797, 1794, 1794, 1795, 1798, 1800, 1800, 1802, 
268, 1799, 1799, 1795, 1797, 1800, 1799, 1802, 1803, 
269, 1802, 1799, 1798, 1802, 1801, 1798, 1802, 1806, 
270, 1803, 1800, 1799, 1804, 1800, 1800, 1804, 1806, 
271, 1803, 1801, 1798, 1804, 1800, 1801, 1806, 1807, 
272, 1803, 1808, 1800, 1803, 1802, 1803, 1806, 1809, 
273, 1806, 1807, 1799, 1805, 1808, 1803, 1807, 1810, 
274, 1804, 1806, 1800, 1805, 1809, 1807, 1807, 1812, 
275, 1805, 1808, 1808, 1808, 1810, 1808, 1811, 1811, 
276, 1806, 1808, 1806, 1810, 1809, 1808, 1811, 1811, 
277, 1807, 1809, 1807, 1810, 1811, 1812, 1814, 1813, 
278, 1812, 1811, 1808, 1811, 1812, 1812, 1815, 1814, 
279, 1812, 1810, 1812, 1813, 1813, 1813, 1815, 1814, 
280, 1812, 1816, 1813, 1815, 1813, 1814, 1816, 1814, 
281, 1813, 1816, 1816, 1815, 1815, 1815, 1818, 1815, 
282, 1815, 1816, 1816, 1816, 1815, 1817, 1818, 1815, 
283, 1815, 1816, 1815, 1817, 1817, 1819, 1818, 1815, 
284, 1818, 1817, 1817, 1817, 1818, 1821, 1820, 1817, 
285, 1818, 1818, 1821, 1820, 1819, 1822, 1821, 1818, 
286, 1818, 1818, 1820, 1821, 1824, 1826, 1822, 1821, 
287, 1820, 1819, 1822, 1821, 1824, 1828, 1826, 1822, 
288, 1824, 1824, 1823, 1823, 1823, 1829, 1824, 1823, 
289, 1824, 1823, 1824, 1824, 1825, 1828, 1824, 1824, 
290, 1824, 1824, 1827, 1824, 1827, 1828, 1827, 1825, 
291, 1825, 1824, 1828, 1823, 1828, 1829, 1827, 1826, 
292, 1825, 1826, 1831, 1825, 1827, 1829, 1829, 1826, 
293, 1828, 1827, 1831, 1826, 1830, 1831, 1830, 1826, 
294, 1828, 1827, 1831, 1828, 1831, 1831, 1831, 1827, 
295, 1828, 1829, 1832, 1831, 1830, 1833, 1832, 1829, 
296, 1828, 1830, 1835, 1832, 1830, 1833, 1833, 1831, 
297, 1829, 1832, 1835, 1831, 1831, 1834, 1834, 1831, 
298, 1831, 1833, 1836, 1833, 1831, 1835, 1834, 1833, 
299, 1833, 1832, 1837, 1834, 1832, 1837, 1834, 1833, 
300, 1834, 1834, 1838, 1833, 1833, 1839, 1835, 1835, 
301, 1836, 1834, 1838, 1835, 1836, 1840, 1837, 1836, 
302, 1837, 1835, 1839, 1837, 1835, 1841, 1837, 1836, 
303, 1838, 1835, 1841, 1839, 1837, 1842, 1839, 1836, 
304, 1838, 1837, 1842, 1839, 1842, 1842, 1839, 1837, 
305, 1839, 1842, 1841, 1840, 1840, 1843, 1840, 1841, 
306, 1841, 1845, 1843, 1841, 1840, 1844, 1841, 1840, 
307, 1841, 1848, 1845, 1842, 1840, 1845, 1842, 1841, 
308, 1845, 1848, 1843, 1843, 1841, 1846, 1844, 1843, 
309, 1843, 1850, 1845, 1844, 1844, 1846, 1843, 1844, 
310, 1844, 1850, 1848, 1845, 1845, 1846, 1846, 1844, 
311, 1844, 1851, 1849, 1844, 1845, 1856, 1846, 1845, 
312, 1844, 1853, 1848, 1846, 1845, 1855, 1846, 1848, 
313, 1847, 1856, 1852, 1851, 1852, 1855, 1846, 1850, 
314, 1846, 1856, 1852, 1850, 1853, 1856, 1848, 1853, 
315, 1847, 1857, 1851, 1852, 1853, 1857, 1853, 1853, 
316, 1849, 1857, 1853, 1853, 1856, 1858, 1855, 1856, 
317, 1850, 1858, 1854, 1854, 1857, 1861, 1853, 1855, 
318, 1854, 1859, 1854, 1854, 1859, 1861, 1857, 1857, 
319, 1856, 1860, 1857, 1856, 1859, 1861, 1860, 1858, 
320, 1856, 1860, 1858, 1861, 1859, 1862, 1861, 1858, 
321, 1857, 1860, 1858, 1861, 1862, 1863, 1864, 1860, 
322, 1857, 1862, 1862, 1864, 1862, 1864, 1865, 1862, 
323, 1859, 1862, 1863, 1865, 1862, 1864, 1866, 1861, 
324, 1866, 1864, 1865, 1865, 1864, 1865, 1866, 1862, 
325, 1866, 1866, 1869, 1865, 1864, 1865, 1866, 1866, 
326, 1865, 1866, 1870, 1865, 1866, 1865, 1868, 1868, 
327, 1866, 1868, 1871, 1866, 1866, 1865, 1868, 1867, 
328, 1867, 1868, 1873, 1868, 1867, 1868, 1869, 1868, 
329, 1867, 1869, 1873, 1868, 1867, 1867, 1870, 1869, 
330, 1868, 1870, 1874, 1869, 1871, 1869, 1871, 1871, 
331, 1869, 1870, 1874, 1873, 1873, 1871, 1872, 1873, 
332, 1870, 1871, 1875, 1871, 1874, 1871, 1873, 1872, 
333, 1871, 1873, 1876, 1872, 1874, 1872, 1874, 1875, 
334, 1871, 1872, 1878, 1874, 1875, 1874, 1878, 1875, 
335, 1873, 1875, 1880, 1876, 1877, 1873, 1878, 1877, 
336, 1877, 1875, 1880, 1879, 1876, 1873, 1880, 1879, 
337, 1877, 1879, 1881, 1879, 1880, 1879, 1879, 1879, 
338, 1878, 1880, 1882, 1879, 1880, 1881, 1881, 1880, 
339, 1879, 1881, 1883, 1881, 1882, 1880, 1882, 1881, 
340, 1882, 1882, 1884, 1884, 1882, 1881, 1882, 1881, 
341, 1884, 1884, 1884, 1885, 1882, 1882, 1882, 1884, 
342, 1884, 1884, 1886, 1886, 1883, 1886, 1883, 1885, 
343, 1890, 1887, 1887, 1887, 1886, 1886, 1884, 1886, 
344, 1890, 1888, 1887, 1887, 1886, 1888, 1885, 1887, 
345, 1890, 1888, 1891, 1888, 1886, 1893, 1887, 1893, 
346, 1892, 1890, 1890, 1890, 1887, 1893, 1887, 1897, 
347, 1893, 1891, 1892, 1890, 1897, 1895, 1887, 1899, 
348, 1893, 1892, 1892, 1891, 1896, 1894, 1889, 1899, 
349, 1893, 1895, 1892, 1892, 1895, 1895, 1889, 1900, 
350, 1893, 1894, 1892, 1894, 1903, 1898, 1890, 1901, 
351, 1894, 1902, 1896, 1895, 1901, 1900, 1890, 1902, 
352, 1896, 1907, 1899, 1896, 1901, 1900, 1894, 1902, 
353, 1898, 1906, 1901, 1898, 1902, 1902, 1896, 1903, 
354, 1900, 1907, 1904, 1901, 1904, 1901, 1896, 1903, 
355, 1903, 1907, 1905, 1904, 1906, 1903, 1898, 1905, 
356, 1904, 1908, 1905, 1901, 1908, 1905, 1900, 1905, 
357, 1906, 1909, 1905, 1908, 1910, 1905, 1908, 1905, 
358, 1908, 1909, 1906, 1908, 1910, 1907, 1908, 1906, 
359, 1909, 1911, 1906, 1908, 1909, 1908, 1909, 1911, 
360, 1911, 1912, 1907, 1911, 1910, 1912, 1909, 1913, 
361, 1912, 1913, 1910, 1910, 1912, 1910, 1910, 1913, 
362, 1913, 1913, 1911, 1912, 1914, 1912, 1912, 1913, 
363, 1916, 1915, 1911, 1913, 1914, 1914, 1914, 1913, 
364, 1916, 1916, 1918, 1914, 1914, 1914, 1916, 1913, 
365, 1917, 1915, 1919, 1915, 1917, 1914, 1917, 1914, 
366, 1921, 1916, 1920, 1915, 1918, 1915, 1918, 1913, 
367, 1920, 1916, 1921, 1917, 1921, 1917, 1920, 1913, 
368, 1922, 1916, 1923, 1916, 1921, 1920, 1920, 1913, 
369, 1924, 1917, 1924, 1918, 1922, 1922, 1920, 1919, 
370, 1923, 1920, 1925, 1921, 1925, 1923, 1921, 1920, 
371, 1924, 1922, 1925, 1922, 1929, 1923, 1922, 1920, 
372, 1925, 1922, 1926, 1924, 1929, 1927, 1922, 1921, 
373, 1925, 1927, 1928, 1925, 1929, 1928, 1923, 1922, 
374, 1926, 1927, 1928, 1926, 1930, 1928, 1925, 1925, 
375, 1928, 1927, 1927, 1928, 1930, 1929, 1928, 1927, 
376, 1929, 1929, 1928, 1929, 1930, 1930, 1929, 1927, 
377, 1930, 1930, 1933, 1930, 1930, 1933, 1932, 1929, 
378, 1930, 1932, 1936, 1932, 1931, 1934, 1932, 1929, 
379, 1930, 1935, 1939, 1934, 1933, 1935, 1933, 1931, 
380, 1931, 1935, 1938, 1934, 1935, 1936, 1932, 1932, 
381, 1931, 1937, 1937, 1935, 1935, 1936, 1934, 1932, 
382, 1933, 1937, 1938, 1940, 1936, 1940, 1935, 1934, 
383, 1936, 1937, 1939, 1940, 1937, 1940, 1935, 1934, 
384, 1938, 1938, 1939, 1940, 1939, 1940, 1939, 1935, 
385, 1939, 1938, 1941, 1940, 1940, 1941, 1940, 1938, 
386, 1941, 1940, 1942, 1940, 1940, 1942, 1940, 1940, 
387, 1944, 1939, 1943, 1940, 1940, 1942, 1943, 1939, 
388, 1942, 1943, 1943, 1942, 1942, 1943, 1944, 1940, 
389, 1942, 1944, 1946, 1942, 1942, 1944, 1944, 1941, 
390, 1945, 1946, 1946, 1943, 1945, 1944, 1947, 1950, 
391, 1946, 1946, 1949, 1945, 1946, 1946, 1946, 1949, 
392, 1946, 1947, 1949, 1948, 1947, 1948, 1948, 1949, 
393, 1949, 1947, 1950, 1950, 1946, 1949, 1947, 1950, 
394, 1952, 1948, 1950, 1951, 1949, 1950, 1948, 1949, 
395, 1955, 1948, 1952, 1951, 1950, 1949, 1949, 1950, 
396, 1955, 1949, 1952, 1951, 1950, 1953, 1949, 1949, 
397, 1956, 1950, 1952, 1952, 1951, 1954, 1950, 1950, 
398, 1956, 1951, 1953, 1955, 1956, 1955, 1952, 1955, 
399, 1957, 1955, 1954, 1955, 1958, 1958, 1954, 1955, 
400, 1957, 1955, 1955, 1957, 1959, 1957, 1957, 1956, 
401, 1957, 1956, 1955, 1959, 1961, 1956, 1957, 1957, 
402, 1957, 1957, 1956, 1960, 1961, 1956, 1959, 1957, 
403, 1958, 1957, 1958, 1961, 1960, 1961, 1960, 1957, 
404, 1959, 1958, 1960, 1961, 1962, 1961, 1960, 1958, 
405, 1961, 1958, 1961, 1962, 1964, 1965, 1960, 1959, 
406, 1962, 1959, 1963, 1962, 1964, 1966, 1964, 1960, 
407, 1964, 1961, 1966, 1963, 1964, 1966, 1965, 1962, 
408, 1966, 1963, 1967, 1963, 1964, 1966, 1964, 1962, 
409, 1966, 1964, 1967, 1964, 1964, 1966, 1963, 1963, 
410, 1967, 1965, 1968, 1966, 1965, 1966, 1966, 1966, 
411, 1967, 1966, 1968, 1966, 1965, 1968, 1965, 1965, 
412, 1967, 1966, 1969, 1968, 1966, 1968, 1967, 1966, 
413, 1968, 1967, 1969, 1969, 1966, 1970, 1965, 1970, 
414, 1972, 1967, 1970, 1971, 1967, 1970, 1969, 1973, 
415, 1972, 1968, 1970, 1973, 1967, 1971, 1969, 1971, 
416, 1972, 1972, 1972, 1973, 1970, 1971, 1970, 1973, 
417, 1974, 1976, 1974, 1972, 1972, 1973, 1972, 1974, 
418, 1972, 1975, 1976, 1973, 1971, 1973, 1977, 1976, 
419, 1974, 1978, 1977, 1975, 1974, 1975, 1979, 1976, 
420, 1974, 1978, 1979, 1975, 1980, 1975, 1979, 1978, 
421, 1977, 1979, 1981, 1977, 1983, 1977, 1982, 1982, 
422, 1977, 1979, 1983, 1978, 1984, 1979, 1980, 1983, 
423, 1978, 1980, 1982, 1979, 1985, 1982, 1983, 1982, 
424, 1983, 1980, 1985, 1981, 1985, 1982, 1987, 1985, 
425, 1984, 1982, 1985, 1980, 1985, 1988, 1986, 1985, 
426, 1985, 1985, 1985, 1981, 1985, 1986, 1986, 1987, 
427, 1985, 1988, 1988, 1982, 1986, 1989, 1986, 1987, 
428, 1986, 1986, 1987, 1987, 1988, 1990, 1991, 1987, 
429, 1991, 1989, 1988, 1988, 1990, 1992, 1994, 1989, 
430, 1992, 1992, 1993, 1988, 1991, 1993, 1994, 1989, 
431, 1992, 1992, 1992, 1992, 1992, 1992, 1994, 1993, 
432, 1993, 1993, 1993, 1995, 1994, 1992, 1996, 1992, 
433, 1993, 1993, 1992, 1999, 1996, 1994, 1999, 1995, 
434, 1996, 1995, 1995, 2000, 1998, 1995, 1998, 1996, 
435, 1996, 1995, 1996, 2000, 2000, 1997, 1998, 1995, 
436, 1997, 1996, 1996, 2000, 2005, 1998, 2004, 2002, 
437, 1997, 1998, 1998, 2001, 2010, 1999, 2003, 2003, 
438, 1997, 1999, 2002, 2002, 2006, 2000, 2003, 2003, 
439, 2001, 1998, 2001, 2007, 2007, 2002, 2004, 2003, 
440, 2003, 2002, 2002, 2008, 2009, 2002, 2006, 2004, 
441, 2008, 2004, 2003, 2009, 2009, 2002, 2007, 2007, 
442, 2008, 2003, 2003, 2008, 2009, 2009, 2011, 2009, 
443, 2008, 2010, 2003, 2009, 2010, 2009, 2012, 2009, 
444, 2010, 2011, 2006, 2010, 2010, 2009, 2012, 2009, 
445, 2012, 2012, 2007, 2010, 2011, 2010, 2014, 2010, 
446, 2014, 2014, 2010, 2011, 2012, 2010, 2014, 2011, 
447, 2018, 2017, 2012, 2012, 2012, 2011, 2014, 2012, 
448, 2020, 2016, 2016, 2012, 2013, 2012, 2015, 2014, 
449, 2019, 2016, 2018, 2012, 2013, 2012, 2015, 2015, 
450, 2020, 2019, 2017, 2013, 2014, 2013, 2016, 2014, 
451, 2020, 2021, 2018, 2015, 2015, 2014, 2019, 2020, 
452, 2020, 2020, 2020, 2016, 2015, 2015, 2019, 2021, 
453, 2021, 2020, 2019, 2017, 2016, 2017, 2020, 2021, 
454, 2023, 2023, 2019, 2019, 2018, 2020, 2020, 2023, 
455, 2023, 2023, 2023, 2017, 2018, 2021, 2021, 2023, 
456, 2024, 2023, 2022, 2017, 2019, 2021, 2022, 2023, 
457, 2024, 2025, 2025, 2022, 2018, 2023, 2022, 2025, 
458, 2024, 2029, 2026, 2022, 2019, 2023, 2024, 2025, 
459, 2026, 2027, 2027, 2027, 2022, 2024, 2026, 2025, 
460, 2026, 2027, 2029, 2024, 2023, 2026, 2028, 2025, 
461, 2027, 2026, 2028, 2028, 2026, 2026, 2028, 2026, 
462, 2026, 2027, 2029, 2030, 2026, 2027, 2028, 2027, 
463, 2030, 2026, 2030, 2030, 2028, 2028, 2029, 2029, 
464, 2030, 2026, 2030, 2031, 2031, 2029, 2030, 2030, 
465, 2030, 2029, 2030, 2031, 2027, 2031, 2029, 2029, 
466, 2031, 2031, 2031, 2031, 2029, 2032, 2032, 2030, 
467, 2031, 2030, 2032, 2032, 2031, 2031, 2033, 2031, 
468, 2033, 2030, 2032, 2032, 2030, 2032, 2035, 2034, 
469, 2034, 2031, 2033, 2032, 2032, 2032, 2036, 2032, 
470, 2039, 2033, 2034, 2032, 2033, 2035, 2035, 2034, 
471, 2039, 2035, 2035, 2039, 2033, 2036, 2036, 2037, 
472, 2039, 2035, 2037, 2038, 2034, 2037, 2035, 2038, 
473, 2039, 2034, 2037, 2040, 2040, 2037, 2036, 2035, 
474, 2040, 2038, 2037, 2040, 2039, 2037, 2036, 2036, 
475, 2040, 2039, 2038, 2040, 2041, 2039, 2036, 2037, 
476, 2041, 2041, 2040, 2042, 2042, 2039, 2037, 2039, 
477, 2042, 2041, 2041, 2045, 2042, 2039, 2039, 2038, 
478, 2044, 2041, 2041, 2044, 2044, 2041, 2040, 2040, 
479, 2046, 2041, 2042, 2047, 2043, 2042, 2041, 2041, 
480, 2045, 2043, 2043, 2047, 2047, 2042, 2043, 2043, 
481, 2045, 2044, 2042, 2049, 2044, 2043, 2045, 2041, 
482, 2046, 2045, 2044, 2049, 2045, 2044, 2045, 2042, 
483, 2047, 2045, 2045, 2048, 2047, 2048, 2047, 2044, 
484, 2048, 2046, 2047, 2048, 2048, 2048, 2047, 2045, 
485, 2049, 2046, 2047, 2049, 2049, 2050, 2047, 2050, 
486, 2052, 2049, 2048, 2049, 2049, 2050, 2048, 2047, 
487, 2052, 2051, 2049, 2050, 2050, 2051, 2051, 2049, 
488, 2055, 2053, 2051, 2051, 2051, 2053, 2053, 2049, 
489, 2055, 2053, 2054, 2053, 2051, 2053, 2054, 2050, 
490, 2056, 2053, 2054, 2056, 2052, 2053, 2054, 2052, 
491, 2058, 2054, 2057, 2055, 2053, 2053, 2055, 2054, 
492, 2057, 2057, 2057, 2056, 2053, 2056, 2055, 2054, 
493, 2057, 2058, 2058, 2055, 2054, 2061, 2056, 2054, 
494, 2058, 2058, 2058, 2057, 2057, 2062, 2061, 2055, 
495, 2059, 2059, 2058, 2060, 2058, 2061, 2060, 2059, 
496, 2059, 2060, 2059, 2060, 2058, 2061, 2060, 2058, 
497, 2060, 2061, 2060, 2060, 2060, 2061, 2060, 2060, 
498, 2059, 2061, 2061, 2060, 2060, 2061, 2060, 2060, 
499, 2061, 2061, 2061, 2062, 2061, 2062, 2060, 2062, 
500, 2062, 2062, 2061, 2062, 2061, 2063, 2062, 2062, 
501, 2062, 2063, 2063, 2063, 2063, 2063, 2063, 2062, 
502, 2063, 2064, 2063, 2065, 2063, 2064, 2064, 2064, 
503, 2065, 2063, 2064, 2065, 2064, 2064, 2064, 2065, 
504, 2065, 2064, 2065, 2065, 2065, 2067, 2064, 2066, 
505, 2064, 2065, 2066, 2066, 2068, 2067, 2064, 2066, 
506, 2064, 2067, 2067, 2067, 2065, 2067, 2066, 2066, 
507, 2065, 2069, 2067, 2067, 2067, 2067, 2066, 2065, 
508, 2066, 2069, 2068, 2068, 2068, 2068, 2067, 2066, 
509, 2065, 2069, 2070, 2069, 2068, 2070, 2070, 2067, 
510, 2066, 2070, 2071, 2069, 2069, 2070, 2070, 2067, 
511, 2066, 2071, 2071, 2069, 2070, 2071, 2071, 2070, 
512, 2068, 2071, 2071, 2071, 2075, 2073, 2071, 2071, 
513, 2071, 2071, 2071, 2073, 2075, 2074, 2074, 2073, 
514, 2073, 2072, 2072, 2073, 2074, 2073, 2072, 2074, 
515, 2075, 2073, 2076, 2074, 2074, 2076, 2074, 2075, 
516, 2075, 2075, 2076, 2074, 2074, 2077, 2073, 2075, 
517, 2075, 2075, 2077, 2075, 2075, 2077, 2075, 2077, 
518, 2077, 2075, 2078, 2075, 2075, 2078, 2075, 2077, 
519, 2076, 2077, 2077, 2078, 2076, 2077, 2075, 2077, 
520, 2076, 2077, 2080, 2078, 2076, 2078, 2077, 2078, 
521, 2076, 2078, 2078, 2078, 2077, 2082, 2077, 2077, 
522, 2076, 2078, 2078, 2079, 2077, 2083, 2078, 2078, 
523, 2079, 2078, 2079, 2080, 2078, 2083, 2078, 2080, 
524, 2078, 2078, 2079, 2079, 2077, 2084, 2079, 2080, 
525, 2080, 2078, 2085, 2082, 2078, 2085, 2080, 2082, 
526, 2079, 2080, 2085, 2081, 2078, 2084, 2081, 2081, 
527, 2080, 2081, 2086, 2082, 2079, 2085, 2081, 2083, 
528, 2081, 2083, 2085, 2085, 2079, 2087, 2082, 2083, 
529, 2083, 2082, 2085, 2084, 2082, 2087, 2083, 2084, 
530, 2085, 2086, 2085, 2085, 2084, 2088, 2086, 2085, 
531, 2086, 2085, 2085, 2085, 2085, 2088, 2087, 2085, 
532, 2086, 2087, 2087, 2085, 2084, 2088, 2085, 2088, 
533, 2091, 2087, 2088, 2087, 2085, 2088, 2087, 2087, 
534, 2087, 2090, 2087, 2087, 2089, 2090, 2086, 2089, 
535, 2088, 2091, 2089, 2088, 2091, 2090, 2087, 2090, 
536, 2089, 2091, 2089, 2089, 2093, 2090, 2087, 2089, 
537, 2093, 2091, 2090, 2090, 2094, 2091, 2089, 2090, 
538, 2096, 2092, 2090, 2090, 2094, 2092, 2091, 2090, 
539, 2098, 2092, 2090, 2091, 2093, 2093, 2093, 2093, 
540, 2098, 2093, 2090, 2092, 2094, 2093, 2095, 2093, 
541, 2096, 2094, 2091, 2093, 2096, 2093, 2093, 2095, 
542, 2098, 2096, 2094, 2095, 2094, 2096, 2095, 2096, 
543, 2099, 2097, 2096, 2095, 2094, 2096, 2096, 2095, 
544, 2098, 2097, 2097, 2096, 2095, 2098, 2098, 2095, 
545, 2100, 2098, 2098, 2095, 2097, 2098, 2098, 2096, 
546, 2100, 2099, 2100, 2096, 2096, 2101, 2099, 2096, 
547, 2101, 2099, 2100, 2097, 2099, 2102, 2100, 2096, 
548, 2101, 2098, 2100, 2097, 2099, 2102, 2100, 2100, 
549, 2101, 2100, 2104, 2097, 2098, 2102, 2102, 2102, 
550, 2101, 2100, 2106, 2099, 2098, 2102, 2102, 2101, 
551, 2101, 2102, 2106, 2099, 2099, 2104, 2103, 2102, 
552, 2105, 2102, 2107, 2100, 2104, 2105, 2104, 2103, 
553, 2106, 2104, 2106, 2101, 2104, 2106, 2104, 2103, 
554, 2107, 2104, 2106, 2101, 2106, 2106, 2105, 2102, 
555, 2109, 2105, 2107, 2102, 2109, 2107, 2106, 2102, 
556, 2108, 2107, 2108, 2104, 2110, 2109, 2106, 2102, 
557, 2108, 2105, 2108, 2104, 2110, 2108, 2106, 2103, 
558, 2108, 2108, 2110, 2105, 2114, 2108, 2106, 2105, 
559, 2110, 2107, 2110, 2105, 2113, 2108, 2111, 2107, 
560, 2110, 2107, 2111, 2105, 2114, 2110, 2111, 2109, 
561, 2111, 2108, 2111, 2106, 2114, 2111, 2111, 2109, 
562, 2111, 2108, 2111, 2106, 2114, 2111, 2112, 2109, 
563, 2112, 2109, 2111, 2110, 2115, 2111, 2112, 2110, 
564, 2113, 2109, 2112, 2111, 2115, 2111, 2113, 2112, 
565, 2114, 2110, 2112, 2113, 2116, 2112, 2114, 2113, 
566, 2114, 2110, 2114, 2114, 2116, 2113, 2114, 2113, 
567, 2115, 2110, 2114, 2116, 2116, 2117, 2114, 2113, 
568, 2118, 2112, 2115, 2117, 2117, 2117, 2114, 2114, 
569, 2117, 2114, 2115, 2118, 2116, 2117, 2119, 2113, 
570, 2118, 2114, 2115, 2119, 2117, 2117, 2118, 2114, 
571, 2118, 2114, 2117, 2120, 2116, 2119, 2119, 2115, 
572, 2119, 2114, 2117, 2121, 2120, 2120, 2120, 2116, 
573, 2118, 2114, 2121, 2121, 2120, 2120, 2120, 2116, 
574, 2118, 2115, 2120, 2122, 2120, 2120, 2120, 2119, 
575, 2119, 2116, 2120, 2123, 2119, 2120, 2121, 2119, 
576, 2120, 2117, 2121, 2124, 2121, 2121, 2121, 2121, 
577, 2120, 2117, 2121, 2123, 2124, 2123, 2121, 2121, 
578, 2123, 2117, 2122, 2124, 2124, 2124, 2122, 2122, 
579, 2123, 2118, 2123, 2126, 2127, 2125, 2125, 2122, 
580, 2123, 2119, 2124, 2128, 2125, 2127, 2125, 2122, 
581, 2125, 2122, 2125, 2129, 2126, 2127, 2126, 2122, 
582, 2125, 2123, 2125, 2134, 2126, 2127, 2128, 2123, 
583, 2125, 2126, 2126, 2134, 2127, 2128, 2129, 2124, 
584, 2125, 2127, 2132, 2136, 2126, 2128, 2131, 2126, 
585, 2128, 2130, 2131, 2136, 2127, 2128, 2131, 2127, 
586, 2127, 2129, 2133, 2137, 2129, 2128, 2131, 2136, 
587, 2128, 2130, 2132, 2137, 2129, 2129, 2130, 2135, 
588, 2128, 2130, 2133, 2138, 2129, 2130, 2137, 2135, 
589, 2128, 2132, 2133, 2138, 2130, 2130, 2138, 2135, 
590, 2137, 2133, 2135, 2138, 2131, 2130, 2137, 2136, 
591, 2132, 2134, 2137, 2139, 2132, 2132, 2138, 2136, 
592, 2136, 2135, 2138, 2138, 2134, 2137, 2139, 2136, 
593, 2137, 2137, 2137, 2138, 2135, 2136, 2139, 2136, 
594, 2135, 2136, 2138, 2139, 2136, 2137, 2139, 2136, 
595, 2135, 2138, 2136, 2139, 2137, 2137, 2139, 2138, 
596, 2138, 2138, 2136, 2140, 2139, 2138, 2140, 2137, 
597, 2137, 2140, 2137, 2141, 2139, 2138, 2140, 2138, 
598, 2138, 2141, 2137, 2140, 2139, 2138, 2141, 2139, 
599, 2139, 2143, 2138, 2141, 2142, 2138, 2141, 2139, 
600, 2141, 2144, 2138, 2141, 2145, 2138, 2141, 2139, 
601, 2142, 2143, 2138, 2141, 2146, 2141, 2141, 2139, 
602, 2143, 2145, 2138, 2141, 2144, 2142, 2144, 2140, 
603, 2144, 2145, 2139, 2143, 2144, 2142, 2146, 2141, 
604, 2145, 2147, 2140, 2143, 2144, 2143, 2146, 2142, 
605, 2147, 2147, 2144, 2143, 2147, 2145, 2147, 2143, 
606, 2147, 2147, 2143, 2143, 2145, 2145, 2147, 2143, 
607, 2145, 2147, 2148, 2144, 2147, 2145, 2148, 2144, 
608, 2147, 2148, 2148, 2145, 2147, 2146, 2148, 2144, 
609, 2147, 2148, 2148, 2147, 2148, 2145, 2148, 2145, 
610, 2147, 2149, 2148, 2147, 2148, 2146, 2149, 2146, 
611, 2147, 2149, 2150, 2147, 2148, 2147, 2150, 2145, 
612, 2147, 2149, 2148, 2149, 2148, 2147, 2150, 2149, 
613, 2148, 2149, 2149, 2150, 2148, 2149, 2150, 2147, 
614, 2148, 2149, 2150, 2150, 2148, 2148, 2150, 2149, 
615, 2147, 2149, 2151, 2150, 2149, 2150, 2149, 2150, 
616, 2150, 2149, 2151, 2150, 2149, 2151, 2149, 2148, 
617, 2152, 2149, 2152, 2152, 2151, 2152, 2150, 2149, 
618, 2155, 2150, 2152, 2153, 2152, 2153, 2150, 2150, 
619, 2158, 2151, 2154, 2154, 2153, 2153, 2150, 2150, 
620, 2159, 2153, 2154, 2153, 2153, 2153, 2151, 2152, 
621, 2159, 2154, 2155, 2154, 2156, 2155, 2151, 2152, 
622, 2159, 2154, 2156, 2153, 2154, 2156, 2152, 2152, 
623, 2161, 2154, 2157, 2154, 2154, 2157, 2152, 2153, 
624, 2161, 2154, 2157, 2155, 2154, 2156, 2152, 2154, 
625, 2163, 2154, 2160, 2160, 2155, 2157, 2154, 2160, 
626, 2162, 2154, 2159, 2158, 2156, 2159, 2154, 2164, 
627, 2162, 2156, 2159, 2158, 2159, 2159, 2153, 2165, 
628, 2162, 2155, 2160, 2163, 2160, 2159, 2165, 2165, 
629, 2162, 2157, 2160, 2163, 2165, 2159, 2164, 2167, 
630, 2163, 2159, 2162, 2163, 2165, 2163, 2165, 2166, 
631, 2163, 2163, 2163, 2164, 2166, 2164, 2166, 2167, 
632, 2163, 2161, 2162, 2165, 2166, 2167, 2166, 2166, 
633, 2165, 2161, 2163, 2168, 2167, 2166, 2165, 2168, 
634, 2169, 2161, 2166, 2168, 2167, 2166, 2166, 2168, 
635, 2169, 2164, 2166, 2169, 2168, 2167, 2169, 2170, 
636, 2169, 2161, 2168, 2169, 2168, 2168, 2167, 2168, 
637, 2169, 2162, 2168, 2169, 2169, 2172, 2171, 2168, 
638, 2170, 2165, 2169, 2169, 2170, 2174, 2172, 2169, 
639, 2170, 2165, 2170, 2170, 2174, 2172, 2172, 2171, 
640, 2172, 2169, 2170, 2170, 2174, 2174, 2174, 2171, 
641, 2172, 2170, 2172, 2171, 2174, 2173, 2175, 2172, 
642, 2172, 2173, 2173, 2171, 2174, 2172, 2176, 2173, 
643, 2172, 2173, 2174, 2171, 2176, 2173, 2177, 2172, 
644, 2172, 2174, 2174, 2173, 2176, 2174, 2178, 2173, 
645, 2174, 2174, 2174, 2174, 2178, 2175, 2178, 2173, 
646, 2175, 2178, 2174, 2175, 2177, 2174, 2178, 2176, 
647, 2177, 2178, 2177, 2178, 2176, 2174, 2179, 2178, 
648, 2178, 2179, 2177, 2177, 2178, 2175, 2179, 2177, 
649, 2175, 2178, 2178, 2177, 2178, 2175, 2180, 2179, 
650, 2178, 2177, 2178, 2178, 2178, 2175, 2179, 2179, 
651, 2178, 2182, 2179, 2178, 2178, 2178, 2180, 2180, 
652, 2178, 2183, 2178, 2178, 2179, 2178, 2180, 2180, 
653, 2179, 2182, 2178, 2179, 2179, 2179, 2180, 2180, 
654, 2180, 2182, 2179, 2179, 2179, 2180, 2181, 2181, 
655, 2183, 2183, 2178, 2180, 2180, 2179, 2181, 2181, 
656, 2183, 2184, 2180, 2181, 2179, 2182, 2182, 2181, 
657, 2183, 2183, 2182, 2181, 2179, 2182, 2184, 2181, 
658, 2183, 2183, 2183, 2180, 2180, 2183, 2182, 2182, 
659, 2183, 2184, 2183, 2183, 2183, 2183, 2183, 2182, 
660, 2184, 2185, 2183, 2183, 2182, 2182, 2183, 2184, 
661, 2185, 2185, 2183, 2183, 2183, 2184, 2183, 2184, 
662, 2185, 2187, 2185, 2186, 2184, 2184, 2182, 2184, 
663, 2185, 2189, 2187, 2186, 2184, 2184, 2183, 2184, 
664, 2186, 2190, 2187, 2186, 2186, 2185, 2188, 2186, 
665, 2189, 2190, 2187, 2186, 2186, 2187, 2190, 2187, 
666, 2188, 2190, 2187, 2187, 2186, 2185, 2188, 2188, 
667, 2188, 2190, 2188, 2187, 2186, 2186, 2188, 2190, 
668, 2188, 2191, 2189, 2189, 2187, 2188, 2188, 2191, 
669, 2188, 2191, 2189, 2188, 2188, 2189, 2189, 2191, 
670, 2188, 2191, 2188, 2189, 2189, 2189, 2190, 2192, 
671, 2189, 2191, 2189, 2190, 2192, 2190, 2189, 2192, 
672, 2189, 2193, 2188, 2191, 2192, 2191, 2190, 2193, 
673, 2191, 2193, 2188, 2192, 2194, 2193, 2190, 2193, 
674, 2192, 2192, 2190, 2192, 2193, 2198, 2193, 2193, 
675, 2194, 2194, 2192, 2197, 2193, 2201, 2195, 2195, 
676, 2196, 2194, 2195, 2201, 2194, 2200, 2200, 2195, 
677, 2196, 2194, 2196, 2200, 2193, 2201, 2200, 2195, 
678, 2198, 2195, 2198, 2199, 2193, 2205, 2200, 2195, 
679, 2198, 2196, 2199, 2199, 2203, 2203, 2200, 2196, 
680, 2199, 2201, 2200, 2200, 2202, 2205, 2200, 2196, 
681, 2199, 2202, 2198, 2203, 2202, 2205, 2200, 2199, 
682, 2200, 2203, 2199, 2204, 2202, 2205, 2203, 2199, 
683, 2204, 2203, 2201, 2205, 2203, 2205, 2202, 2200, 
684, 2206, 2204, 2201, 2205, 2204, 2207, 2202, 2200, 
685, 2206, 2206, 2206, 2205, 2204, 2206, 2204, 2201, 
686, 2206, 2206, 2205, 2206, 2202, 2208, 2203, 2205, 
687, 2208, 2207, 2205, 2207, 2203, 2208, 2203, 2204, 
688, 2208, 2211, 2203, 2207, 2204, 2207, 2206, 2205, 
689, 2208, 2211, 2206, 2208, 2206, 2208, 2206, 2205, 
690, 2207, 2211, 2208, 2207, 2207, 2207, 2206, 2205, 
691, 2207, 2211, 2207, 2207, 2207, 2210, 2208, 2205, 
692, 2208, 2211, 2208, 2208, 2207, 2210, 2208, 2207, 
693, 2211, 2210, 2208, 2210, 2208, 2210, 2208, 2208, 
694, 2211, 2211, 2209, 2211, 2212, 2210, 2210, 2208, 
695, 2210, 2211, 2210, 2213, 2213, 2213, 2209, 2211, 
696, 2210, 2211, 2212, 2214, 2213, 2211, 2211, 2212, 
697, 2214, 2212, 2213, 2213, 2213, 2211, 2210, 2212, 
698, 2213, 2212, 2213, 2213, 2213, 2214, 2212, 2213, 
699, 2215, 2212, 2214, 2214, 2215, 2214, 2212, 2214, 
700, 2215, 2212, 2215, 2214, 2214, 2214, 2213, 2217, 
701, 2215, 2213, 2215, 2215, 2214, 2216, 2214, 2216, 
702, 2215, 2214, 2214, 2216, 2215, 2218, 2215, 2218, 
703, 2215, 2218, 2216, 2216, 2214, 2219, 2215, 2216, 
704, 2216, 2214, 2216, 2216, 2216, 2219, 2215, 2216, 
705, 2217, 2216, 2217, 2217, 2217, 2220, 2216, 2217, 
706, 2222, 2220, 2217, 2218, 2218, 2220, 2218, 2218, 
707, 2222, 2219, 2217, 2218, 2219, 2220, 2217, 2218, 
708, 2221, 2218, 2217, 2218, 2219, 2220, 2217, 2218, 
709, 2222, 2220, 2218, 2219, 2220, 2221, 2218, 2219, 
710, 2222, 2220, 2219, 2219, 2220, 2220, 2219, 2219, 
711, 2222, 2223, 2221, 2223, 2220, 2221, 2219, 2220, 
712, 2222, 2225, 2221, 2223, 2220, 2221, 2221, 2221, 
713, 2222, 2225, 2222, 2223, 2220, 2222, 2222, 2222, 
714, 2222, 2225, 2221, 2223, 2220, 2223, 2222, 2224, 
715, 2222, 2226, 2223, 2224, 2221, 2223, 2222, 2224, 
716, 2222, 2226, 2223, 2223, 2222, 2223, 2223, 2223, 
717, 2222, 2226, 2223, 2223, 2224, 2224, 2223, 2223, 
718, 2224, 2227, 2224, 2224, 2225, 2224, 2224, 2223, 
719, 2225, 2227, 2224, 2224, 2225, 2225, 2226, 2225, 
720, 2225, 2228, 2226, 2224, 2227, 2225, 2226, 2224, 
721, 2227, 2228, 2227, 2225, 2228, 2226, 2227, 2225, 
722, 2226, 2230, 2228, 2225, 2228, 2226, 2227, 2227, 
723, 2226, 2229, 2229, 2226, 2229, 2227, 2227, 2228, 
724, 2228, 2230, 2229, 2226, 2229, 2228, 2228, 2229, 
725, 2228, 2230, 2228, 2226, 2230, 2229, 2229, 2229, 
726, 2229, 2231, 2229, 2227, 2230, 2229, 2230, 2229, 
727, 2230, 2232, 2229, 2229, 2231, 2230, 2228, 2230, 
728, 2230, 2232, 2232, 2228, 2231, 2232, 2230, 2232, 
729, 2230, 2232, 2232, 2229, 2232, 2233, 2231, 2231, 
730, 2233, 2232, 2232, 2233, 2232, 2235, 2231, 2233, 
731, 2234, 2232, 2232, 2230, 2232, 2235, 2233, 2234, 
732, 2234, 2236, 2232, 2230, 2235, 2235, 2233, 2235, 
733, 2236, 2236, 2235, 2235, 2236, 2235, 2232, 2234, 
734, 2236, 2236, 2233, 2235, 2237, 2236, 2232, 2234, 
735, 2236, 2236, 2233, 2235, 2237, 2236, 2233, 2234, 
736, 2235, 2237, 2235, 2235, 2238, 2236, 2233, 2236, 
737, 2238, 2236, 2238, 2235, 2238, 2236, 2233, 2236, 
738, 2238, 2236, 2237, 2236, 2238, 2236, 2233, 2237, 
739, 2240, 2236, 2238, 2236, 2239, 2236, 2235, 2238, 
740, 2240, 2236, 2238, 2237, 2239, 2237, 2235, 2238, 
741, 2240, 2236, 2238, 2239, 2238, 2238, 2236, 2240, 
742, 2240, 2236, 2243, 2238, 2240, 2238, 2236, 2241, 
743, 2242, 2237, 2244, 2237, 2242, 2241, 2234, 2241, 
744, 2241, 2236, 2245, 2240, 2242, 2240, 2238, 2243, 
745, 2241, 2237, 2245, 2241, 2242, 2240, 2241, 2244, 
746, 2241, 2237, 2245, 2240, 2243, 2240, 2241, 2243, 
747, 2241, 2239, 2245, 2241, 2244, 2241, 2241, 2244, 
748, 2241, 2240, 2246, 2242, 2246, 2241, 2242, 2244, 
749, 2241, 2243, 2247, 2242, 2247, 2241, 2245, 2244, 
750, 2242, 2243, 2248, 2247, 2247, 2241, 2245, 2246, 
751, 2243, 2242, 2248, 2246, 2248, 2242, 2246, 2245, 
752, 2244, 2242, 2247, 2247, 2247, 2245, 2247, 2246, 
753, 2243, 2243, 2247, 2247, 2248, 2245, 2247, 2246, 
754, 2246, 2248, 2247, 2248, 2249, 2246, 2249, 2246, 
755, 2247, 2247, 2248, 2248, 2249, 2247, 2248, 2246, 
756, 2250, 2246, 2249, 2248, 2251, 2249, 2250, 2245, 
757, 2250, 2246, 2248, 2249, 2252, 2250, 2249, 2246, 
758, 2249, 2252, 2249, 2248, 2252, 2249, 2249, 2247, 
759, 2250, 2251, 2249, 2249, 2254, 2249, 2250, 2246, 
760, 2253, 2250, 2254, 2250, 2254, 2252, 2249, 2246, 
761, 2253, 2253, 2252, 2252, 2255, 2251, 2255, 2247, 
762, 2254, 2252, 2256, 2252, 2255, 2252, 2255, 2248, 
763, 2253, 2253, 2256, 2253, 2255, 2253, 2255, 2251, 
764, 2255, 2254, 2254, 2254, 2256, 2254, 2255, 2249, 
765, 2255, 2254, 2256, 2254, 2256, 2255, 2255, 2252, 
766, 2256, 2254, 2256, 2254, 2255, 2255, 2256, 2253, 
767, 2256, 2254, 2257, 2258, 2255, 2255, 2256, 2254, 
768, 2255, 2254, 2257, 2257, 2255, 2256, 2256, 2255, 
769, 2256, 2255, 2258, 2259, 2258, 2256, 2258, 2256, 
770, 2258, 2255, 2258, 2259, 2258, 2257, 2258, 2256, 
771, 2259, 2255, 2259, 2259, 2258, 2260, 2259, 2257, 
772, 2258, 2257, 2258, 2262, 2258, 2258, 2258, 2256, 
773, 2258, 2257, 2259, 2260, 2259, 2259, 2259, 2256, 
774, 2263, 2258, 2260, 2261, 2259, 2258, 2261, 2258, 
775, 2266, 2257, 2263, 2261, 2259, 2260, 2259, 2259, 
776, 2265, 2260, 2262, 2261, 2259, 2259, 2259, 2260, 
777, 2265, 2261, 2261, 2262, 2258, 2260, 2260, 2260, 
778, 2265, 2262, 2264, 2262, 2259, 2259, 2261, 2262, 
779, 2266, 2261, 2263, 2262, 2260, 2265, 2260, 2263, 
780, 2266, 2265, 2263, 2262, 2260, 2263, 2261, 2263, 
781, 2266, 2264, 2265, 2262, 2260, 2260, 2261, 2263, 
782, 2266, 2266, 2266, 2262, 2260, 2264, 2261, 2263, 
783, 2266, 2264, 2266, 2264, 2263, 2263, 2263, 2264, 
784, 2267, 2265, 2267, 2263, 2263, 2264, 2264, 2264, 
785, 2266, 2266, 2266, 2264, 2262, 2265, 2264, 2263, 
786, 2266, 2266, 2267, 2264, 2262, 2265, 2264, 2264, 
787, 2266, 2269, 2268, 2265, 2262, 2267, 2265, 2269, 
788, 2267, 2268, 2267, 2264, 2264, 2267, 2265, 2268, 
789, 2267, 2270, 2270, 2265, 2269, 2269, 2266, 2268, 
790, 2268, 2268, 2269, 2264, 2268, 2268, 2266, 2269, 
791, 2267, 2269, 2268, 2267, 2268, 2269, 2268, 2269, 
792, 2267, 2269, 2269, 2266, 2270, 2270, 2268, 2270, 
793, 2269, 2269, 2273, 2267, 2270, 2270, 2267, 2270, 
794, 2272, 2270, 2274, 2268, 2272, 2271, 2269, 2269, 
795, 2271, 2270, 2274, 2268, 2273, 2273, 2269, 2270, 
796, 2272, 2270, 2274, 2269, 2273, 2276, 2270, 2270, 
797, 2273, 2271, 2274, 2273, 2274, 2276, 2272, 2271, 
798, 2274, 2271, 2274, 2271, 2275, 2276, 2272, 2271, 
799, 2274, 2271, 2275, 2273, 2275, 2275, 2274, 2272, 
800, 2274, 2273, 2275, 2275, 2275, 2276, 2275, 2273, 
801, 2275, 2274, 2275, 2275, 2275, 2276, 2275, 2274, 
802, 2276, 2275, 2275, 2275, 2276, 2277, 2275, 2274, 
803, 2276, 2276, 2275, 2277, 2276, 2279, 2277, 2277, 
804, 2277, 2277, 2275, 2278, 2278, 2278, 2276, 2278, 
805, 2277, 2277, 2276, 2280, 2278, 2279, 2280, 2279, 
806, 2277, 2279, 2281, 2282, 2281, 2278, 2281, 2278, 
807, 2278, 2281, 2281, 2283, 2282, 2278, 2282, 2280, 
808, 2282, 2281, 2281, 2282, 2282, 2280, 2281, 2280, 
809, 2282, 2281, 2282, 2282, 2282, 2281, 2282, 2282, 
810, 2281, 2282, 2282, 2283, 2282, 2282, 2283, 2283, 
811, 2281, 2284, 2283, 2286, 2282, 2281, 2284, 2283, 
812, 2282, 2284, 2283, 2286, 2281, 2281, 2283, 2283, 
813, 2282, 2284, 2282, 2287, 2282, 2282, 2283, 2284, 
814, 2282, 2283, 2284, 2286, 2284, 2283, 2285, 2285, 
815, 2284, 2283, 2284, 2287, 2284, 2284, 2285, 2286, 
816, 2287, 2284, 2285, 2287, 2285, 2284, 2287, 2286, 
817, 2289, 2285, 2287, 2287, 2285, 2284, 2288, 2286, 
818, 2287, 2285, 2286, 2288, 2289, 2285, 2288, 2286, 
819, 2287, 2287, 2285, 2287, 2289, 2285, 2288, 2286, 
820, 2287, 2288, 2286, 2287, 2288, 2285, 2291, 2286, 
821, 2288, 2287, 2285, 2287, 2288, 2286, 2291, 2286, 
822, 2288, 2288, 2288, 2287, 2287, 2286, 2291, 2288, 
823, 2287, 2289, 2287, 2287, 2289, 2290, 2290, 2287, 
824, 2287, 2288, 2288, 2289, 2289, 2289, 2291, 2288, 
825, 2288, 2288, 2291, 2290, 2288, 2288, 2291, 2290, 
826, 2290, 2291, 2289, 2288, 2289, 2289, 2291, 2291, 
827, 2290, 2290, 2288, 2289, 2290, 2291, 2291, 2292, 
828, 2291, 2290, 2290, 2291, 2291, 2291, 2290, 2293, 
829, 2291, 2291, 2289, 2291, 2291, 2292, 2290, 2293, 
830, 2292, 2292, 2291, 2292, 2293, 2292, 2290, 2293, 
831, 2291, 2291, 2291, 2294, 2293, 2293, 2291, 2294, 
832, 2294, 2292, 2293, 2294, 2294, 2293, 2294, 2297, 
833, 2293, 2291, 2294, 2295, 2296, 2294, 2293, 2297, 
834, 2295, 2295, 2294, 2295, 2297, 2295, 2293, 2296, 
835, 2294, 2295, 2294, 2296, 2296, 2295, 2294, 2296, 
836, 2295, 2295, 2294, 2295, 2297, 2294, 2294, 2297, 
837, 2295, 2296, 2296, 2296, 2296, 2295, 2295, 2297, 
838, 2295, 2297, 2296, 2297, 2296, 2295, 2296, 2297, 
839, 2294, 2298, 2295, 2298, 2299, 2295, 2297, 2297, 
840, 2296, 2298, 2295, 2298, 2299, 2295, 2299, 2298, 
841, 2299, 2297, 2298, 2299, 2300, 2295, 2299, 2297, 
842, 2299, 2297, 2298, 2299, 2300, 2296, 2300, 2299, 
843, 2301, 2298, 2299, 2299, 2300, 2303, 2300, 2299, 
844, 2303, 2298, 2301, 2302, 2300, 2299, 2300, 2300, 
845, 2303, 2298, 2302, 2301, 2302, 2299, 2300, 2300, 
846, 2304, 2299, 2304, 2305, 2302, 2299, 2300, 2300, 
847, 2304, 2300, 2304, 2305, 2302, 2300, 2301, 2300, 
848, 2305, 2303, 2306, 2306, 2302, 2300, 2301, 2306, 
849, 2305, 2304, 2306, 2305, 2302, 2302, 2302, 2303, 
850, 2307, 2304, 2306, 2306, 2301, 2302, 2302, 2305, 
851, 2307, 2303, 2305, 2307, 2303, 2304, 2302, 2307, 
852, 2308, 2303, 2305, 2307, 2305, 2304, 2307, 2308, 
853, 2308, 2310, 2306, 2312, 2310, 2305, 2304, 2308, 
854, 2309, 2309, 2310, 2312, 2310, 2305, 2304, 2309, 
855, 2311, 2311, 2309, 2311, 2312, 2305, 2305, 2309, 
856, 2311, 2310, 2309, 2310, 2312, 2308, 2306, 2309, 
857, 2311, 2312, 2312, 2309, 2313, 2310, 2305, 2310, 
858, 2313, 2313, 2313, 2311, 2314, 2310, 2307, 2310, 
859, 2313, 2316, 2313, 2312, 2313, 2310, 2313, 2313, 
860, 2315, 2316, 2314, 2312, 2314, 2311, 2313, 2313, 
861, 2317, 2316, 2313, 2313, 2314, 2312, 2313, 2312, 
862, 2317, 2317, 2312, 2312, 2315, 2314, 2313, 2313, 
863, 2317, 2317, 2312, 2314, 2315, 2313, 2313, 2314, 
864, 2317, 2317, 2314, 2312, 2315, 2314, 2315, 2313, 
865, 2317, 2318, 2314, 2314, 2315, 2316, 2315, 2314, 
866, 2317, 2318, 2317, 2314, 2315, 2315, 2315, 2314, 
867, 2318, 2319, 2315, 2315, 2315, 2316, 2317, 2313, 
868, 2318, 2319, 2317, 2317, 2315, 2318, 2318, 2316, 
869, 2318, 2319, 2317, 2319, 2317, 2319, 2318, 2316, 
870, 2319, 2320, 2319, 2319, 2319, 2316, 2320, 2317, 
871, 2318, 2320, 2319, 2318, 2318, 2316, 2317, 2317, 
872, 2320, 2320, 2320, 2318, 2319, 2317, 2318, 2316, 
873, 2319, 2320, 2320, 2320, 2320, 2318, 2319, 2318, 
874, 2318, 2320, 2320, 2320, 2321, 2318, 2319, 2319, 
875, 2320, 2320, 2323, 2321, 2323, 2319, 2320, 2316, 
876, 2321, 2320, 2322, 2322, 2321, 2319, 2321, 2317, 
877, 2320, 2320, 2322, 2322, 2322, 2322, 2321, 2318, 
878, 2322, 2320, 2325, 2321, 2322, 2321, 2320, 2318, 
879, 2322, 2323, 2326, 2321, 2322, 2322, 2321, 2319, 
880, 2322, 2323, 2326, 2321, 2323, 2323, 2321, 2317, 
881, 2322, 2323, 2325, 2322, 2324, 2322, 2322, 2317, 
882, 2322, 2323, 2325, 2322, 2322, 2323, 2323, 2319, 
883, 2322, 2323, 2326, 2322, 2323, 2325, 2323, 2320, 
884, 2324, 2323, 2326, 2322, 2323, 2325, 2324, 2320, 
885, 2327, 2323, 2325, 2322, 2327, 2326, 2325, 2322, 
886, 2328, 2325, 2325, 2322, 2326, 2327, 2325, 2322, 
887, 2329, 2325, 2326, 2322, 2327, 2328, 2326, 2323, 
888, 2329, 2325, 2326, 2323, 2328, 2328, 2328, 2323, 
889, 2329, 2326, 2326, 2329, 2330, 2329, 2327, 2323, 
890, 2329, 2328, 2326, 2327, 2330, 2328, 2328, 2324, 
891, 2330, 2327, 2327, 2328, 2330, 2329, 2329, 2326, 
892, 2329, 2327, 2328, 2326, 2330, 2330, 2327, 2328, 
893, 2329, 2328, 2328, 2327, 2330, 2330, 2328, 2327, 
894, 2330, 2329, 2328, 2327, 2332, 2330, 2328, 2329, 
895, 2329, 2328, 2328, 2328, 2330, 2331, 2328, 2329, 
896, 2330, 2327, 2328, 2330, 2331, 2331, 2328, 2329, 
897, 2329, 2330, 2329, 2332, 2331, 2331, 2328, 2329, 
898, 2332, 2329, 2328, 2334, 2331, 2331, 2329, 2330, 
899, 2335, 2330, 2328, 2335, 2332, 2334, 2329, 2330, 
900, 2334, 2330, 2329, 2334, 2332, 2332, 2329, 2329, 
901, 2335, 2331, 2332, 2334, 2331, 2333, 2334, 2331, 
902, 2336, 2333, 2332, 2335, 2331, 2333, 2333, 2331, 
903, 2335, 2331, 2332, 2335, 2331, 2336, 2335, 2331, 
904, 2335, 2334, 2332, 2336, 2330, 2335, 2335, 2332, 
905, 2334, 2334, 2332, 2336, 2331, 2336, 2337, 2333, 
906, 2335, 2333, 2331, 2335, 2330, 2336, 2337, 2333, 
907, 2336, 2334, 2335, 2337, 2332, 2336, 2337, 2333, 
908, 2337, 2334, 2334, 2337, 2333, 2337, 2337, 2336, 
909, 2337, 2334, 2334, 2338, 2333, 2336, 2336, 2338, 
910, 2337, 2335, 2334, 2338, 2336, 2336, 2337, 2338, 
911, 2338, 2337, 2334, 2338, 2337, 2336, 2337, 2340, 
912, 2338, 2339, 2336, 2338, 2337, 2336, 2338, 2340, 
913, 2338, 2338, 2337, 2338, 2338, 2336, 2339, 2339, 
914, 2339, 2339, 2337, 2339, 2337, 2336, 2339, 2340, 
915, 2339, 2340, 2336, 2338, 2340, 2337, 2339, 2341, 
916, 2339, 2340, 2337, 2339, 2339, 2337, 2340, 2341, 
917, 2340, 2340, 2338, 2338, 2339, 2337, 2340, 2341, 
918, 2340, 2340, 2338, 2340, 2341, 2338, 2341, 2341, 
919, 2341, 2340, 2339, 2339, 2342, 2338, 2340, 2341, 
920, 2341, 2340, 2338, 2340, 2341, 2340, 2340, 2343, 
921, 2341, 2341, 2338, 2340, 2342, 2341, 2340, 2340, 
922, 2343, 2342, 2338, 2342, 2342, 2341, 2340, 2342, 
923, 2342, 2343, 2339, 2340, 2342, 2342, 2340, 2342, 
924, 2343, 2344, 2340, 2341, 2343, 2343, 2340, 2342, 
925, 2343, 2347, 2341, 2341, 2344, 2343, 2341, 2343, 
926, 2343, 2346, 2342, 2342, 2344, 2345, 2341, 2344, 
927, 2343, 2346, 2343, 2343, 2345, 2345, 2344, 2344, 
928, 2343, 2346, 2342, 2345, 2346, 2347, 2343, 2344, 
929, 2344, 2347, 2342, 2349, 2345, 2349, 2345, 2343, 
930, 2345, 2347, 2342, 2348, 2347, 2349, 2345, 2347, 
931, 2346, 2348, 2342, 2348, 2346, 2348, 2345, 2347, 
932, 2346, 2348, 2344, 2348, 2346, 2349, 2346, 2348, 
933, 2345, 2347, 2344, 2349, 2346, 2348, 2346, 2348, 
934, 2345, 2347, 2345, 2349, 2348, 2348, 2347, 2347, 
935, 2346, 2348, 2347, 2349, 2348, 2349, 2347, 2347, 
936, 2348, 2347, 2345, 2349, 2349, 2348, 2348, 2349, 
937, 2348, 2348, 2348, 2349, 2349, 2349, 2348, 2349, 
938, 2349, 2348, 2348, 2349, 2350, 2349, 2348, 2348, 
939, 2350, 2349, 2350, 2349, 2349, 2350, 2348, 2352, 
940, 2349, 2349, 2351, 2349, 2349, 2349, 2348, 2352, 
941, 2350, 2350, 2350, 2350, 2350, 2349, 2350, 2351, 
942, 2350, 2350, 2349, 2352, 2349, 2350, 2350, 2352, 
943, 2351, 2350, 2349, 2352, 2349, 2350, 2350, 2352, 
944, 2352, 2349, 2349, 2351, 2350, 2351, 2350, 2351, 
945, 2352, 2350, 2349, 2352, 2349, 2351, 2352, 2351, 
946, 2353, 2352, 2350, 2352, 2349, 2351, 2351, 2353, 
947, 2354, 2352, 2351, 2352, 2350, 2350, 2352, 2353, 
948, 2355, 2353, 2352, 2353, 2351, 2350, 2352, 2354, 
949, 2355, 2352, 2352, 2353, 2350, 2351, 2354, 2354, 
950, 2355, 2354, 2353, 2353, 2350, 2351, 2354, 2354, 
951, 2355, 2355, 2352, 2354, 2351, 2354, 2354, 2355, 
952, 2355, 2357, 2352, 2355, 2351, 2354, 2354, 2357, 
953, 2355, 2356, 2352, 2356, 2352, 2355, 2354, 2356, 
954, 2355, 2358, 2355, 2358, 2352, 2355, 2355, 2357, 
955, 2357, 2358, 2356, 2359, 2354, 2358, 2355, 2358, 
956, 2359, 2358, 2356, 2359, 2354, 2358, 2356, 2358, 
957, 2358, 2359, 2356, 2359, 2355, 2356, 2356, 2357, 
958, 2358, 2359, 2356, 2359, 2354, 2355, 2356, 2358, 
959, 2358, 2360, 2358, 2359, 2354, 2356, 2357, 2358, 
960, 2358, 2360, 2358, 2359, 2355, 2358, 2357, 2359, 
961, 2358, 2361, 2358, 2359, 2357, 2359, 2356, 2359, 
962, 2358, 2361, 2357, 2358, 2356, 2359, 2356, 2360, 
963, 2358, 2361, 2357, 2359, 2359, 2360, 2358, 2360, 
964, 2359, 2362, 2357, 2359, 2360, 2362, 2358, 2360, 
965, 2359, 2363, 2358, 2359, 2360, 2363, 2362, 2360, 
966, 2360, 2363, 2359, 2359, 2361, 2362, 2362, 2360, 
967, 2360, 2363, 2359, 2360, 2361, 2363, 2362, 2359, 
968, 2360, 2362, 2359, 2360, 2361, 2363, 2362, 2360, 
969, 2359, 2363, 2360, 2359, 2362, 2362, 2361, 2361, 
970, 2362, 2363, 2360, 2360, 2362, 2362, 2362, 2361, 
971, 2362, 2363, 2360, 2361, 2362, 2362, 2362, 2362, 
972, 2363, 2363, 2360, 2362, 2361, 2362, 2362, 2362, 
973, 2363, 2363, 2363, 2363, 2364, 2362, 2362, 2362, 
974, 2363, 2363, 2363, 2362, 2365, 2362, 2362, 2362, 
975, 2362, 2363, 2364, 2362, 2364, 2363, 2364, 2363, 
976, 2365, 2364, 2364, 2362, 2364, 2363, 2364, 2363, 
977, 2367, 2364, 2364, 2363, 2364, 2365, 2363, 2363, 
978, 2366, 2365, 2365, 2364, 2364, 2365, 2364, 2363, 
979, 2366, 2364, 2364, 2364, 2364, 2364, 2364, 2363, 
980, 2367, 2365, 2366, 2364, 2365, 2365, 2363, 2364, 
981, 2368, 2365, 2366, 2364, 2364, 2365, 2363, 2365, 
982, 2367, 2365, 2366, 2364, 2364, 2368, 2368, 2365, 
983, 2367, 2365, 2366, 2367, 2365, 2366, 2368, 2365, 
984, 2367, 2367, 2366, 2366, 2364, 2366, 2367, 2366, 
985, 2369, 2367, 2367, 2367, 2366, 2368, 2367, 2365, 
986, 2369, 2369, 2367, 2366, 2368, 2369, 2368, 2367, 
987, 2369, 2368, 2367, 2366, 2367, 2370, 2367, 2367, 
988, 2370, 2368, 2368, 2366, 2369, 2370, 2367, 2366, 
989, 2370, 2369, 2367, 2367, 2370, 2370, 2368, 2369, 
990, 2370, 2370, 2367, 2367, 2370, 2370, 2368, 2370, 
991, 2370, 2371, 2368, 2370, 2369, 2370, 2369, 2369, 
992, 2370, 2371, 2368, 2368, 2370, 2370, 2369, 2370, 
993, 2370, 2371, 2370, 2370, 2370, 2370, 2369, 2370, 
994, 2370, 2372, 2368, 2370, 2371, 2370, 2369, 2370, 
995, 2370, 2372, 2371, 2370, 2372, 2369, 2370, 2370, 
996, 2370, 2372, 2371, 2372, 2371, 2369, 2370, 2369, 
997, 2370, 2372, 2371, 2371, 2370, 2371, 2370, 2369, 
998, 2371, 2373, 2372, 2372, 2372, 2371, 2371, 2369, 
999, 2371, 2373, 2372, 2373, 2372, 2372, 2370, 2371, 
1000, 2371, 2372, 2372, 2373, 2372, 2372, 2371, 2372, 
1001, 2371, 2372, 2372, 2372, 2372, 2372, 2370, 2374, 
1002, 2372, 2373, 2372, 2373, 2372, 2372, 2372, 2374, 
1003, 2372, 2373, 2372, 2372, 2372, 2373, 2372, 2374, 
1004, 2371, 2374, 2372, 2371, 2373, 2373, 2372, 2374, 
1005, 2371, 2374, 2372, 2371, 2372, 2375, 2372, 2374, 
1006, 2372, 2373, 2372, 2372, 2374, 2374, 2372, 2375, 
1007, 2373, 2374, 2371, 2372, 2374, 2374, 2373, 2376, 
1008, 2373, 2374, 2371, 2374, 2374, 2374, 2373, 2376, 
1009, 2373, 2375, 2371, 2374, 2375, 2376, 2374, 2376, 
1010, 2373, 2374, 2374, 2373, 2375, 2376, 2374, 2377, 
1011, 2373, 2377, 2373, 2373, 2376, 2376, 2374, 2377, 
1012, 2374, 2377, 2372, 2373, 2377, 2376, 2375, 2378, 
1013, 2375, 2378, 2374, 2375, 2376, 2376, 2375, 2378, 
1014, 2375, 2376, 2375, 2376, 2378, 2376, 2375, 2378, 
1015, 2375, 2377, 2375, 2375, 2378, 2376, 2376, 2378, 
1016, 2375, 2376, 2375, 2375, 2378, 2376, 2376, 2378, 
1017, 2375, 2378, 2375, 2375, 2379, 2377, 2377, 2378, 
1018, 2377, 2378, 2375, 2377, 2379, 2377, 2377, 2378, 
1019, 2377, 2378, 2377, 2379, 2379, 2378, 2377, 2379, 
1020, 2378, 2378, 2378, 2379, 2379, 2378, 2376, 2378, 
1021, 2378, 2378, 2378, 2379, 2379, 2379, 2376, 2378, 
1022, 2378, 2379, 2377, 2379, 2380, 2380, 2377, 2378, 
1023, 2378, 2378, 2379, 2379, 2380, 2381, 2376, 2378, 
1024, 2378, 2380, 2378, 2379, 2380, 2381, 2376, 2380, 
1025, 2379, 2379, 2378, 2380, 2380, 2381, 2375, 2379, 
1026, 2379, 2380, 2378, 2379, 2380, 2382, 2378, 2378, 
1027, 2379, 2380, 2378, 2379, 2380, 2382, 2377, 2378, 
1028, 2381, 2379, 2379, 2379, 2380, 2382, 2379, 2378, 
1029, 2380, 2380, 2379, 2379, 2381, 2382, 2379, 2379, 
1030, 2380, 2379, 2378, 2379, 2382, 2383, 2378, 2379, 
1031, 2382, 2380, 2380, 2380, 2382, 2382, 2379, 2380, 
1032, 2381, 2381, 2380, 2381, 2382, 2382, 2379, 2380, 
1033, 2382, 2381, 2380, 2379, 2382, 2381, 2380, 2380, 
1034, 2382, 2381, 2380, 2381, 2383, 2381, 2381, 2380, 
1035, 2382, 2381, 2381, 2382, 2383, 2381, 2380, 2380, 
1036, 2382, 2382, 2380, 2382, 2383, 2382, 2380, 2379, 
1037, 2382, 2383, 2384, 2382, 2386, 2382, 2380, 2379, 
1038, 2383, 2382, 2383, 2382, 2383, 2382, 2380, 2381, 
1039, 2382, 2383, 2381, 2383, 2383, 2383, 2381, 2380, 
1040, 2382, 2382, 2383, 2384, 2383, 2383, 2381, 2379, 
1041, 2382, 2381, 2381, 2384, 2384, 2383, 2380, 2379, 
1042, 2382, 2384, 2383, 2385, 2383, 2384, 2381, 2379, 
1043, 2382, 2383, 2384, 2385, 2385, 2384, 2383, 2379, 
1044, 2382, 2383, 2384, 2385, 2385, 2385, 2382, 2380, 
1045, 2382, 2384, 2384, 2385, 2384, 2384, 2384, 2380, 
1046, 2382, 2384, 2384, 2385, 2385, 2384, 2384, 2380, 
1047, 2382, 2384, 2385, 2386, 2385, 2384, 2384, 2381, 
1048, 2383, 2384, 2385, 2385, 2385, 2384, 2384, 2384, 
1049, 2384, 2384, 2384, 2384, 2384, 2384, 2384, 2384, 
1050, 2384, 2384, 2384, 2385, 2386, 2385, 2384, 2385, 
1051, 2384, 2386, 2384, 2385, 2386, 2386, 2385, 2384, 
1052, 2384, 2386, 2384, 2385, 2384, 2386, 2385, 2385, 
1053, 2384, 2386, 2385, 2385, 2384, 2386, 2384, 2385, 
1054, 2384, 2386, 2385, 2385, 2385, 2386, 2385, 2385, 
1055, 2385, 2386, 2387, 2385, 2385, 2386, 2385, 2386, 
1056, 2386, 2387, 2387, 2386, 2385, 2386, 2386, 2385, 
1057, 2385, 2386, 2387, 2386, 2385, 2386, 2386, 2385, 
1058, 2385, 2386, 2387, 2387, 2385, 2387, 2386, 2387, 
1059, 2388, 2385, 2387, 2386, 2386, 2386, 2387, 2387, 
1060, 2388, 2388, 2387, 2386, 2386, 2386, 2387, 2387, 
1061, 2388, 2388, 2388, 2387, 2388, 2387, 2387, 2387, 
1062, 2388, 2388, 2387, 2387, 2388, 2387, 2387, 2388, 
1063, 2390, 2387, 2387, 2387, 2387, 2387, 2387, 2389, 
1064, 2389, 2387, 2387, 2388, 2389, 2386, 2388, 2389, 
1065, 2389, 2387, 2388, 2388, 2390, 2386, 2388, 2389, 
1066, 2389, 2387, 2388, 2387, 2390, 2386, 2387, 2389, 
1067, 2390, 2387, 2389, 2387, 2390, 2386, 2387, 2390, 
1068, 2390, 2389, 2390, 2388, 2390, 2386, 2387, 2390, 
1069, 2389, 2389, 2390, 2388, 2390, 2386, 2388, 2391, 
1070, 2389, 2388, 2390, 2388, 2390, 2386, 2388, 2390, 
1071, 2390, 2389, 2390, 2389, 2390, 2387, 2389, 2390, 
1072, 2391, 2389, 2391, 2389, 2391, 2388, 2389, 2390, 
1073, 2391, 2389, 2390, 2389, 2391, 2388, 2390, 2390, 
1074, 2391, 2389, 2391, 2388, 2390, 2389, 2390, 2390, 
1075, 2391, 2389, 2390, 2389, 2391, 2388, 2391, 2391, 
1076, 2391, 2390, 2390, 2392, 2391, 2390, 2392, 2390, 
1077, 2392, 2389, 2390, 2391, 2391, 2390, 2392, 2390, 
1078, 2392, 2390, 2392, 2393, 2391, 2391, 2392, 2390, 
1079, 2392, 2391, 2392, 2393, 2390, 2392, 2394, 2391, 
1080, 2392, 2392, 2392, 2393, 2391, 2391, 2392, 2391, 
1081, 2392, 2392, 2392, 2393, 2390, 2394, 2393, 2391, 
1082, 2391, 2391, 2392, 2394, 2390, 2393, 2393, 2391, 
1083, 2392, 2392, 2392, 2393, 2390, 2394, 2394, 2391, 
1084, 2391, 2391, 2392, 2393, 2393, 2393, 2394, 2392, 
1085, 2392, 2392, 2393, 2393, 2393, 2393, 2394, 2392, 
1086, 2394, 2394, 2392, 2394, 2394, 2394, 2394, 2392, 
1087, 2395, 2393, 2392, 2393, 2395, 2394, 2394, 2392, 
1088, 2394, 2392, 2392, 2393, 2396, 2394, 2395, 2393, 
1089, 2394, 2395, 2392, 2393, 2396, 2394, 2395, 2393, 
1090, 2393, 2394, 2391, 2394, 2397, 2394, 2394, 2394, 
1091, 2393, 2394, 2393, 2394, 2396, 2394, 2394, 2394, 
1092, 2394, 2395, 2393, 2393, 2396, 2394, 2394, 2394, 
1093, 2394, 2394, 2393, 2395, 2396, 2394, 2395, 2395, 
1094, 2394, 2394, 2393, 2395, 2397, 2394, 2395, 2394, 
1095, 2395, 2395, 2395, 2395, 2397, 2393, 2395, 2394, 
1096, 2395, 2395, 2395, 2395, 2397, 2393, 2395, 2394, 
1097, 2398, 2396, 2395, 2395, 2397, 2394, 2395, 2396, 
1098, 2398, 2396, 2395, 2395, 2397, 2394, 2395, 2394, 
1099, 2398, 2397, 2395, 2396, 2397, 2395, 2395, 2395, 
1100, 2398, 2401, 2397, 2397, 2397, 2394, 2396, 2396, 
1101, 2398, 2400, 2398, 2397, 2398, 2394, 2398, 2396, 
1102, 2398, 2401, 2397, 2397, 2398, 2394, 2398, 2396, 
1103, 2398, 2401, 2399, 2396, 2397, 2395, 2399, 2397, 
1104, 2399, 2402, 2399, 2396, 2397, 2397, 2399, 2398, 
1105, 2402, 2402, 2398, 2397, 2397, 2397, 2399, 2399, 
1106, 2400, 2402, 2398, 2397, 2399, 2397, 2399, 2397, 
1107, 2400, 2402, 2398, 2398, 2399, 2398, 2399, 2400, 
1108, 2402, 2402, 2400, 2397, 2399, 2398, 2399, 2400, 
1109, 2402, 2402, 2399, 2398, 2401, 2398, 2399, 2400, 
1110, 2402, 2403, 2401, 2398, 2401, 2398, 2400, 2400, 
1111, 2402, 2403, 2402, 2398, 2401, 2398, 2400, 2400, 
1112, 2402, 2403, 2401, 2397, 2402, 2398, 2400, 2399, 
1113, 2402, 2403, 2401, 2398, 2403, 2398, 2400, 2399, 
1114, 2402, 2403, 2401, 2398, 2403, 2398, 2401, 2399, 
1115, 2402, 2403, 2402, 2398, 2403, 2399, 2402, 2399, 
1116, 2402, 2405, 2402, 2397, 2402, 2400, 2402, 2402, 
1117, 2402, 2406, 2402, 2397, 2402, 2401, 2403, 2402, 
1118, 2403, 2405, 2402, 2397, 2404, 2402, 2402, 2406, 
1119, 2403, 2406, 2402, 2398, 2404, 2401, 2404, 2404, 
1120, 2402, 2407, 2403, 2400, 2404, 2400, 2406, 2402, 
1121, 2402, 2406, 2404, 2406, 2404, 2401, 2405, 2403, 
1122, 2402, 2407, 2403, 2405, 2405, 2401, 2405, 2402, 
1123, 2402, 2406, 2405, 2405, 2407, 2401, 2405, 2403, 
1124, 2401, 2406, 2405, 2405, 2407, 2404, 2405, 2402, 
1125, 2403, 2407, 2405, 2405, 2406, 2404, 2405, 2402, 
1126, 2404, 2407, 2405, 2404, 2406, 2404, 2406, 2403, 
1127, 2404, 2407, 2406, 2404, 2406, 2405, 2406, 2403, 
1128, 2406, 2407, 2407, 2404, 2406, 2406, 2406, 2402, 
1129, 2406, 2407, 2407, 2405, 2406, 2406, 2406, 2404, 
1130, 2406, 2407, 2407, 2406, 2406, 2406, 2406, 2406, 
1131, 2406, 2407, 2407, 2406, 2406, 2406, 2406, 2406, 
1132, 2406, 2407, 2406, 2406, 2407, 2407, 2406, 2405, 
1133, 2407, 2407, 2408, 2406, 2408, 2407, 2408, 2408, 
1134, 2406, 2407, 2407, 2406, 2408, 2407, 2408, 2407, 
1135, 2406, 2407, 2407, 2406, 2408, 2407, 2407, 2408, 
1136, 2408, 2407, 2408, 2406, 2409, 2407, 2408, 2407, 
1137, 2407, 2408, 2408, 2406, 2409, 2408, 2408, 2408, 
1138, 2407, 2408, 2409, 2405, 2409, 2408, 2408, 2407, 
1139, 2408, 2408, 2409, 2407, 2409, 2408, 2408, 2407, 
1140, 2408, 2408, 2409, 2407, 2408, 2408, 2407, 2408, 
1141, 2408, 2408, 2409, 2406, 2409, 2408, 2407, 2408, 
1142, 2408, 2408, 2409, 2406, 2409, 2408, 2407, 2408, 
1143, 2409, 2408, 2409, 2406, 2409, 2409, 2407, 2408, 
1144, 2409, 2410, 2409, 2406, 2410, 2408, 2407, 2409, 
1145, 2409, 2409, 2409, 2406, 2410, 2408, 2407, 2409, 
1146, 2409, 2408, 2409, 2407, 2410, 2408, 2407, 2409, 
1147, 2409, 2408, 2409, 2409, 2410, 2409, 2407, 2408, 
1148, 2409, 2408, 2410, 2409, 2410, 2410, 2409, 2409, 
1149, 2412, 2408, 2410, 2409, 2410, 2410, 2408, 2409, 
1150, 2411, 2409, 2410, 2409, 2410, 2410, 2408, 2410, 
1151, 2411, 2409, 2410, 2408, 2411, 2410, 2410, 2410, 
1152, 2410, 2410, 2410, 2409, 2411, 2410, 2408, 2409, 
1153, 2410, 2410, 2410, 2409, 2410, 2410, 2409, 2410, 
1154, 2411, 2409, 2410, 2411, 2411, 2410, 2410, 2409, 
1155, 2411, 2411, 2409, 2411, 2410, 2411, 2410, 2411, 
1156, 2412, 2411, 2409, 2411, 2411, 2410, 2410, 2411, 
1157, 2412, 2412, 2410, 2411, 2411, 2410, 2411, 2411, 
1158, 2413, 2411, 2413, 2411, 2411, 2411, 2411, 2411, 
1159, 2413, 2412, 2412, 2411, 2411, 2410, 2411, 2410, 
1160, 2414, 2413, 2412, 2410, 2411, 2410, 2410, 2411, 
1161, 2413, 2414, 2412, 2411, 2411, 2410, 2412, 2411, 
1162, 2415, 2415, 2412, 2412, 2410, 2410, 2412, 2411, 
1163, 2414, 2415, 2412, 2413, 2413, 2411, 2411, 2411, 
1164, 2414, 2414, 2412, 2412, 2413, 2410, 2414, 2412, 
1165, 2413, 2414, 2412, 2412, 2414, 2409, 2415, 2411, 
1166, 2413, 2415, 2413, 2414, 2414, 2411, 2415, 2411, 
1167, 2413, 2415, 2414, 2416, 2414, 2411, 2416, 2415, 
1168, 2413, 2415, 2413, 2417, 2417, 2412, 2416, 2415, 
1169, 2413, 2415, 2413, 2417, 2417, 2412, 2415, 2415, 
1170, 2414, 2415, 2413, 2417, 2417, 2414, 2414, 2415, 
1171, 2413, 2415, 2415, 2417, 2417, 2414, 2414, 2418, 
1172, 2413, 2415, 2416, 2418, 2417, 2415, 2415, 2418, 
1173, 2413, 2415, 2418, 2416, 2417, 2415, 2415, 2419, 
1174, 2414, 2415, 2419, 2416, 2419, 2415, 2416, 2419, 
1175, 2413, 2416, 2419, 2417, 2419, 2415, 2418, 2418, 
1176, 2413, 2417, 2419, 2418, 2417, 2416, 2417, 2418, 
1177, 2414, 2417, 2418, 2418, 2418, 2416, 2417, 2418, 
1178, 2414, 2418, 2418, 2417, 2418, 2416, 2417, 2418, 
1179, 2416, 2417, 2419, 2417, 2419, 2418, 2418, 2419, 
1180, 2416, 2419, 2419, 2417, 2418, 2418, 2418, 2419, 
1181, 2417, 2419, 2419, 2417, 2418, 2418, 2418, 2420, 
1182, 2417, 2419, 2420, 2417, 2420, 2418, 2420, 2419, 
1183, 2420, 2419, 2420, 2418, 2420, 2418, 2419, 2419, 
1184, 2420, 2420, 2420, 2417, 2420, 2418, 2419, 2420, 
1185, 2419, 2420, 2420, 2417, 2420, 2418, 2419, 2421, 
1186, 2420, 2420, 2420, 2420, 2419, 2418, 2419, 2420, 
1187, 2420, 2419, 2421, 2420, 2422, 2418, 2419, 2420, 
1188, 2421, 2420, 2421, 2420, 2421, 2419, 2418, 2420, 
1189, 2421, 2420, 2421, 2420, 2422, 2421, 2418, 2420, 
1190, 2421, 2419, 2420, 2419, 2421, 2420, 2418, 2421, 
1191, 2420, 2420, 2421, 2420, 2422, 2420, 2420, 2421, 
1192, 2420, 2420, 2422, 2421, 2422, 2422, 2419, 2421, 
1193, 2421, 2421, 2422, 2422, 2422, 2422, 2420, 2421, 
1194, 2421, 2421, 2421, 2422, 2423, 2421, 2421, 2422, 
1195, 2421, 2421, 2421, 2422, 2422, 2421, 2422, 2422, 
1196, 2422, 2421, 2423, 2423, 2422, 2422, 2421, 2421, 
1197, 2423, 2422, 2423, 2423, 2422, 2423, 2421, 2422, 
1198, 2422, 2421, 2422, 2423, 2424, 2422, 2421, 2423, 
1199, 2423, 2421, 2423, 2423, 2424, 2423, 2424, 2425, 
1200, 2424, 2421, 2423, 2423, 2424, 2422, 2425, 2423, 
1201, 2424, 2423, 2423, 2424, 2424, 2423, 2425, 2424, 
1202, 2424, 2422, 2424, 2424, 2424, 2424, 2425, 2424, 
1203, 2424, 2422, 2423, 2423, 2424, 2424, 2424, 2424, 
1204, 2424, 2424, 2424, 2426, 2424, 2423, 2424, 2424, 
1205, 2424, 2423, 2423, 2425, 2424, 2423, 2424, 2424, 
1206, 2423, 2422, 2424, 2425, 2424, 2424, 2424, 2424, 
1207, 2423, 2422, 2426, 2426, 2424, 2425, 2424, 2424, 
1208, 2424, 2424, 2425, 2426, 2424, 2425, 2425, 2425, 
1209, 2423, 2425, 2425, 2426, 2423, 2425, 2425, 2424, 
1210, 2423, 2424, 2424, 2426, 2423, 2426, 2425, 2424, 
1211, 2424, 2424, 2424, 2425, 2422, 2425, 2425, 2424, 
1212, 2424, 2424, 2424, 2426, 2423, 2425, 2426, 2424, 
1213, 2424, 2424, 2424, 2425, 2424, 2425, 2426, 2424, 
1214, 2423, 2424, 2424, 2425, 2425, 2426, 2426, 2425, 
1215, 2424, 2424, 2425, 2426, 2424, 2425, 2425, 2426, 
1216, 2424, 2424, 2425, 2426, 2424, 2426, 2426, 2426, 
1217, 2425, 2425, 2425, 2426, 2426, 2427, 2426, 2426, 
1218, 2426, 2427, 2425, 2426, 2426, 2426, 2426, 2426, 
1219, 2425, 2427, 2426, 2427, 2427, 2427, 2426, 2426, 
1220, 2426, 2427, 2426, 2426, 2426, 2427, 2426, 2426, 
1221, 2426, 2427, 2426, 2427, 2427, 2427, 2426, 2427, 
1222, 2425, 2427, 2427, 2427, 2427, 2426, 2426, 2426, 
1223, 2425, 2429, 2427, 2427, 2428, 2426, 2426, 2427, 
1224, 2426, 2428, 2427, 2427, 2427, 2426, 2428, 2427, 
1225, 2425, 2429, 2427, 2427, 2428, 2426, 2428, 2426, 
1226, 2425, 2429, 2427, 2427, 2428, 2428, 2428, 2426, 
1227, 2426, 2429, 2429, 2427, 2428, 2429, 2428, 2425, 
1228, 2425, 2429, 2429, 2427, 2428, 2428, 2429, 2426, 
1229, 2427, 2428, 2428, 2428, 2428, 2428, 2429, 2426, 
1230, 2426, 2429, 2430, 2428, 2428, 2427, 2429, 2426, 
1231, 2425, 2429, 2430, 2428, 2428, 2427, 2429, 2426, 
1232, 2427, 2429, 2430, 2427, 2428, 2428, 2429, 2427, 
1233, 2427, 2429, 2430, 2428, 2429, 2428, 2429, 2427, 
1234, 2429, 2430, 2430, 2428, 2429, 2428, 2429, 2427, 
1235, 2429, 2429, 2429, 2428, 2429, 2428, 2429, 2427, 
1236, 2428, 2429, 2430, 2428, 2429, 2428, 2428, 2428, 
1237, 2428, 2429, 2430, 2428, 2429, 2429, 2429, 2428, 
1238, 2428, 2429, 2430, 2428, 2429, 2429, 2429, 2428, 
1239, 2429, 2429, 2430, 2428, 2429, 2429, 2429, 2428, 
1240, 2429, 2429, 2430, 2428, 2429, 2428, 2429, 2429, 
1241, 2429, 2429, 2430, 2428, 2429, 2428, 2429, 2428, 
1242, 2428, 2429, 2429, 2427, 2429, 2428, 2428, 2429, 
1243, 2428, 2429, 2429, 2427, 2430, 2429, 2428, 2428, 
1244, 2429, 2429, 2429, 2428, 2430, 2430, 2429, 2428, 
1245, 2428, 2430, 2429, 2428, 2429, 2429, 2428, 2429, 
1246, 2428, 2432, 2430, 2428, 2429, 2428, 2428, 2429, 
1247, 2428, 2432, 2430, 2428, 2429, 2429, 2429, 2429, 
1248, 2429, 2431, 2431, 2428, 2432, 2429, 2429, 2430, 
1249, 2430, 2432, 2432, 2428, 2430, 2429, 2430, 2429, 
1250, 2429, 2431, 2432, 2428, 2430, 2428, 2431, 2429, 
1251, 2431, 2431, 2433, 2428, 2431, 2429, 2432, 2430, 
1252, 2431, 2431, 2433, 2428, 2431, 2429, 2432, 2430, 
1253, 2431, 2431, 2433, 2427, 2432, 2429, 2432, 2430, 
1254, 2431, 2432, 2433, 2427, 2432, 2431, 2432, 2431, 
1255, 2432, 2431, 2432, 2431, 2432, 2431, 2431, 2431, 
1256, 2432, 2431, 2432, 2432, 2432, 2431, 2431, 2431, 
1257, 2433, 2433, 2433, 2432, 2432, 2431, 2431, 2431, 
1258, 2432, 2433, 2433, 2431, 2432, 2431, 2432, 2431, 
1259, 2432, 2432, 2434, 2431, 2433, 2430, 2432, 2431, 
1260, 2432, 2432, 2433, 2431, 2433, 2431, 2432, 2431, 
1261, 2432, 2432, 2433, 2432, 2433, 2433, 2433, 2431, 
1262, 2432, 2432, 2433, 2433, 2433, 2430, 2434, 2431, 
1263, 2432, 2433, 2433, 2433, 2433, 2431, 2433, 2430, 
1264, 2432, 2433, 2433, 2432, 2433, 2431, 2433, 2431, 
1265, 2432, 2433, 2433, 2432, 2433, 2430, 2434, 2431, 
1266, 2432, 2432, 2434, 2433, 2433, 2431, 2433, 2431, 
1267, 2432, 2433, 2434, 2433, 2433, 2430, 2433, 2432, 
1268, 2432, 2434, 2434, 2435, 2433, 2430, 2433, 2433, 
1269, 2432, 2434, 2434, 2433, 2433, 2432, 2433, 2433, 
1270, 2432, 2434, 2434, 2433, 2433, 2432, 2432, 2433, 
1271, 2433, 2434, 2435, 2433, 2433, 2433, 2432, 2434, 
1272, 2433, 2434, 2435, 2433, 2433, 2433, 2432, 2434, 
1273, 2432, 2434, 2434, 2433, 2434, 2434, 2432, 2434, 
1274, 2433, 2434, 2434, 2434, 2434, 2434, 2433, 2434, 
1275, 2433, 2434, 2435, 2434, 2434, 2434, 2434, 2434, 
1276, 2433, 2434, 2435, 2433, 2433, 2434, 2433, 2434, 
1277, 2433, 2434, 2435, 2433, 2433, 2434, 2433, 2434, 
1278, 2433, 2435, 2435, 2433, 2433, 2434, 2434, 2432, 
1279, 2433, 2434, 2435, 2433, 2433, 2434, 2433, 2433, 
1280, 2432, 2434, 2434, 2434, 2433, 2434, 2433, 2433, 
1281, 2433, 2436, 2434, 2434, 2434, 2434, 2434, 2433, 
1282, 2433, 2435, 2435, 2434, 2434, 2434, 2433, 2433, 
1283, 2433, 2435, 2435, 2434, 2435, 2434, 2434, 2434, 
1284, 2433, 2435, 2436, 2435, 2435, 2434, 2434, 2433, 
1285, 2433, 2435, 2435, 2436, 2434, 2435, 2434, 2433, 
1286, 2434, 2435, 2436, 2436, 2435, 2435, 2433, 2433, 
1287, 2435, 2436, 2436, 2436, 2435, 2435, 2433, 2434, 
1288, 2434, 2436, 2436, 2436, 2435, 2435, 2434, 2434, 
1289, 2434, 2436, 2436, 2436, 2435, 2435, 2432, 2434, 
1290, 2435, 2436, 2436, 2436, 2435, 2435, 2434, 2434, 
1291, 2436, 2436, 2436, 2435, 2435, 2436, 2434, 2434, 
1292, 2436, 2436, 2436, 2435, 2435, 2436, 2434, 2434, 
1293, 2436, 2435, 2436, 2435, 2435, 2436, 2434, 2436, 
1294, 2435, 2435, 2436, 2434, 2435, 2437, 2434, 2436, 
1295, 2436, 2435, 2436, 2434, 2436, 2436, 2435, 2436, 
1296, 2435, 2434, 2437, 2435, 2435, 2435, 2435, 2436, 
1297, 2435, 2435, 2437, 2436, 2436, 2435, 2435, 2436, 
1298, 2435, 2435, 2437, 2435, 2436, 2436, 2435, 2435, 
1299, 2435, 2434, 2437, 2434, 2435, 2435, 2434, 2435, 
1300, 2435, 2434, 2437, 2436, 2435, 2436, 2435, 2435, 
1301, 2435, 2435, 2437, 2434, 2437, 2435, 2435, 2436, 
1302, 2435, 2436, 2437, 2435, 2437, 2435, 2435, 2436, 
1303, 2435, 2436, 2437, 2435, 2437, 2437, 2437, 2436, 
1304, 2437, 2436, 2437, 2435, 2437, 2437, 2437, 2437, 
1305, 2436, 2436, 2437, 2434, 2437, 2437, 2435, 2437, 
1306, 2436, 2436, 2437, 2437, 2437, 2436, 2435, 2437, 
1307, 2435, 2435, 2437, 2436, 2437, 2436, 2435, 2437, 
1308, 2436, 2435, 2437, 2436, 2437, 2437, 2435, 2437, 
1309, 2435, 2435, 2436, 2436, 2437, 2437, 2435, 2437, 
1310, 2436, 2436, 2437, 2436, 2436, 2437, 2435, 2437, 
1311, 2436, 2436, 2437, 2436, 2436, 2437, 2435, 2437, 
1312, 2437, 2437, 2435, 2436, 2436, 2438, 2435, 2436, 
1313, 2437, 2437, 2436, 2436, 2436, 2438, 2436, 2436, 
1314, 2436, 2437, 2436, 2436, 2436, 2438, 2436, 2437, 
1315, 2436, 2437, 2436, 2435, 2436, 2437, 2435, 2436, 
1316, 2435, 2437, 2436, 2435, 2436, 2437, 2437, 2436, 
1317, 2435, 2437, 2437, 2435, 2436, 2438, 2438, 2436, 
1318, 2437, 2437, 2437, 2437, 2436, 2438, 2437, 2436, 
1319, 2437, 2438, 2436, 2437, 2436, 2438, 2438, 2436, 
1320, 2437, 2438, 2437, 2436, 2436, 2438, 2437, 2436, 
1321, 2436, 2438, 2436, 2436, 2437, 2438, 2437, 2436, 
1322, 2436, 2438, 2438, 2438, 2437, 2438, 2437, 2436, 
1323, 2437, 2438, 2438, 2437, 2438, 2438, 2437, 2436, 
1324, 2437, 2438, 2438, 2438, 2438, 2438, 2437, 2436, 
1325, 2436, 2437, 2438, 2437, 2437, 2438, 2438, 2436, 
1326, 2436, 2437, 2438, 2437, 2437, 2438, 2437, 2436, 
1327, 2437, 2437, 2437, 2438, 2437, 2438, 2437, 2436, 
1328, 2436, 2437, 2438, 2438, 2437, 2438, 2437, 2437, 
1329, 2436, 2438, 2438, 2438, 2437, 2438, 2437, 2437, 
1330, 2437, 2438, 2438, 2438, 2437, 2438, 2437, 2437, 
1331, 2437, 2438, 2437, 2438, 2437, 2438, 2437, 2436, 
1332, 2439, 2438, 2438, 2438, 2437, 2438, 2437, 2436, 
1333, 2438, 2438, 2438, 2438, 2437, 2437, 2437, 2436, 
1334, 2438, 2438, 2437, 2438, 2437, 2437, 2437, 2436, 
1335, 2437, 2438, 2438, 2438, 2438, 2437, 2437, 2436, 
1336, 2437, 2438, 2438, 2438, 2438, 2437, 2438, 2436, 
1337, 2437, 2438, 2438, 2438, 2438, 2437, 2438, 2435, 
1338, 2437, 2438, 2439, 2438, 2438, 2437, 2437, 2437, 
1339, 2438, 2438, 2438, 2437, 2438, 2436, 2437, 2438, 
1340, 2439, 2438, 2438, 2438, 2439, 2437, 2437, 2438, 
1341, 2439, 2438, 2439, 2438, 2439, 2438, 2438, 2438, 
1342, 2439, 2438, 2439, 2438, 2439, 2438, 2438, 2438, 
1343, 2439, 2438, 2439, 2438, 2439, 2438, 2438, 2438, 
1344, 2439, 2437, 2439, 2438, 2439, 2438, 2438, 2438, 
1345, 2439, 2438, 2439, 2438, 2439, 2438, 2438, 2438, 
1346, 2439, 2437, 2439, 2438, 2439, 2439, 2438, 2438, 
1347, 2439, 2436, 2439, 2438, 2439, 2440, 2438, 2437, 
1348, 2439, 2437, 2438, 2437, 2439, 2439, 2438, 2438, 
1349, 2439, 2438, 2438, 2437, 2439, 2439, 2438, 2438, 
1350, 2439, 2440, 2437, 2437, 2439, 2439, 2438, 2438, 
1351, 2439, 2438, 2438, 2438, 2439, 2439, 2438, 2439, 
1352, 2439, 2439, 2438, 2438, 2439, 2439, 2438, 2439, 
1353, 2439, 2438, 2438, 2437, 2438, 2440, 2438, 2438, 
1354, 2439, 2438, 2438, 2437, 2438, 2439, 2438, 2438, 
1355, 2438, 2438, 2438, 2437, 2438, 2440, 2438, 2438, 
1356, 2439, 2437, 2438, 2438, 2439, 2439, 2438, 2438, 
1357, 2439, 2437, 2439, 2437, 2438, 2440, 2438, 2437, 
1358, 2438, 2438, 2439, 2440, 2438, 2440, 2439, 2438, 
1359, 2439, 2439, 2439, 2437, 2439, 2440, 2439, 2438, 
1360, 2439, 2439, 2438, 2437, 2440, 2440, 2439, 2438, 
1361, 2439, 2439, 2438, 2438, 2440, 2440, 2439, 2438, 
1362, 2439, 2438, 2438, 2438, 2440, 2440, 2439, 2438, 
1363, 2439, 2438, 2438, 2438, 2439, 2440, 2439, 2438, 
1364, 2439, 2438, 2438, 2437, 2439, 2440, 2439, 2439, 
1365, 2439, 2439, 2438, 2438, 2439, 2439, 2439, 2439, 
1366, 2440, 2439, 2438, 2437, 2440, 2441, 2439, 2441, 
1367, 2440, 2439, 2438, 2438, 2440, 2441, 2439, 2440, 
1368, 2439, 2439, 2438, 2439, 2439, 2440, 2439, 2441, 
1369, 2440, 2439, 2438, 2439, 2439, 2441, 2440, 2441, 
1370, 2440, 2440, 2439, 2439, 2439, 2441, 2440, 2441, 
1371, 2440, 2440, 2438, 2438, 2439, 2441, 2440, 2441, 
1372, 2440, 2440, 2437, 2441, 2439, 2441, 2440, 2440, 
1373, 2440, 2439, 2437, 2441, 2439, 2441, 2440, 2440, 
1374, 2440, 2440, 2437, 2440, 2440, 2441, 2440, 2440, 
1375, 2440, 2440, 2437, 2440, 2440, 2441, 2440, 2440, 
1376, 2440, 2440, 2439, 2440, 2440, 2440, 2440, 2441, 
1377, 2440, 2440, 2441, 2440, 2440, 2441, 2440, 2441, 
1378, 2440, 2440, 2441, 2440, 2440, 2440, 2440, 2441, 
1379, 2440, 2440, 2441, 2440, 2440, 2440, 2440, 2441, 
1380, 2440, 2440, 2440, 2440, 2440, 2440, 2440, 2440, 
1381, 2440, 2440, 2440, 2440, 2440, 2440, 2440, 2441, 
1382, 2440, 2440, 2440, 2440, 2440, 2439, 2440, 2440, 
1383, 2440, 2440, 2441, 2440, 2440, 2439, 2439, 2440, 
1384, 2440, 2440, 2441, 2440, 2440, 2439, 2440, 2440, 
1385, 2440, 2440, 2440, 2440, 2440, 2439, 2440, 2440, 
1386, 2440, 2440, 2440, 2440, 2439, 2439, 2440, 2439, 
1387, 2440, 2440, 2441, 2440, 2440, 2439, 2440, 2440, 
1388, 2440, 2440, 2441, 2440, 2440, 2439, 2440, 2440, 
1389, 2439, 2440, 2441, 2440, 2439, 2439, 2440, 2440, 
1390, 2440, 2440, 2439, 2440, 2439, 2440, 2439, 2439, 
1391, 2440, 2440, 2440, 2440, 2440, 2440, 2439, 2440, 
1392, 2440, 2440, 2439, 2440, 2439, 2440, 2440, 2440, 
1393, 2440, 2439, 2440, 2440, 2439, 2440, 2440, 2440, 
1394, 2440, 2440, 2440, 2441, 2439, 2440, 2439, 2440, 
1395, 2441, 2440, 2440, 2440, 2440, 2440, 2441, 2440, 
1396, 2441, 2439, 2440, 2440, 2441, 2440, 2440, 2440, 
1397, 2441, 2439, 2440, 2441, 2440, 2440, 2440, 2440, 
1398, 2441, 2440, 2441, 2441, 2441, 2440, 2440, 2440, 
1399, 2441, 2440, 2440, 2442, 2441, 2439, 2440, 2440, 
1400, 2441, 2440, 2440, 2441, 2441, 2440, 2441, 2440, 
1401, 2442, 2440, 2440, 2441, 2441, 2440, 2440, 2440, 
1402, 2442, 2442, 2440, 2442, 2441, 2440, 2441, 2440, 
1403, 2441, 2442, 2440, 2442, 2441, 2441, 2441, 2440, 
1404, 2441, 2442, 2440, 2440, 2441, 2440, 2441, 2440, 
1405, 2441, 2441, 2441, 2441, 2441, 2440, 2440, 2441, 
1406, 2441, 2442, 2440, 2441, 2441, 2441, 2441, 2440, 
1407, 2442, 2442, 2440, 2441, 2441, 2441, 2441, 2441, 
1408, 2442, 2442, 2441, 2441, 2442, 2442, 2442, 2442, 
1409, 2442, 2442, 2441, 2441, 2442, 2441, 2441, 2441, 
1410, 2441, 2442, 2441, 2441, 2442, 2441, 2441, 2441, 
1411, 2441, 2442, 2442, 2441, 2441, 2441, 2442, 2442, 
1412, 2442, 2442, 2442, 2440, 2441, 2441, 2442, 2442, 
1413, 2441, 2442, 2442, 2440, 2441, 2441, 2442, 2442, 
1414, 2441, 2442, 2442, 2440, 2440, 2440, 2443, 2442, 
1415, 2441, 2442, 2441, 2440, 2441, 2440, 2442, 2442, 
1416, 2442, 2442, 2441, 2440, 2441, 2441, 2443, 2442, 
1417, 2442, 2442, 2441, 2440, 2442, 2442, 2443, 2442, 
1418, 2441, 2442, 2441, 2441, 2442, 2442, 2442, 2441, 
1419, 2441, 2442, 2443, 2441, 2443, 2441, 2442, 2441, 
1420, 2441, 2442, 2443, 2443, 2442, 2441, 2443, 2442, 
1421, 2441, 2442, 2442, 2442, 2443, 2441, 2442, 2442, 
1422, 2441, 2442, 2442, 2442, 2443, 2441, 2442, 2442, 
1423, 2441, 2442, 2442, 2442, 2443, 2441, 2442, 2442, 
1424, 2442, 2441, 2442, 2443, 2443, 2442, 2441, 2441, 
1425, 2442, 2441, 2442, 2443, 2443, 2442, 2442, 2441, 
1426, 2441, 2441, 2442, 2443, 2443, 2442, 2442, 2441, 
1427, 2440, 2442, 2442, 2443, 2442, 2442, 2443, 2442, 
1428, 2441, 2442, 2442, 2442, 2441, 2442, 2443, 2442, 
1429, 2441, 2442, 2442, 2443, 2442, 2442, 2442, 2441, 
1430, 2441, 2441, 2443, 2443, 2442, 2442, 2442, 2441, 
1431, 2441, 2442, 2444, 2443, 2442, 2443, 2443, 2441, 
1432, 2441, 2441, 2442, 2444, 2443, 2442, 2442, 2441, 
1433, 2441, 2441, 2442, 2443, 2443, 2442, 2442, 2441, 
1434, 2442, 2443, 2442, 2442, 2443, 2441, 2441, 2442, 
1435, 2442, 2443, 2442, 2442, 2443, 2441, 2441, 2441, 
1436, 2442, 2441, 2442, 2443, 2443, 2442, 2441, 2442, 
1437, 2441, 2442, 2442, 2443, 2443, 2442, 2441, 2442, 
1438, 2443, 2442, 2442, 2443, 2442, 2441, 2442, 2442, 
1439, 2442, 2442, 2442, 2443, 2441, 2441, 2442, 2441, 
1440, 2442, 2442, 2442, 2443, 2441, 2440, 2442, 2441, 
1441, 2442, 2443, 2442, 2443, 2443, 2440, 2443, 2441, 
1442, 2441, 2442, 2442, 2443, 2442, 2441, 2443, 2442, 
1443, 2441, 2442, 2442, 2443, 2442, 2441, 2442, 2442, 
1444, 2442, 2441, 2443, 2443, 2442, 2441, 2442, 2442, 
1445, 2441, 2442, 2443, 2443, 2442, 2442, 2442, 2442, 
1446, 2442, 2443, 2443, 2443, 2442, 2442, 2442, 2441, 
1447, 2442, 2442, 2443, 2443, 2442, 2442, 2442, 2442, 
1448, 2443, 2442, 2443, 2443, 2442, 2441, 2442, 2442, 
1449, 2443, 2443, 2443, 2443, 2442, 2442, 2442, 2444, 
1450, 2443, 2442, 2443, 2443, 2442, 2443, 2441, 2443, 
1451, 2442, 2442, 2443, 2443, 2442, 2442, 2441, 2443, 
1452, 2442, 2442, 2443, 2443, 2442, 2443, 2441, 2443, 
1453, 2442, 2442, 2443, 2443, 2442, 2443, 2442, 2443, 
1454, 2442, 2442, 2442, 2443, 2442, 2442, 2441, 2442, 
1455, 2442, 2441, 2442, 2443, 2442, 2443, 2442, 2443, 
1456, 2442, 2441, 2441, 2443, 2442, 2444, 2442, 2443, 
1457, 2442, 2443, 2442, 2443, 2443, 2444, 2443, 2443, 
1458, 2443, 2443, 2442, 2441, 2442, 2444, 2443, 2443, 
1459, 2443, 2443, 2442, 2442, 2442, 2444, 2443, 2443, 
1460, 2443, 2443, 2442, 2442, 2442, 2444, 2443, 2443, 
1461, 2443, 2443, 2442, 2442, 2442, 2444, 2442, 2443, 
1462, 2443, 2443, 2443, 2441, 2442, 2444, 2441, 2443, 
1463, 2443, 2443, 2443, 2443, 2442, 2444, 2441, 2444, 
1464, 2444, 2443, 2443, 2442, 2442, 2444, 2441, 2444, 
1465, 2444, 2443, 2444, 2442, 2443, 2444, 2443, 2444, 
1466, 2444, 2443, 2444, 2441, 2442, 2444, 2444, 2444, 
1467, 2444, 2443, 2443, 2441, 2442, 2444, 2444, 2444, 
1468, 2444, 2443, 2443, 2442, 2443, 2444, 2444, 2443, 
1469, 2443, 2443, 2443, 2441, 2443, 2444, 2444, 2443, 
1470, 2443, 2443, 2443, 2443, 2442, 2444, 2444, 2443, 
1471, 2443, 2443, 2443, 2443, 2442, 2444, 2444, 2444, 
1472, 2443, 2443, 2442, 2443, 2444, 2444, 2444, 2444, 
1473, 2443, 2443, 2442, 2442, 2444, 2443, 2444, 2444, 
1474, 2444, 2443, 2442, 2442, 2443, 2443, 2444, 2444, 
1475, 2444, 2444, 2442, 2442, 2443, 2444, 2445, 2444, 
1476, 2444, 2444, 2443, 2443, 2443, 2443, 2445, 2445, 
1477, 2445, 2444, 2443, 2445, 2443, 2443, 2444, 2445, 
1478, 2445, 2444, 2442, 2444, 2443, 2444, 2445, 2445, 
1479, 2445, 2444, 2444, 2444, 2443, 2444, 2444, 2445, 
1480, 2445, 2444, 2443, 2443, 2443, 2444, 2445, 2445, 
1481, 2445, 2444, 2443, 2445, 2443, 2443, 2445, 2445, 
1482, 2445, 2444, 2443, 2445, 2443, 2443, 2445, 2445, 
1483, 2444, 2444, 2443, 2445, 2444, 2442, 2445, 2445, 
1484, 2444, 2445, 2443, 2444, 2443, 2443, 2445, 2445, 
1485, 2445, 2445, 2443, 2444, 2443, 2443, 2445, 2444, 
1486, 2445, 2445, 2443, 2444, 2443, 2444, 2444, 2445, 
1487, 2444, 2445, 2443, 2445, 2444, 2445, 2444, 2445, 
1488, 2444, 2444, 2443, 2445, 2444, 2444, 2444, 2445, 
1489, 2444, 2444, 2443, 2445, 2444, 2444, 2444, 2445, 
1490, 2444, 2444, 2446, 2445, 2445, 2445, 2445, 2444, 
1491, 2443, 2444, 2446, 2445, 2445, 2444, 2445, 2444, 
1492, 2445, 2444, 2447, 2445, 2446, 2445, 2445, 2444, 
1493, 2445, 2444, 2447, 2445, 2446, 2446, 2445, 2444, 
1494, 2445, 2444, 2447, 2445, 2447, 2445, 2444, 2443, 
1495, 2444, 2444, 2447, 2445, 2447, 2446, 2444, 2444, 
1496, 2445, 2444, 2447, 2447, 2447, 2444, 2445, 2444, 
1497, 2444, 2444, 2447, 2447, 2447, 2444, 2444, 2445, 
1498, 2446, 2445, 2447, 2446, 2447, 2445, 2444, 2444, 
1499, 2446, 2444, 2446, 2447, 2447, 2444, 2444, 2443, 
1500, 2445, 2444, 2445, 2446, 2447, 2446, 2443, 2443, 
1501, 2445, 2445, 2446, 2446, 2447, 2445, 2443, 2444, 
1502, 2445, 2445, 2446, 2446, 2447, 2445, 2444, 2446, 
1503, 2445, 2444, 2446, 2446, 2447, 2445, 2443, 2445, 
1504, 2446, 2445, 2446, 2447, 2447, 2445, 2444, 2445, 
1505, 2446, 2445, 2446, 2447, 2447, 2446, 2444, 2445, 
1506, 2446, 2445, 2446, 2447, 2447, 2445, 2445, 2446, 
1507, 2446, 2445, 2446, 2447, 2447, 2446, 2445, 2446, 
1508, 2446, 2445, 2446, 2446, 2447, 2446, 2445, 2446, 
1509, 2446, 2446, 2446, 2446, 2447, 2447, 2445, 2447, 
1510, 2445, 2446, 2446, 2446, 2447, 2447, 2445, 2447, 
1511, 2445, 2446, 2446, 2446, 2447, 2447, 2446, 2447, 
1512, 2445, 2446, 2446, 2447, 2447, 2447, 2446, 2447, 
1513, 2446, 2446, 2447, 2447, 2446, 2447, 2446, 2447, 
1514, 2446, 2447, 2446, 2446, 2447, 2446, 2446, 2446, 
1515, 2446, 2447, 2446, 2446, 2446, 2446, 2446, 2447, 
1516, 2446, 2447, 2447, 2446, 2446, 2446, 2446, 2447, 
1517, 2446, 2447, 2447, 2447, 2447, 2446, 2445, 2447, 
1518, 2446, 2446, 2447, 2446, 2447, 2446, 2446, 2447, 
1519, 2446, 2446, 2447, 2446, 2447, 2446, 2446, 2447, 
1520, 2446, 2446, 2446, 2445, 2446, 2446, 2446, 2447, 
1521, 2446, 2446, 2446, 2445, 2446, 2446, 2446, 2447, 
1522, 2446, 2446, 2447, 2447, 2446, 2446, 2446, 2447, 
1523, 2446, 2446, 2447, 2447, 2445, 2446, 2447, 2447, 
1524, 2446, 2446, 2447, 2446, 2447, 2446, 2446, 2447, 
1525, 2447, 2446, 2447, 2446, 2446, 2446, 2446, 2447, 
1526, 2447, 2446, 2447, 2447, 2446, 2446, 2446, 2447, 
1527, 2447, 2446, 2447, 2447, 2445, 2447, 2447, 2447, 
1528, 2447, 2446, 2447, 2447, 2445, 2447, 2447, 2447, 
1529, 2447, 2447, 2447, 2447, 2446, 2446, 2447, 2447, 
1530, 2447, 2447, 2447, 2447, 2446, 2447, 2446, 2447, 
1531, 2447, 2447, 2446, 2447, 2446, 2447, 2446, 2446, 
1532, 2447, 2447, 2446, 2447, 2446, 2447, 2446, 2447, 
1533, 2447, 2447, 2447, 2447, 2446, 2447, 2446, 2447, 
1534, 2447, 2446, 2447, 2446, 2446, 2447, 2446, 2447, 
1535, 2447, 2446, 2447, 2447, 2446, 2447, 2445, 2447, 
1536, 2447, 2447, 2447, 2446, 2446, 2447, 2445, 2447, 
1537, 2447, 2447, 2447, 2447, 2447, 2447, 2445, 2447, 
1538, 2447, 2446, 2446, 2447, 2447, 2447, 2445, 2447, 
1539, 2447, 2447, 2446, 2447, 2447, 2447, 2445, 2447, 
1540, 2447, 2446, 2446, 2447, 2447, 2447, 2446, 2447, 
1541, 2447, 2447, 2447, 2447, 2446, 2447, 2447, 2447, 
1542, 2447, 2447, 2447, 2447, 2446, 2447, 2447, 2447, 
1543, 2447, 2446, 2447, 2446, 2446, 2446, 2447, 2447, 
1544, 2446, 2446, 2447, 2446, 2445, 2446, 2446, 2447, 
1545, 2446, 2447, 2447, 2446, 2446, 2446, 2446, 2447, 
1546, 2447, 2447, 2447, 2446, 2446, 2446, 2447, 2447, 
1547, 2446, 2447, 2447, 2447, 2446, 2446, 2446, 2446, 
1548, 2446, 2447, 2447, 2447, 2446, 2446, 2446, 2446, 
1549, 2446, 2447, 2447, 2446, 2445, 2446, 2446, 2446, 
1550, 2446, 2446, 2447, 2447, 2445, 2446, 2446, 2446, 
1551, 2446, 2446, 2447, 2446, 2446, 2446, 2446, 2447, 
1552, 2446, 2447, 2447, 2447, 2446, 2446, 2446, 2447, 
1553, 2446, 2446, 2447, 2446, 2445, 2446, 2446, 2447, 
1554, 2446, 2447, 2447, 2447, 2445, 2446, 2446, 2447, 
1555, 2446, 2447, 2447, 2447, 2447, 2445, 2446, 2447, 
1556, 2446, 2446, 2447, 2447, 2447, 2446, 2446, 2447, 
1557, 2446, 2446, 2447, 2447, 2446, 2447, 2446, 2447, 
1558, 2446, 2445, 2447, 2447, 2446, 2446, 2445, 2447, 
1559, 2446, 2446, 2447, 2447, 2446, 2447, 2446, 2447, 
1560, 2446, 2445, 2447, 2447, 2446, 2447, 2447, 2447, 
1561, 2446, 2445, 2447, 2447, 2446, 2447, 2446, 2446, 
1562, 2446, 2445, 2447, 2447, 2446, 2446, 2446, 2446, 
1563, 2446, 2445, 2447, 2447, 2446, 2446, 2446, 2446, 
1564, 2446, 2447, 2445, 2447, 2447, 2446, 2446, 2446, 
1565, 2446, 2446, 2445, 2446, 2447, 2446, 2446, 2446, 
1566, 2446, 2446, 2445, 2446, 2447, 2446, 2446, 2446, 
1567, 2445, 2447, 2445, 2447, 2446, 2445, 2446, 2446, 
1568, 2445, 2446, 2445, 2446, 2446, 2447, 2446, 2446, 
1569, 2445, 2446, 2446, 2446, 2446, 2446, 2445, 2446, 
1570, 2445, 2446, 2445, 2447, 2446, 2445, 2445, 2446, 
1571, 2445, 2446, 2447, 2447, 2447, 2445, 2445, 2446, 
1572, 2447, 2446, 2446, 2447, 2446, 2445, 2445, 2446, 
1573, 2445, 2446, 2446, 2447, 2447, 2445, 2446, 2446, 
1574, 2446, 2446, 2446, 2446, 2447, 2445, 2446, 2446, 
1575, 2446, 2446, 2446, 2447, 2446, 2445, 2446, 2446, 
1576, 2445, 2446, 2446, 2447, 2446, 2445, 2446, 2446, 
1577, 2444, 2446, 2446, 2447, 2447, 2445, 2446, 2447, 
1578, 2445, 2446, 2446, 2447, 2447, 2446, 2446, 2447, 
1579, 2446, 2446, 2446, 2447, 2447, 2445, 2447, 2447, 
1580, 2446, 2446, 2446, 2447, 2446, 2446, 2447, 2447, 
1581, 2446, 2446, 2446, 2447, 2447, 2446, 2446, 2446, 
1582, 2445, 2446, 2446, 2447, 2446, 2446, 2446, 2446, 
1583, 2445, 2445, 2446, 2447, 2446, 2447, 2446, 2446, 
1584, 2446, 2446, 2446, 2447, 2446, 2446, 2445, 2446, 
1585, 2446, 2447, 2446, 2446, 2446, 2447, 2446, 2446, 
1586, 2446, 2446, 2446, 2446, 2446, 2447, 2445, 2447, 
1587, 2446, 2446, 2446, 2445, 2447, 2447, 2445, 2446, 
1588, 2447, 2446, 2446, 2446, 2447, 2447, 2445, 2446, 
1589, 2446, 2446, 2446, 2446, 2446, 2446, 2445, 2446, 
1590, 2446, 2447, 2446, 2446, 2446, 2447, 2446, 2446, 
1591, 2446, 2447, 2446, 2445, 2446, 2446, 2445, 2446, 
1592, 2446, 2447, 2446, 2445, 2446, 2447, 2446, 2447, 
1593, 2447, 2447, 2446, 2445, 2446, 2446, 2446, 2446, 
1594, 2446, 2447, 2447, 2445, 2446, 2446, 2446, 2447, 
1595, 2445, 2447, 2446, 2445, 2446, 2445, 2446, 2447, 
1596, 2446, 2447, 2446, 2445, 2446, 2445, 2446, 2447, 
1597, 2446, 2447, 2446, 2444, 2446, 2447, 2446, 2447, 
1598, 2445, 2447, 2446, 2444, 2446, 2445, 2446, 2446, 
1599, 2446, 2447, 2446, 2444, 2446, 2447, 2446, 2446, 
1600, 2446, 2446, 2446, 2444, 2446, 2447, 2445, 2447, 
1601, 2446, 2446, 2446, 2444, 2446, 2447, 2446, 2447, 
1602, 2446, 2446, 2446, 2444, 2446, 2447, 2447, 2447, 
1603, 2446, 2445, 2446, 2445, 2446, 2447, 2447, 2447, 
1604, 2446, 2445, 2446, 2444, 2446, 2447, 2447, 2446, 
1605, 2446, 2446, 2446, 2446, 2447, 2447, 2447, 2446, 
1606, 2446, 2445, 2446, 2446, 2447, 2446, 2446, 2446, 
1607, 2446, 2446, 2446, 2446, 2447, 2446, 2446, 2446, 
1608, 2447, 2445, 2447, 2446, 2447, 2446, 2447, 2447, 
1609, 2447, 2446, 2446, 2447, 2447, 2446, 2446, 2447, 
1610, 2447, 2446, 2447, 2447, 2446, 2446, 2447, 2447, 
1611, 2447, 2446, 2447, 2447, 2446, 2446, 2447, 2447, 
1612, 2447, 2446, 2446, 2447, 2445, 2446, 2447, 2447, 
1613, 2447, 2446, 2445, 2446, 2445, 2446, 2447, 2447, 
1614, 2447, 2447, 2446, 2447, 2447, 2446, 2447, 2447, 
1615, 2447, 2447, 2446, 2445, 2446, 2446, 2447, 2447, 
1616, 2447, 2447, 2446, 2446, 2446, 2447, 2447, 2447, 
1617, 2446, 2447, 2447, 2446, 2447, 2447, 2447, 2447, 
1618, 2447, 2447, 2446, 2446, 2447, 2447, 2447, 2447, 
1619, 2447, 2447, 2447, 2446, 2447, 2447, 2446, 2446, 
1620, 2447, 2447, 2446, 2445, 2447, 2447, 2446, 2446, 
1621, 2447, 2446, 2447, 2446, 2447, 2447, 2447, 2446, 
1622, 2447, 2446, 2447, 2445, 2447, 2447, 2446, 2447, 
1623, 2447, 2446, 2447, 2446, 2447, 2447, 2446, 2447, 
1624, 2447, 2447, 2447, 2446, 2447, 2447, 2446, 2447, 
1625, 2447, 2447, 2447, 2446, 2447, 2447, 2447, 2447, 
1626, 2447, 2447, 2447, 2446, 2448, 2447, 2446, 2447, 
