Runtime (microseconds), 1124282
Generation, Fitness Island 0, Fitness Island 1, Fitness Island 2, Fitness Island 3, Fitness Island 4, Fitness Island 5, Fitness Island 6, Fitness Island 7
0, 1261, 1251, 1267, 1262, 1254, 1273, 1256, 1282, 
1, 1268, 1259, 1289, 1266, 1269, 1276, 1263, 1287, 
2, 1284, 1268, 1288, 1272, 1293, 1286, 1266, 1289, 
3, 1279, 1276, 1289, 1287, 1289, 1293, 1289, 1289, 
4, 1282, 1280, 1292, 1299, 1294, 1294, 1282, 1289, 
5, 1292, 1288, 1299, 1299, 1301, 1298, 1285, 1290, 
6, 1292, 1293, 1297, 1303, 1307, 1299, 1301, 1293, 
7, 1315, 1301, 1302, 1306, 1313, 1323, 1317, 1301, 
8, 1321, 1308, 1300, 1313, 1322, 1339, 1322, 1327, 
9, 1326, 1310, 1302, 1315, 1324, 1339, 1324, 1330, 
10, 1327, 1316, 1317, 1319, 1328, 1342, 1331, 1332, 
11, 1331, 1316, 1345, 1335, 1331, 1350, 1333, 1332, 
12, 1331, 1319, 1346, 1343, 1344, 1349, 1345, 1340, 
13, 1330, 1319, 1356, 1348, 1348, 1353, 1345, 1344, 
14, 1343, 1320, 1357, 1351, 1351, 1353, 1350, 1346, 
15, 1352, 1324, 1358, 1352, 1351, 1354, 1350, 1349, 
16, 1357, 1350, 1360, 1354, 1353, 1356, 1354, 1350, 
17, 1361, 1347, 1361, 1354, 1355, 1359, 1354, 1359, 
18, 1363, 1351, 1363, 1356, 1354, 1377, 1359, 1367, 
19, 1375, 1361, 1367, 1356, 1356, 1377, 1362, 1371, 
20, 1379, 1367, 1368, 1362, 1366, 1381, 1363, 1376, 
21, 1381, 1367, 1379, 1389, 1379, 1395, 1371, 1381, 
22, 1382, 1372, 1379, 1390, 1400, 1395, 1373, 1385, 
23, 1383, 1373, 1385, 1391, 1401, 1395, 1378, 1386, 
24, 1385, 1400, 1387, 1391, 1403, 1400, 1389, 1391, 
25, 1390, 1400, 1387, 1393, 1404, 1401, 1404, 1392, 
26, 1409, 1400, 1391, 1394, 1404, 1402, 1404, 1393, 
27, 1408, 1408, 1395, 1395, 1407, 1406, 1406, 1402, 
28, 1409, 1410, 1399, 1397, 1408, 1412, 1406, 1407, 
29, 1409, 1410, 1401, 1401, 1409, 1412, 1409, 1408, 
30, 1411, 1412, 1413, 1409, 1412, 1415, 1412, 1411, 
31, 1412, 1414, 1414, 1412, 1412, 1414, 1414, 1416, 
32, 1414, 1414, 1416, 1414, 1413, 1421, 1416, 1417, 
33, 1415, 1416, 1416, 1417, 1414, 1422, 1422, 1422, 
34, 1417, 1416, 1417, 1420, 1421, 1421, 1422, 1423, 
35, 1426, 1418, 1418, 1419, 1422, 1423, 1426, 1428, 
36, 1428, 1419, 1422, 1426, 1424, 1424, 1429, 1429, 
37, 1431, 1419, 1425, 1428, 1426, 1425, 1432, 1437, 
38, 1433, 1419, 1424, 1433, 1432, 1427, 1432, 1440, 
39, 1435, 1424, 1430, 1436, 1433, 1427, 1432, 1440, 
40, 1434, 1432, 1430, 1439, 1433, 1429, 1434, 1441, 
41, 1436, 1433, 1434, 1440, 1438, 1432, 1435, 1442, 
42, 1437, 1436, 1438, 1451, 1448, 1435, 1438, 1445, 
43, 1439, 1437, 1441, 1451, 1449, 1436, 1441, 1446, 
44, 1453, 1440, 1442, 1453, 1449, 1439, 1443, 1447, 
45, 1455, 1451, 1446, 1453, 1454, 1444, 1447, 1454, 
46, 1456, 1444, 1443, 1454, 1454, 1454, 1448, 1457, 
47, 1457, 1451, 1448, 1455, 1453, 1451, 1449, 1459, 
48, 1458, 1450, 1453, 1456, 1457, 1460, 1455, 1461, 
49, 1460, 1452, 1458, 1457, 1461, 1463, 1457, 1463, 
50, 1460, 1454, 1459, 1458, 1465, 1464, 1461, 1463, 
51, 1461, 1458, 1460, 1460, 1466, 1465, 1466, 1465, 
52, 1464, 1462, 1463, 1462, 1467, 1466, 1466, 1466, 
53, 1466, 1463, 1465, 1462, 1470, 1467, 1470, 1476, 
54, 1470, 1466, 1466, 1464, 1471, 1468, 1474, 1477, 
55, 1471, 1467, 1475, 1464, 1472, 1474, 1475, 1478, 
56, 1477, 1467, 1474, 1475, 1478, 1475, 1476, 1478, 
57, 1478, 1469, 1475, 1477, 1477, 1480, 1478, 1480, 
58, 1479, 1474, 1477, 1477, 1479, 1479, 1479, 1480, 
59, 1480, 1472, 1479, 1477, 1479, 1480, 1480, 1482, 
60, 1481, 1479, 1481, 1480, 1481, 1481, 1482, 1482, 
61, 1482, 1483, 1482, 1481, 1482, 1487, 1483, 1483, 
62, 1486, 1483, 1485, 1484, 1485, 1488, 1485, 1484, 
63, 1488, 1483, 1487, 1487, 1489, 1492, 1484, 1485, 
64, 1488, 1490, 1487, 1487, 1492, 1491, 1485, 1488, 
65, 1489, 1493, 1491, 1488, 1495, 1492, 1487, 1488, 
66, 1491, 1492, 1490, 1494, 1493, 1493, 1488, 1492, 
67, 1493, 1497, 1495, 1496, 1498, 1494, 1496, 1493, 
68, 1498, 1497, 1495, 1501, 1497, 1494, 1497, 1493, 
69, 1501, 1497, 1495, 1505, 1497, 1497, 1500, 1497, 
70, 1502, 1500, 1500, 1505, 1505, 1498, 1500, 1497, 
71, 1503, 1500, 1502, 1507, 1509, 1500, 1501, 1499, 
72, 1503, 1502, 1503, 1508, 1509, 1505, 1508, 1508, 
73, 1504, 1505, 1504, 1511, 1511, 1505, 1508, 1509, 
74, 1508, 1509, 1506, 1513, 1513, 1508, 1508, 1510, 
75, 1511, 1509, 1511, 1513, 1516, 1511, 1509, 1512, 
76, 1512, 1510, 1510, 1512, 1516, 1510, 1512, 1513, 
77, 1512, 1510, 1513, 1513, 1517, 1511, 1514, 1514, 
78, 1513, 1512, 1515, 1514, 1519, 1512, 1516, 1515, 
79, 1517, 1517, 1514, 1517, 1520, 1515, 1519, 1518, 
80, 1518, 1518, 1516, 1516, 1522, 1516, 1520, 1522, 
81, 1520, 1519, 1516, 1519, 1523, 1520, 1522, 1523, 
82, 1521, 1520, 1519, 1521, 1523, 1520, 1522, 1523, 
83, 1523, 1520, 1524, 1523, 1526, 1522, 1524, 1525, 
84, 1528, 1522, 1531, 1523, 1527, 1522, 1524, 1527, 
85, 1529, 1527, 1531, 1527, 1527, 1525, 1527, 1527, 
86, 1530, 1531, 1531, 1530, 1528, 1527, 1527, 1529, 
87, 1529, 1533, 1532, 1529, 1529, 1527, 1529, 1532, 
88, 1531, 1539, 1534, 1532, 1533, 1528, 1529, 1534, 
89, 1536, 1542, 1537, 1534, 1536, 1529, 1532, 1535, 
90, 1537, 1542, 1537, 1536, 1537, 1540, 1534, 1538, 
91, 1536, 1543, 1541, 1539, 1543, 1546, 1538, 1540, 
92, 1541, 1545, 1547, 1542, 1544, 1549, 1538, 1541, 
93, 1541, 1546, 1550, 1544, 1544, 1548, 1543, 1545, 
94, 1544, 1546, 1551, 1544, 1545, 1548, 1541, 1546, 
95, 1543, 1550, 1552, 1548, 1545, 1551, 1542, 1548, 
96, 1543, 1550, 1554, 1548, 1547, 1551, 1543, 1548, 
97, 1545, 1550, 1554, 1549, 1548, 1551, 1551, 1551, 
98, 1551, 1552, 1555, 1550, 1548, 1552, 1554, 1548, 
99, 1551, 1554, 1557, 1550, 1550, 1552, 1554, 1551, 
100, 1555, 1553, 1559, 1552, 1554, 1554, 1554, 1553, 
101, 1555, 1553, 1558, 1553, 1555, 1556, 1556, 1553, 
102, 1556, 1556, 1559, 1558, 1556, 1556, 1560, 1554, 
103, 1560, 1556, 1561, 1559, 1557, 1557, 1563, 1560, 
104, 1564, 1560, 1562, 1561, 1561, 1561, 1565, 1558, 
105, 1566, 1564, 1564, 1569, 1563, 1562, 1566, 1563, 
106, 1568, 1566, 1564, 1567, 1565, 1563, 1567, 1563, 
107, 1570, 1568, 1565, 1569, 1566, 1563, 1569, 1564, 
108, 1571, 1571, 1566, 1571, 1567, 1565, 1569, 1565, 
109, 1572, 1571, 1567, 1575, 1569, 1567, 1569, 1571, 
110, 1572, 1573, 1569, 1575, 1568, 1569, 1571, 1573, 
111, 1573, 1573, 1569, 1577, 1568, 1570, 1574, 1573, 
112, 1573, 1577, 1571, 1578, 1575, 1575, 1575, 1575, 
113, 1575, 1577, 1572, 1581, 1577, 1576, 1577, 1576, 
114, 1575, 1578, 1575, 1584, 1577, 1577, 1576, 1575, 
115, 1576, 1580, 1576, 1584, 1580, 1581, 1576, 1577, 
116, 1581, 1580, 1580, 1584, 1582, 1581, 1580, 1578, 
117, 1580, 1585, 1582, 1585, 1582, 1583, 1580, 1578, 
118, 1580, 1586, 1584, 1585, 1585, 1584, 1581, 1582, 
119, 1581, 1586, 1587, 1586, 1587, 1586, 1582, 1581, 
120, 1581, 1587, 1587, 1586, 1587, 1586, 1583, 1582, 
121, 1586, 1588, 1589, 1586, 1588, 1587, 1587, 1583, 
122, 1588, 1590, 1592, 1587, 1588, 1589, 1590, 1584, 
123, 1589, 1590, 1593, 1592, 1589, 1594, 1592, 1585, 
124, 1590, 1591, 1593, 1592, 1592, 1593, 1593, 1590, 
125, 1590, 1594, 1594, 1593, 1594, 1598, 1596, 1590, 
126, 1591, 1593, 1595, 1594, 1594, 1598, 1596, 1593, 
127, 1592, 1594, 1596, 1595, 1596, 1598, 1596, 1597, 
128, 1596, 1598, 1597, 1596, 1599, 1599, 1597, 1597, 
129, 1599, 1604, 1597, 1597, 1598, 1601, 1598, 1598, 
130, 1599, 1603, 1599, 1599, 1600, 1602, 1599, 1601, 
131, 1601, 1604, 1599, 1601, 1600, 1602, 1599, 1602, 
132, 1601, 1606, 1599, 1603, 1601, 1603, 1600, 1604, 
133, 1602, 1606, 1600, 1605, 1601, 1604, 1605, 1605, 
134, 1606, 1608, 1601, 1605, 1604, 1605, 1605, 1607, 
135, 1606, 1609, 1604, 1606, 1605, 1606, 1605, 1606, 
136, 1611, 1613, 1604, 1610, 1607, 1608, 1606, 1609, 
137, 1612, 1614, 1605, 1610, 1607, 1609, 1605, 1612, 
138, 1615, 1616, 1609, 1612, 1611, 1610, 1607, 1613, 
139, 1616, 1616, 1609, 1613, 1612, 1610, 1607, 1613, 
140, 1617, 1618, 1610, 1618, 1613, 1613, 1609, 1616, 
141, 1617, 1617, 1614, 1619, 1613, 1613, 1610, 1619, 
142, 1620, 1619, 1617, 1619, 1616, 1615, 1615, 1619, 
143, 1622, 1622, 1618, 1619, 1613, 1616, 1619, 1619, 
144, 1622, 1622, 1621, 1622, 1615, 1621, 1627, 1620, 
145, 1623, 1623, 1623, 1624, 1623, 1623, 1629, 1619, 
146, 1623, 1625, 1624, 1624, 1624, 1624, 1629, 1622, 
147, 1624, 1627, 1624, 1624, 1626, 1627, 1630, 1624, 
148, 1625, 1630, 1628, 1626, 1626, 1631, 1631, 1631, 
149, 1626, 1634, 1628, 1627, 1631, 1631, 1632, 1627, 
150, 1626, 1635, 1630, 1630, 1634, 1632, 1631, 1631, 
151, 1632, 1636, 1630, 1634, 1634, 1637, 1639, 1631, 
152, 1630, 1637, 1634, 1635, 1635, 1639, 1640, 1632, 
153, 1635, 1638, 1634, 1636, 1637, 1639, 1640, 1639, 
154, 1636, 1638, 1638, 1638, 1639, 1641, 1641, 1639, 
155, 1636, 1640, 1639, 1640, 1641, 1641, 1643, 1643, 
156, 1636, 1642, 1641, 1642, 1643, 1642, 1644, 1644, 
157, 1641, 1642, 1643, 1647, 1646, 1643, 1645, 1645, 
158, 1638, 1642, 1646, 1646, 1651, 1644, 1645, 1646, 
159, 1641, 1643, 1647, 1646, 1651, 1646, 1646, 1647, 
160, 1649, 1645, 1651, 1650, 1653, 1645, 1649, 1648, 
161, 1648, 1649, 1651, 1651, 1653, 1646, 1650, 1649, 
162, 1651, 1649, 1654, 1651, 1656, 1648, 1655, 1650, 
163, 1650, 1654, 1655, 1653, 1660, 1652, 1653, 1651, 
164, 1653, 1652, 1654, 1655, 1657, 1651, 1654, 1653, 
165, 1654, 1657, 1654, 1653, 1659, 1654, 1654, 1653, 
166, 1655, 1661, 1658, 1656, 1661, 1653, 1657, 1653, 
167, 1655, 1661, 1659, 1657, 1663, 1655, 1657, 1656, 
168, 1658, 1662, 1660, 1660, 1665, 1658, 1658, 1657, 
169, 1660, 1662, 1661, 1662, 1666, 1661, 1658, 1657, 
170, 1659, 1664, 1662, 1663, 1666, 1663, 1664, 1660, 
171, 1661, 1665, 1663, 1663, 1667, 1662, 1662, 1661, 
172, 1661, 1667, 1665, 1665, 1669, 1664, 1663, 1661, 
173, 1662, 1669, 1666, 1666, 1672, 1664, 1664, 1662, 
174, 1664, 1670, 1669, 1668, 1673, 1667, 1667, 1665, 
175, 1669, 1669, 1670, 1671, 1673, 1669, 1670, 1665, 
176, 1670, 1670, 1670, 1673, 1674, 1670, 1669, 1668, 
177, 1672, 1673, 1671, 1675, 1676, 1674, 1675, 1671, 
178, 1671, 1673, 1672, 1679, 1677, 1676, 1676, 1672, 
179, 1673, 1675, 1674, 1679, 1678, 1676, 1679, 1673, 
180, 1674, 1676, 1674, 1682, 1678, 1679, 1677, 1679, 
181, 1675, 1676, 1678, 1680, 1678, 1679, 1678, 1680, 
182, 1677, 1681, 1677, 1683, 1679, 1680, 1679, 1682, 
183, 1677, 1682, 1682, 1685, 1680, 1682, 1682, 1683, 
184, 1678, 1682, 1682, 1684, 1683, 1683, 1684, 1683, 
185, 1680, 1683, 1682, 1687, 1683, 1686, 1684, 1685, 
186, 1681, 1685, 1683, 1685, 1684, 1687, 1685, 1685, 
187, 1684, 1686, 1686, 1688, 1688, 1688, 1686, 1686, 
188, 1686, 1688, 1690, 1689, 1692, 1687, 1689, 1688, 
189, 1686, 1688, 1690, 1688, 1692, 1690, 1689, 1690, 
190, 1689, 1689, 1691, 1689, 1694, 1690, 1691, 1693, 
191, 1689, 1689, 1692, 1690, 1693, 1692, 1693, 1695, 
192, 1694, 1690, 1693, 1693, 1694, 1694, 1693, 1697, 
193, 1696, 1691, 1695, 1695, 1696, 1698, 1692, 1697, 
194, 1696, 1693, 1697, 1696, 1698, 1698, 1694, 1696, 
195, 1695, 1696, 1697, 1701, 1701, 1699, 1696, 1697, 
196, 1697, 1696, 1700, 1702, 1702, 1702, 1696, 1698, 
197, 1698, 1697, 1706, 1703, 1702, 1704, 1697, 1706, 
198, 1701, 1697, 1707, 1703, 1703, 1707, 1697, 1704, 
199, 1705, 1699, 1707, 1706, 1705, 1707, 1702, 1705, 
200, 1707, 1704, 1709, 1706, 1706, 1709, 1707, 1707, 
201, 1707, 1704, 1711, 1710, 1706, 1711, 1709, 1708, 
202, 1709, 1705, 1713, 1710, 1706, 1711, 1712, 1709, 
203, 1711, 1708, 1715, 1711, 1706, 1711, 1713, 1711, 
204, 1714, 1710, 1715, 1712, 1711, 1713, 1714, 1711, 
205, 1715, 1710, 1716, 1715, 1711, 1713, 1718, 1714, 
206, 1717, 1713, 1717, 1719, 1711, 1714, 1718, 1721, 
207, 1718, 1712, 1717, 1719, 1711, 1717, 1718, 1721, 
208, 1720, 1718, 1718, 1720, 1712, 1718, 1723, 1723, 
209, 1721, 1721, 1719, 1721, 1713, 1720, 1725, 1723, 
210, 1724, 1722, 1721, 1723, 1713, 1721, 1725, 1726, 
211, 1726, 1723, 1724, 1724, 1718, 1721, 1727, 1726, 
212, 1726, 1724, 1728, 1726, 1718, 1723, 1728, 1726, 
213, 1730, 1726, 1727, 1726, 1727, 1723, 1728, 1728, 
214, 1730, 1727, 1729, 1726, 1727, 1727, 1729, 1732, 
215, 1730, 1728, 1731, 1732, 1728, 1729, 1729, 1736, 
216, 1733, 1735, 1734, 1731, 1730, 1728, 1738, 1738, 
217, 1734, 1735, 1733, 1733, 1733, 1731, 1738, 1739, 
218, 1736, 1736, 1733, 1737, 1735, 1735, 1740, 1740, 
219, 1739, 1737, 1736, 1739, 1735, 1733, 1738, 1740, 
220, 1740, 1739, 1736, 1740, 1736, 1735, 1739, 1741, 
221, 1741, 1740, 1737, 1740, 1740, 1738, 1740, 1743, 
222, 1742, 1740, 1742, 1742, 1740, 1739, 1741, 1743, 
223, 1744, 1742, 1743, 1745, 1741, 1739, 1742, 1744, 
224, 1744, 1743, 1744, 1747, 1742, 1741, 1744, 1745, 
225, 1745, 1748, 1745, 1747, 1742, 1744, 1745, 1745, 
226, 1745, 1748, 1747, 1748, 1742, 1744, 1746, 1746, 
227, 1746, 1748, 1750, 1748, 1743, 1745, 1747, 1747, 
228, 1747, 1749, 1751, 1749, 1745, 1747, 1748, 1748, 
229, 1750, 1751, 1751, 1749, 1748, 1747, 1749, 1749, 
230, 1750, 1752, 1751, 1750, 1746, 1750, 1751, 1749, 
231, 1752, 1754, 1754, 1750, 1749, 1751, 1754, 1750, 
232, 1753, 1754, 1755, 1751, 1752, 1755, 1755, 1752, 
233, 1755, 1755, 1755, 1752, 1752, 1754, 1756, 1752, 
234, 1755, 1756, 1756, 1758, 1753, 1757, 1757, 1754, 
235, 1757, 1757, 1756, 1759, 1756, 1757, 1757, 1761, 
236, 1759, 1758, 1757, 1759, 1757, 1760, 1758, 1761, 
237, 1759, 1760, 1759, 1762, 1759, 1763, 1759, 1763, 
238, 1759, 1762, 1759, 1763, 1759, 1765, 1760, 1765, 
239, 1763, 1762, 1760, 1763, 1762, 1765, 1761, 1765, 
240, 1764, 1762, 1766, 1765, 1765, 1768, 1765, 1766, 
241, 1765, 1762, 1767, 1768, 1766, 1768, 1765, 1765, 
242, 1765, 1764, 1767, 1767, 1768, 1769, 1767, 1767, 
243, 1765, 1766, 1769, 1768, 1767, 1772, 1772, 1769, 
244, 1768, 1770, 1768, 1769, 1768, 1772, 1770, 1769, 
245, 1767, 1772, 1774, 1771, 1769, 1775, 1772, 1769, 
246, 1767, 1773, 1774, 1772, 1770, 1774, 1773, 1772, 
247, 1770, 1773, 1775, 1774, 1771, 1775, 1776, 1777, 
248, 1772, 1773, 1777, 1773, 1770, 1776, 1778, 1778, 
249, 1776, 1773, 1778, 1775, 1770, 1777, 1778, 1780, 
250, 1777, 1778, 1780, 1777, 1774, 1776, 1779, 1783, 
251, 1778, 1779, 1782, 1778, 1775, 1778, 1781, 1783, 
252, 1780, 1778, 1781, 1779, 1776, 1779, 1780, 1784, 
253, 1781, 1781, 1783, 1781, 1778, 1780, 1782, 1787, 
254, 1782, 1782, 1784, 1779, 1785, 1783, 1782, 1788, 
255, 1785, 1783, 1785, 1782, 1786, 1784, 1783, 1789, 
256, 1785, 1787, 1789, 1784, 1785, 1784, 1784, 1789, 
257, 1786, 1792, 1791, 1785, 1785, 1783, 1786, 1791, 
258, 1787, 1793, 1793, 1785, 1788, 1785, 1788, 1791, 
259, 1791, 1793, 1793, 1786, 1789, 1785, 1789, 1793, 
260, 1793, 1794, 1794, 1788, 1791, 1785, 1793, 1794, 
261, 1797, 1794, 1798, 1790, 1791, 1794, 1792, 1798, 
262, 1797, 1795, 1797, 1793, 1795, 1793, 1795, 1800, 
263, 1799, 1799, 1798, 1794, 1799, 1794, 1798, 1800, 
264, 1800, 1801, 1798, 1795, 1798, 1794, 1801, 1802, 
265, 1800, 1803, 1800, 1798, 1800, 1798, 1799, 1803, 
266, 1801, 1803, 1800, 1798, 1802, 1798, 1802, 1803, 
267, 1803, 1806, 1804, 1800, 1805, 1800, 1802, 1804, 
268, 1804, 1806, 1804, 1800, 1806, 1801, 1805, 1805, 
269, 1804, 1806, 1804, 1799, 1808, 1802, 1805, 1807, 
270, 1805, 1807, 1808, 1807, 1808, 1803, 1807, 1807, 
271, 1806, 1807, 1809, 1809, 1809, 1805, 1808, 1807, 
272, 1807, 1809, 1810, 1808, 1809, 1807, 1808, 1810, 
273, 1810, 1810, 1811, 1813, 1812, 1808, 1810, 1810, 
274, 1811, 1811, 1812, 1813, 1812, 1809, 1810, 1810, 
275, 1814, 1812, 1813, 1815, 1814, 1810, 1812, 1811, 
276, 1817, 1813, 1813, 1816, 1812, 1811, 1815, 1812, 
277, 1820, 1815, 1814, 1816, 1813, 1811, 1817, 1812, 
278, 1823, 1816, 1815, 1817, 1818, 1813, 1818, 1813, 
279, 1823, 1820, 1815, 1817, 1820, 1816, 1818, 1814, 
280, 1823, 1819, 1816, 1818, 1819, 1816, 1818, 1814, 
281, 1823, 1820, 1822, 1819, 1819, 1816, 1819, 1818, 
282, 1823, 1821, 1821, 1820, 1819, 1821, 1822, 1822, 
283, 1823, 1821, 1823, 1820, 1820, 1822, 1821, 1821, 
284, 1824, 1822, 1825, 1821, 1822, 1823, 1822, 1823, 
285, 1825, 1823, 1825, 1823, 1822, 1825, 1823, 1823, 
286, 1825, 1825, 1828, 1829, 1827, 1830, 1824, 1825, 
287, 1827, 1826, 1829, 1829, 1826, 1830, 1827, 1826, 
288, 1826, 1828, 1832, 1829, 1829, 1830, 1828, 1826, 
289, 1827, 1830, 1833, 1830, 1831, 1830, 1830, 1828, 
290, 1828, 1830, 1836, 1833, 1831, 1832, 1831, 1829, 
291, 1830, 1831, 1836, 1835, 1834, 1833, 1831, 1831, 
292, 1831, 1833, 1837, 1837, 1837, 1834, 1835, 1832, 
293, 1834, 1835, 1837, 1840, 1841, 1834, 1835, 1833, 
294, 1836, 1838, 1837, 1841, 1840, 1837, 1835, 1833, 
295, 1839, 1836, 1838, 1840, 1842, 1837, 1836, 1835, 
296, 1839, 1837, 1843, 1841, 1843, 1842, 1839, 1836, 
297, 1840, 1838, 1845, 1841, 1843, 1843, 1841, 1837, 
298, 1841, 1839, 1845, 1841, 1844, 1844, 1843, 1838, 
299, 1842, 1841, 1847, 1844, 1849, 1847, 1840, 1839, 
300, 1842, 1842, 1849, 1845, 1850, 1843, 1847, 1839, 
301, 1843, 1843, 1848, 1845, 1849, 1843, 1848, 1844, 
302, 1843, 1843, 1850, 1846, 1849, 1845, 1848, 1848, 
303, 1843, 1844, 1851, 1849, 1849, 1849, 1849, 1849, 
304, 1850, 1844, 1851, 1851, 1850, 1850, 1850, 1850, 
305, 1851, 1848, 1852, 1850, 1851, 1850, 1851, 1850, 
306, 1853, 1852, 1853, 1850, 1851, 1852, 1854, 1852, 
307, 1852, 1850, 1854, 1851, 1852, 1855, 1856, 1852, 
308, 1853, 1850, 1853, 1853, 1853, 1854, 1854, 1856, 
309, 1854, 1853, 1855, 1854, 1852, 1858, 1856, 1859, 
310, 1854, 1855, 1856, 1855, 1853, 1856, 1857, 1858, 
311, 1860, 1856, 1857, 1857, 1854, 1857, 1857, 1859, 
312, 1858, 1857, 1858, 1857, 1858, 1862, 1857, 1859, 
313, 1862, 1858, 1859, 1858, 1857, 1860, 1859, 1860, 
314, 1862, 1860, 1860, 1860, 1857, 1863, 1863, 1861, 
315, 1864, 1860, 1860, 1861, 1860, 1863, 1863, 1861, 
316, 1866, 1862, 1863, 1862, 1861, 1867, 1869, 1863, 
317, 1866, 1862, 1863, 1864, 1861, 1867, 1871, 1871, 
318, 1866, 1862, 1865, 1866, 1863, 1869, 1871, 1872, 
319, 1869, 1866, 1866, 1868, 1864, 1869, 1872, 1870, 
320, 1871, 1869, 1865, 1870, 1870, 1869, 1871, 1871, 
321, 1871, 1869, 1870, 1871, 1870, 1871, 1872, 1872, 
322, 1873, 1871, 1870, 1871, 1873, 1872, 1873, 1872, 
323, 1875, 1872, 1871, 1873, 1873, 1874, 1873, 1872, 
324, 1876, 1875, 1872, 1873, 1873, 1874, 1874, 1877, 
325, 1877, 1874, 1873, 1874, 1873, 1874, 1877, 1876, 
326, 1877, 1876, 1878, 1878, 1876, 1876, 1877, 1879, 
327, 1878, 1878, 1877, 1878, 1878, 1878, 1878, 1880, 
328, 1879, 1880, 1877, 1885, 1878, 1878, 1884, 1880, 
329, 1883, 1882, 1879, 1885, 1878, 1877, 1883, 1880, 
330, 1884, 1883, 1879, 1886, 1879, 1878, 1883, 1883, 
331, 1888, 1884, 1882, 1885, 1881, 1880, 1884, 1886, 
332, 1889, 1884, 1882, 1886, 1880, 1882, 1884, 1888, 
333, 1890, 1884, 1884, 1886, 1881, 1885, 1886, 1889, 
334, 1892, 1883, 1884, 1887, 1883, 1887, 1886, 1890, 
335, 1892, 1885, 1885, 1889, 1886, 1886, 1888, 1891, 
336, 1892, 1891, 1889, 1889, 1888, 1886, 1890, 1891, 
337, 1893, 1891, 1889, 1889, 1891, 1887, 1889, 1891, 
338, 1892, 1893, 1890, 1889, 1891, 1889, 1891, 1892, 
339, 1896, 1892, 1892, 1889, 1894, 1890, 1892, 1891, 
340, 1896, 1896, 1892, 1890, 1896, 1890, 1896, 1892, 
341, 1896, 1896, 1894, 1892, 1897, 1894, 1896, 1894, 
342, 1896, 1899, 1894, 1894, 1897, 1896, 1896, 1899, 
343, 1897, 1901, 1895, 1895, 1899, 1897, 1898, 1899, 
344, 1898, 1902, 1897, 1898, 1900, 1898, 1899, 1899, 
345, 1899, 1901, 1904, 1898, 1904, 1903, 1901, 1900, 
346, 1899, 1904, 1906, 1899, 1905, 1905, 1901, 1902, 
347, 1899, 1906, 1905, 1899, 1905, 1906, 1903, 1903, 
348, 1904, 1909, 1907, 1901, 1909, 1907, 1903, 1904, 
349, 1902, 1910, 1908, 1904, 1909, 1907, 1904, 1905, 
350, 1906, 1910, 1908, 1906, 1908, 1908, 1906, 1905, 
351, 1907, 1911, 1909, 1911, 1911, 1909, 1910, 1910, 
352, 1910, 1912, 1911, 1912, 1910, 1909, 1910, 1910, 
353, 1913, 1914, 1913, 1911, 1911, 1912, 1910, 1909, 
354, 1915, 1914, 1915, 1913, 1913, 1913, 1911, 1912, 
355, 1915, 1915, 1915, 1913, 1914, 1913, 1911, 1914, 
356, 1916, 1915, 1915, 1914, 1916, 1915, 1912, 1916, 
357, 1914, 1916, 1917, 1916, 1917, 1915, 1914, 1919, 
358, 1916, 1916, 1917, 1918, 1915, 1916, 1914, 1921, 
359, 1916, 1917, 1919, 1917, 1916, 1920, 1915, 1924, 
360, 1916, 1918, 1918, 1917, 1916, 1921, 1916, 1925, 
361, 1917, 1918, 1919, 1917, 1918, 1920, 1916, 1924, 
362, 1919, 1919, 1920, 1918, 1923, 1923, 1919, 1924, 
363, 1919, 1920, 1921, 1921, 1921, 1922, 1920, 1926, 
364, 1927, 1923, 1922, 1919, 1921, 1923, 1921, 1925, 
365, 1927, 1923, 1923, 1921, 1923, 1924, 1925, 1925, 
366, 1926, 1922, 1923, 1923, 1925, 1926, 1924, 1926, 
367, 1926, 1926, 1924, 1926, 1926, 1927, 1924, 1928, 
368, 1927, 1926, 1924, 1927, 1925, 1927, 1925, 1928, 
369, 1928, 1926, 1925, 1928, 1928, 1927, 1927, 1929, 
370, 1929, 1926, 1926, 1928, 1928, 1928, 1931, 1930, 
371, 1929, 1928, 1927, 1931, 1929, 1928, 1930, 1931, 
372, 1930, 1930, 1929, 1931, 1930, 1930, 1930, 1931, 
373, 1930, 1928, 1931, 1932, 1932, 1930, 1931, 1931, 
374, 1931, 1931, 1932, 1932, 1932, 1929, 1931, 1932, 
375, 1932, 1932, 1933, 1933, 1933, 1930, 1932, 1932, 
376, 1936, 1932, 1934, 1933, 1933, 1932, 1932, 1932, 
377, 1937, 1933, 1934, 1934, 1933, 1933, 1933, 1933, 
378, 1939, 1934, 1936, 1936, 1934, 1934, 1933, 1933, 
379, 1941, 1935, 1937, 1937, 1935, 1935, 1933, 1938, 
380, 1941, 1938, 1937, 1938, 1935, 1935, 1933, 1938, 
381, 1941, 1938, 1938, 1939, 1938, 1938, 1935, 1941, 
382, 1942, 1940, 1941, 1941, 1938, 1938, 1937, 1939, 
383, 1942, 1940, 1942, 1941, 1939, 1940, 1941, 1942, 
384, 1943, 1941, 1945, 1946, 1940, 1941, 1941, 1943, 
385, 1946, 1941, 1946, 1949, 1941, 1942, 1943, 1944, 
386, 1946, 1941, 1946, 1950, 1946, 1942, 1946, 1945, 
387, 1949, 1942, 1946, 1950, 1951, 1943, 1949, 1945, 
388, 1949, 1942, 1947, 1950, 1948, 1943, 1951, 1946, 
389, 1949, 1946, 1947, 1949, 1951, 1947, 1951, 1947, 
390, 1949, 1948, 1948, 1951, 1952, 1947, 1952, 1949, 
391, 1952, 1951, 1948, 1952, 1952, 1950, 1954, 1949, 
392, 1952, 1952, 1949, 1953, 1953, 1950, 1953, 1950, 
393, 1952, 1954, 1950, 1955, 1953, 1951, 1953, 1951, 
394, 1954, 1954, 1952, 1962, 1954, 1951, 1954, 1952, 
395, 1954, 1955, 1954, 1961, 1954, 1952, 1956, 1953, 
396, 1954, 1956, 1961, 1962, 1956, 1953, 1957, 1954, 
397, 1956, 1958, 1958, 1962, 1957, 1956, 1957, 1955, 
398, 1956, 1960, 1958, 1962, 1958, 1957, 1957, 1962, 
399, 1956, 1960, 1961, 1962, 1958, 1960, 1957, 1963, 
400, 1962, 1960, 1962, 1963, 1958, 1960, 1961, 1962, 
401, 1963, 1962, 1962, 1965, 1958, 1961, 1962, 1963, 
402, 1967, 1962, 1962, 1966, 1960, 1962, 1961, 1963, 
403, 1968, 1962, 1968, 1967, 1963, 1964, 1962, 1964, 
404, 1967, 1965, 1967, 1965, 1963, 1964, 1964, 1965, 
405, 1970, 1966, 1968, 1968, 1968, 1968, 1965, 1966, 
406, 1971, 1968, 1968, 1966, 1967, 1970, 1965, 1966, 
407, 1971, 1968, 1968, 1972, 1967, 1970, 1966, 1967, 
408, 1971, 1968, 1969, 1970, 1970, 1971, 1965, 1967, 
409, 1971, 1969, 1968, 1973, 1972, 1971, 1967, 1968, 
410, 1972, 1970, 1970, 1973, 1973, 1973, 1970, 1969, 
411, 1972, 1971, 1969, 1974, 1972, 1974, 1970, 1972, 
412, 1972, 1972, 1971, 1973, 1973, 1974, 1970, 1976, 
413, 1973, 1972, 1971, 1974, 1974, 1976, 1970, 1976, 
414, 1973, 1974, 1973, 1974, 1974, 1976, 1971, 1975, 
415, 1974, 1974, 1976, 1973, 1976, 1976, 1973, 1976, 
416, 1977, 1975, 1977, 1975, 1977, 1976, 1973, 1977, 
417, 1977, 1976, 1978, 1979, 1977, 1977, 1973, 1977, 
418, 1977, 1977, 1979, 1979, 1980, 1977, 1975, 1978, 
419, 1978, 1979, 1979, 1980, 1980, 1980, 1976, 1978, 
420, 1979, 1979, 1979, 1981, 1980, 1980, 1979, 1978, 
421, 1980, 1981, 1982, 1982, 1980, 1980, 1979, 1979, 
422, 1980, 1981, 1983, 1983, 1980, 1981, 1979, 1979, 
423, 1982, 1983, 1983, 1984, 1982, 1982, 1982, 1979, 
424, 1982, 1983, 1982, 1984, 1982, 1983, 1983, 1980, 
425, 1985, 1983, 1982, 1985, 1983, 1985, 1986, 1981, 
426, 1985, 1986, 1982, 1986, 1985, 1985, 1990, 1985, 
427, 1989, 1986, 1984, 1987, 1985, 1988, 1990, 1986, 
428, 1989, 1988, 1988, 1989, 1985, 1988, 1990, 1986, 
429, 1989, 1989, 1989, 1990, 1986, 1989, 1990, 1986, 
430, 1989, 1991, 1989, 1990, 1987, 1990, 1992, 1987, 
431, 1990, 1991, 1990, 1990, 1987, 1990, 1992, 1986, 
432, 1990, 1993, 1991, 1990, 1988, 1990, 1994, 1987, 
433, 1991, 1994, 1993, 1993, 1991, 1992, 1994, 1991, 
434, 1992, 1995, 1997, 1994, 1994, 1995, 1995, 1992, 
435, 1992, 1998, 1998, 1997, 1998, 1995, 1996, 1995, 
436, 1993, 2000, 1997, 1998, 1996, 1995, 1996, 1997, 
437, 1993, 2001, 1998, 1998, 1998, 1994, 1998, 1998, 
438, 1995, 2002, 2001, 1998, 1997, 1997, 1999, 2000, 
439, 1995, 2002, 2002, 1998, 1997, 1999, 2000, 2001, 
440, 1997, 2003, 2003, 2000, 1998, 2000, 1999, 2000, 
441, 1997, 2003, 2003, 2000, 2001, 2000, 2001, 2002, 
442, 1998, 2003, 2003, 2001, 2001, 2001, 2003, 2004, 
443, 2002, 2003, 2004, 2001, 2002, 2003, 2003, 2004, 
444, 2002, 2003, 2004, 2001, 2005, 2004, 2004, 2006, 
445, 2003, 2006, 2004, 2002, 2005, 2003, 2003, 2008, 
446, 2004, 2010, 2006, 2002, 2006, 2004, 2005, 2007, 
447, 2004, 2010, 2007, 2004, 2008, 2005, 2005, 2009, 
448, 2004, 2013, 2007, 2010, 2012, 2007, 2005, 2010, 
449, 2010, 2013, 2008, 2010, 2011, 2007, 2006, 2009, 
450, 2012, 2014, 2008, 2011, 2011, 2010, 2005, 2011, 
451, 2011, 2015, 2008, 2013, 2011, 2008, 2006, 2011, 
452, 2012, 2016, 2009, 2013, 2015, 2009, 2008, 2011, 
453, 2012, 2015, 2013, 2014, 2016, 2011, 2014, 2015, 
454, 2016, 2017, 2013, 2016, 2016, 2012, 2014, 2018, 
455, 2019, 2018, 2015, 2015, 2018, 2014, 2011, 2019, 
456, 2017, 2018, 2016, 2016, 2019, 2015, 2017, 2021, 
457, 2019, 2018, 2017, 2016, 2019, 2016, 2017, 2021, 
458, 2022, 2018, 2018, 2017, 2020, 2015, 2019, 2022, 
459, 2022, 2019, 2018, 2017, 2020, 2017, 2021, 2022, 
460, 2024, 2018, 2019, 2018, 2024, 2022, 2022, 2023, 
461, 2024, 2019, 2021, 2020, 2026, 2020, 2023, 2024, 
462, 2024, 2020, 2024, 2019, 2025, 2020, 2024, 2025, 
463, 2025, 2020, 2028, 2022, 2026, 2022, 2024, 2027, 
464, 2025, 2023, 2028, 2025, 2026, 2021, 2025, 2027, 
465, 2027, 2023, 2031, 2023, 2026, 2024, 2026, 2027, 
466, 2027, 2024, 2029, 2025, 2027, 2028, 2025, 2029, 
467, 2028, 2027, 2028, 2026, 2027, 2025, 2026, 2030, 
468, 2029, 2026, 2029, 2027, 2028, 2025, 2026, 2031, 
469, 2029, 2027, 2029, 2029, 2030, 2026, 2027, 2033, 
470, 2030, 2027, 2029, 2031, 2030, 2026, 2033, 2033, 
471, 2033, 2029, 2029, 2033, 2032, 2028, 2031, 2034, 
472, 2033, 2029, 2031, 2033, 2032, 2031, 2031, 2035, 
473, 2033, 2032, 2031, 2033, 2034, 2032, 2032, 2034, 
474, 2033, 2030, 2031, 2033, 2033, 2034, 2034, 2034, 
475, 2035, 2034, 2035, 2035, 2033, 2035, 2038, 2035, 
476, 2035, 2030, 2036, 2036, 2035, 2035, 2038, 2036, 
477, 2036, 2031, 2038, 2037, 2036, 2037, 2039, 2038, 
478, 2038, 2032, 2039, 2040, 2036, 2038, 2040, 2038, 
479, 2038, 2033, 2039, 2038, 2038, 2039, 2041, 2039, 
480, 2038, 2035, 2040, 2039, 2040, 2040, 2041, 2039, 
481, 2039, 2039, 2042, 2039, 2040, 2042, 2042, 2042, 
482, 2038, 2040, 2044, 2042, 2042, 2041, 2043, 2043, 
483, 2039, 2041, 2045, 2042, 2047, 2042, 2043, 2043, 
484, 2043, 2043, 2045, 2043, 2045, 2044, 2044, 2045, 
485, 2043, 2045, 2046, 2046, 2044, 2044, 2044, 2045, 
486, 2045, 2044, 2047, 2044, 2044, 2046, 2046, 2048, 
487, 2048, 2046, 2048, 2046, 2046, 2048, 2045, 2048, 
488, 2048, 2047, 2048, 2047, 2046, 2048, 2049, 2048, 
489, 2050, 2047, 2050, 2051, 2047, 2049, 2049, 2049, 
490, 2049, 2048, 2051, 2050, 2049, 2049, 2049, 2050, 
491, 2051, 2048, 2051, 2052, 2050, 2051, 2051, 2050, 
492, 2054, 2049, 2053, 2052, 2051, 2052, 2052, 2052, 
493, 2054, 2050, 2053, 2052, 2051, 2052, 2052, 2053, 
494, 2055, 2050, 2054, 2052, 2052, 2053, 2055, 2054, 
495, 2055, 2053, 2054, 2053, 2054, 2053, 2055, 2054, 
496, 2055, 2054, 2053, 2054, 2054, 2055, 2055, 2056, 
497, 2056, 2054, 2054, 2055, 2056, 2055, 2056, 2056, 
498, 2060, 2055, 2054, 2056, 2056, 2057, 2058, 2057, 
499, 2061, 2055, 2056, 2057, 2056, 2057, 2057, 2061, 
500, 2061, 2058, 2058, 2058, 2058, 2058, 2058, 2058, 
501, 2062, 2059, 2059, 2058, 2060, 2062, 2058, 2060, 
502, 2063, 2060, 2062, 2060, 2062, 2062, 2058, 2060, 
503, 2063, 2060, 2061, 2062, 2062, 2063, 2063, 2061, 
504, 2063, 2061, 2062, 2063, 2065, 2063, 2061, 2063, 
505, 2064, 2062, 2062, 2066, 2065, 2064, 2062, 2063, 
506, 2064, 2064, 2062, 2066, 2065, 2067, 2062, 2063, 
507, 2069, 2064, 2062, 2066, 2065, 2067, 2063, 2064, 
508, 2069, 2066, 2062, 2067, 2066, 2068, 2064, 2065, 
509, 2071, 2068, 2066, 2069, 2066, 2070, 2065, 2065, 
510, 2071, 2070, 2066, 2070, 2066, 2069, 2066, 2067, 
511, 2071, 2070, 2067, 2070, 2067, 2070, 2070, 2069, 
512, 2071, 2072, 2071, 2070, 2071, 2071, 2071, 2068, 
513, 2072, 2072, 2071, 2071, 2071, 2071, 2071, 2071, 
514, 2072, 2072, 2072, 2072, 2072, 2072, 2076, 2072, 
515, 2073, 2073, 2075, 2074, 2074, 2074, 2076, 2071, 
516, 2075, 2073, 2075, 2078, 2075, 2074, 2075, 2072, 
517, 2075, 2074, 2075, 2078, 2075, 2074, 2079, 2073, 
518, 2075, 2073, 2076, 2078, 2078, 2074, 2079, 2073, 
519, 2077, 2074, 2078, 2078, 2078, 2076, 2079, 2074, 
520, 2077, 2077, 2080, 2080, 2078, 2079, 2080, 2076, 
521, 2078, 2078, 2079, 2081, 2078, 2077, 2081, 2076, 
522, 2079, 2080, 2080, 2081, 2079, 2081, 2082, 2076, 
523, 2080, 2080, 2081, 2081, 2080, 2082, 2082, 2076, 
524, 2081, 2080, 2081, 2082, 2080, 2082, 2082, 2081, 
525, 2081, 2080, 2082, 2082, 2082, 2083, 2082, 2081, 
526, 2081, 2081, 2083, 2084, 2088, 2083, 2083, 2082, 
527, 2085, 2082, 2084, 2084, 2088, 2083, 2083, 2082, 
528, 2085, 2082, 2085, 2085, 2088, 2084, 2088, 2086, 
529, 2086, 2083, 2089, 2086, 2090, 2086, 2089, 2087, 
530, 2086, 2086, 2090, 2088, 2092, 2089, 2089, 2088, 
531, 2086, 2086, 2091, 2087, 2090, 2088, 2091, 2088, 
532, 2088, 2086, 2091, 2087, 2091, 2089, 2092, 2087, 
533, 2087, 2090, 2091, 2087, 2092, 2090, 2092, 2087, 
534, 2087, 2091, 2091, 2088, 2093, 2089, 2092, 2088, 
535, 2090, 2092, 2091, 2089, 2093, 2090, 2092, 2091, 
536, 2088, 2093, 2094, 2090, 2093, 2090, 2092, 2091, 
537, 2093, 2096, 2093, 2091, 2094, 2091, 2093, 2094, 
538, 2095, 2096, 2093, 2093, 2094, 2093, 2093, 2093, 
539, 2100, 2096, 2092, 2094, 2094, 2097, 2093, 2094, 
540, 2100, 2097, 2093, 2095, 2095, 2097, 2094, 2094, 
541, 2102, 2097, 2097, 2096, 2097, 2097, 2095, 2095, 
542, 2102, 2097, 2095, 2099, 2097, 2098, 2096, 2097, 
543, 2104, 2098, 2097, 2100, 2099, 2098, 2095, 2097, 
544, 2102, 2101, 2097, 2099, 2099, 2104, 2095, 2104, 
545, 2102, 2102, 2098, 2100, 2100, 2103, 2101, 2104, 
546, 2102, 2105, 2098, 2102, 2100, 2104, 2098, 2108, 
547, 2109, 2102, 2104, 2102, 2100, 2103, 2102, 2108, 
548, 2108, 2108, 2104, 2105, 2102, 2106, 2102, 2108, 
549, 2108, 2112, 2107, 2105, 2103, 2104, 2107, 2108, 
550, 2108, 2110, 2109, 2105, 2104, 2104, 2103, 2109, 
551, 2108, 2112, 2110, 2106, 2105, 2104, 2107, 2109, 
552, 2110, 2113, 2112, 2108, 2105, 2108, 2109, 2109, 
553, 2111, 2114, 2113, 2109, 2105, 2106, 2111, 2110, 
554, 2113, 2114, 2114, 2111, 2107, 2107, 2113, 2112, 
555, 2111, 2114, 2114, 2113, 2107, 2109, 2112, 2111, 
556, 2113, 2116, 2115, 2113, 2109, 2109, 2112, 2113, 
557, 2115, 2116, 2114, 2114, 2115, 2112, 2113, 2114, 
558, 2117, 2116, 2115, 2114, 2116, 2112, 2113, 2114, 
559, 2117, 2118, 2116, 2115, 2115, 2114, 2114, 2115, 
560, 2118, 2116, 2115, 2115, 2115, 2114, 2114, 2115, 
561, 2119, 2117, 2116, 2118, 2115, 2116, 2115, 2116, 
562, 2119, 2117, 2116, 2118, 2115, 2116, 2117, 2116, 
563, 2120, 2119, 2117, 2118, 2118, 2117, 2119, 2117, 
564, 2122, 2119, 2117, 2120, 2116, 2117, 2120, 2118, 
565, 2122, 2119, 2119, 2120, 2117, 2118, 2121, 2117, 
566, 2122, 2120, 2121, 2119, 2118, 2118, 2122, 2118, 
567, 2123, 2120, 2122, 2119, 2120, 2124, 2119, 2118, 
568, 2123, 2120, 2123, 2121, 2120, 2125, 2121, 2120, 
569, 2122, 2122, 2125, 2125, 2120, 2126, 2123, 2120, 
570, 2123, 2121, 2125, 2124, 2120, 2126, 2124, 2122, 
571, 2123, 2125, 2124, 2126, 2121, 2126, 2126, 2121, 
572, 2123, 2125, 2124, 2124, 2123, 2126, 2126, 2122, 
573, 2124, 2125, 2125, 2126, 2122, 2126, 2128, 2123, 
574, 2126, 2125, 2124, 2125, 2122, 2126, 2128, 2125, 
575, 2128, 2126, 2126, 2126, 2124, 2126, 2128, 2125, 
576, 2128, 2127, 2125, 2126, 2128, 2127, 2128, 2126, 
577, 2130, 2128, 2126, 2128, 2131, 2127, 2127, 2129, 
578, 2130, 2127, 2127, 2129, 2132, 2126, 2128, 2131, 
579, 2130, 2130, 2131, 2129, 2132, 2129, 2129, 2132, 
580, 2131, 2128, 2131, 2132, 2133, 2128, 2132, 2133, 
581, 2132, 2131, 2131, 2131, 2134, 2128, 2132, 2133, 
582, 2132, 2132, 2132, 2134, 2134, 2129, 2131, 2134, 
583, 2132, 2133, 2132, 2134, 2136, 2131, 2133, 2134, 
584, 2133, 2133, 2132, 2134, 2135, 2132, 2136, 2136, 
585, 2134, 2133, 2133, 2137, 2136, 2133, 2137, 2137, 
586, 2135, 2135, 2135, 2136, 2136, 2133, 2136, 2137, 
587, 2135, 2134, 2135, 2137, 2139, 2134, 2136, 2136, 
588, 2140, 2135, 2135, 2136, 2139, 2136, 2139, 2137, 
589, 2139, 2135, 2136, 2137, 2140, 2136, 2140, 2137, 
590, 2141, 2136, 2138, 2137, 2143, 2136, 2141, 2138, 
591, 2141, 2137, 2138, 2137, 2143, 2136, 2140, 2138, 
592, 2141, 2137, 2140, 2139, 2142, 2142, 2141, 2138, 
593, 2142, 2138, 2140, 2139, 2141, 2141, 2142, 2139, 
594, 2142, 2140, 2142, 2139, 2142, 2142, 2141, 2138, 
595, 2142, 2140, 2141, 2139, 2142, 2142, 2141, 2140, 
596, 2142, 2142, 2142, 2140, 2143, 2142, 2144, 2140, 
597, 2141, 2142, 2142, 2141, 2144, 2143, 2144, 2141, 
598, 2142, 2141, 2142, 2141, 2144, 2143, 2144, 2142, 
599, 2144, 2146, 2143, 2142, 2145, 2144, 2144, 2144, 
600, 2144, 2146, 2144, 2143, 2143, 2143, 2146, 2144, 
601, 2144, 2146, 2144, 2144, 2143, 2143, 2147, 2145, 
602, 2144, 2148, 2146, 2145, 2146, 2144, 2146, 2145, 
603, 2144, 2148, 2148, 2146, 2146, 2146, 2146, 2148, 
604, 2145, 2148, 2148, 2147, 2145, 2148, 2147, 2147, 
605, 2145, 2149, 2150, 2150, 2146, 2149, 2148, 2149, 
606, 2147, 2150, 2150, 2149, 2150, 2149, 2149, 2149, 
607, 2146, 2153, 2149, 2152, 2150, 2151, 2151, 2151, 
608, 2148, 2153, 2151, 2151, 2150, 2151, 2151, 2153, 
609, 2149, 2153, 2154, 2151, 2152, 2153, 2154, 2154, 
610, 2151, 2154, 2154, 2153, 2153, 2152, 2155, 2154, 
611, 2150, 2153, 2154, 2156, 2154, 2152, 2156, 2154, 
612, 2153, 2155, 2154, 2155, 2154, 2153, 2155, 2156, 
613, 2153, 2156, 2155, 2157, 2155, 2153, 2153, 2157, 
614, 2155, 2157, 2155, 2156, 2157, 2152, 2154, 2156, 
615, 2156, 2155, 2158, 2158, 2158, 2156, 2155, 2158, 
616, 2155, 2155, 2158, 2159, 2158, 2155, 2156, 2158, 
617, 2155, 2156, 2159, 2160, 2158, 2159, 2155, 2160, 
618, 2156, 2156, 2158, 2162, 2161, 2159, 2156, 2160, 
619, 2158, 2160, 2159, 2162, 2160, 2158, 2156, 2163, 
620, 2161, 2160, 2159, 2163, 2160, 2159, 2158, 2162, 
621, 2163, 2160, 2159, 2163, 2164, 2160, 2158, 2161, 
622, 2163, 2161, 2160, 2164, 2165, 2160, 2163, 2165, 
623, 2164, 2161, 2160, 2165, 2164, 2161, 2167, 2164, 
624, 2164, 2163, 2160, 2165, 2164, 2161, 2169, 2168, 
625, 2166, 2163, 2161, 2166, 2164, 2163, 2166, 2168, 
626, 2167, 2165, 2163, 2167, 2165, 2164, 2168, 2169, 
627, 2169, 2165, 2168, 2166, 2164, 2166, 2168, 2170, 
628, 2169, 2165, 2164, 2169, 2168, 2169, 2169, 2170, 
629, 2171, 2166, 2166, 2168, 2170, 2168, 2171, 2170, 
630, 2171, 2170, 2169, 2169, 2170, 2170, 2171, 2171, 
631, 2172, 2170, 2168, 2171, 2169, 2169, 2171, 2172, 
632, 2173, 2170, 2167, 2171, 2173, 2170, 2172, 2171, 
633, 2175, 2170, 2170, 2172, 2172, 2171, 2173, 2172, 
634, 2175, 2171, 2170, 2173, 2175, 2171, 2173, 2174, 
635, 2176, 2172, 2172, 2173, 2174, 2171, 2174, 2176, 
636, 2175, 2172, 2177, 2175, 2174, 2176, 2175, 2177, 
637, 2177, 2172, 2177, 2176, 2177, 2175, 2174, 2176, 
638, 2179, 2176, 2177, 2178, 2176, 2176, 2175, 2177, 
639, 2180, 2179, 2177, 2178, 2177, 2176, 2175, 2178, 
640, 2180, 2179, 2177, 2177, 2179, 2175, 2175, 2178, 
641, 2180, 2180, 2179, 2178, 2178, 2175, 2176, 2178, 
642, 2181, 2181, 2179, 2180, 2180, 2176, 2177, 2178, 
643, 2182, 2183, 2179, 2183, 2180, 2180, 2180, 2179, 
644, 2183, 2183, 2180, 2185, 2180, 2180, 2179, 2178, 
645, 2183, 2185, 2181, 2185, 2180, 2181, 2180, 2180, 
646, 2183, 2184, 2184, 2186, 2183, 2181, 2183, 2180, 
647, 2185, 2185, 2184, 2186, 2183, 2184, 2184, 2185, 
648, 2185, 2185, 2184, 2188, 2183, 2187, 2184, 2185, 
649, 2185, 2185, 2185, 2188, 2184, 2187, 2185, 2188, 
650, 2186, 2186, 2185, 2189, 2186, 2188, 2185, 2189, 
651, 2186, 2188, 2189, 2190, 2186, 2187, 2185, 2190, 
652, 2186, 2190, 2189, 2191, 2186, 2187, 2186, 2190, 
653, 2186, 2190, 2190, 2191, 2190, 2188, 2190, 2190, 
654, 2189, 2192, 2190, 2191, 2189, 2189, 2189, 2192, 
655, 2191, 2192, 2190, 2192, 2192, 2189, 2191, 2193, 
656, 2192, 2192, 2192, 2193, 2194, 2189, 2192, 2192, 
657, 2192, 2192, 2192, 2194, 2195, 2192, 2193, 2192, 
658, 2193, 2193, 2198, 2193, 2197, 2193, 2193, 2193, 
659, 2193, 2193, 2197, 2194, 2199, 2196, 2195, 2194, 
660, 2193, 2193, 2198, 2195, 2198, 2195, 2195, 2196, 
661, 2193, 2194, 2198, 2197, 2198, 2195, 2196, 2196, 
662, 2193, 2195, 2199, 2197, 2198, 2196, 2198, 2196, 
663, 2194, 2194, 2200, 2199, 2198, 2195, 2198, 2196, 
664, 2195, 2195, 2200, 2201, 2201, 2196, 2198, 2196, 
665, 2196, 2197, 2201, 2203, 2202, 2196, 2199, 2197, 
666, 2198, 2199, 2202, 2203, 2202, 2197, 2199, 2197, 
667, 2198, 2200, 2202, 2204, 2203, 2198, 2199, 2198, 
668, 2198, 2200, 2202, 2204, 2202, 2199, 2203, 2203, 
669, 2202, 2202, 2203, 2204, 2202, 2200, 2207, 2207, 
670, 2202, 2203, 2204, 2204, 2202, 2206, 2207, 2207, 
671, 2203, 2204, 2203, 2204, 2202, 2204, 2207, 2208, 
672, 2204, 2204, 2204, 2204, 2203, 2205, 2208, 2209, 
673, 2206, 2208, 2205, 2205, 2206, 2205, 2207, 2209, 
674, 2205, 2206, 2209, 2206, 2207, 2204, 2207, 2210, 
675, 2205, 2207, 2211, 2206, 2210, 2206, 2207, 2212, 
676, 2211, 2209, 2211, 2206, 2211, 2208, 2208, 2212, 
677, 2213, 2209, 2212, 2207, 2212, 2210, 2210, 2213, 
678, 2212, 2209, 2212, 2208, 2211, 2212, 2209, 2213, 
679, 2212, 2210, 2213, 2206, 2211, 2210, 2210, 2214, 
680, 2213, 2212, 2212, 2211, 2211, 2211, 2211, 2215, 
681, 2213, 2213, 2212, 2211, 2212, 2214, 2211, 2216, 
682, 2214, 2214, 2212, 2215, 2214, 2215, 2211, 2219, 
683, 2213, 2214, 2213, 2215, 2214, 2215, 2213, 2218, 
684, 2215, 2213, 2214, 2216, 2214, 2216, 2213, 2219, 
685, 2217, 2215, 2215, 2217, 2214, 2219, 2214, 2219, 
686, 2216, 2218, 2215, 2218, 2215, 2219, 2217, 2219, 
687, 2218, 2218, 2217, 2218, 2218, 2218, 2217, 2220, 
688, 2218, 2221, 2216, 2219, 2218, 2219, 2217, 2220, 
689, 2221, 2221, 2217, 2220, 2219, 2220, 2219, 2220, 
690, 2220, 2221, 2217, 2220, 2222, 2222, 2219, 2221, 
691, 2222, 2222, 2218, 2224, 2222, 2220, 2218, 2220, 
692, 2222, 2224, 2218, 2220, 2224, 2222, 2219, 2221, 
693, 2223, 2228, 2219, 2220, 2225, 2222, 2221, 2222, 
694, 2222, 2225, 2219, 2222, 2226, 2223, 2222, 2225, 
695, 2222, 2226, 2220, 2224, 2226, 2224, 2222, 2223, 
696, 2224, 2227, 2222, 2222, 2226, 2224, 2223, 2224, 
697, 2225, 2228, 2223, 2224, 2227, 2230, 2226, 2226, 
698, 2225, 2228, 2225, 2224, 2228, 2226, 2228, 2226, 
699, 2229, 2228, 2230, 2226, 2229, 2228, 2230, 2228, 
700, 2230, 2230, 2232, 2226, 2229, 2228, 2234, 2230, 
701, 2231, 2229, 2231, 2231, 2229, 2230, 2233, 2230, 
702, 2230, 2230, 2233, 2232, 2230, 2231, 2233, 2230, 
703, 2230, 2229, 2232, 2232, 2231, 2232, 2234, 2234, 
704, 2230, 2231, 2233, 2232, 2231, 2232, 2232, 2234, 
705, 2237, 2237, 2234, 2233, 2232, 2229, 2232, 2235, 
706, 2237, 2237, 2234, 2232, 2231, 2234, 2233, 2235, 
707, 2239, 2237, 2234, 2234, 2232, 2234, 2234, 2235, 
708, 2239, 2237, 2237, 2234, 2237, 2235, 2235, 2237, 
709, 2238, 2237, 2238, 2238, 2237, 2235, 2236, 2237, 
710, 2238, 2237, 2238, 2238, 2237, 2235, 2237, 2237, 
711, 2241, 2239, 2238, 2240, 2239, 2235, 2237, 2238, 
712, 2240, 2239, 2238, 2240, 2238, 2237, 2239, 2238, 
713, 2240, 2241, 2239, 2240, 2239, 2238, 2237, 2238, 
714, 2242, 2241, 2239, 2241, 2239, 2238, 2239, 2239, 
715, 2243, 2242, 2239, 2243, 2239, 2238, 2239, 2238, 
716, 2244, 2243, 2239, 2243, 2241, 2239, 2242, 2239, 
717, 2244, 2243, 2241, 2243, 2241, 2242, 2244, 2239, 
718, 2245, 2245, 2239, 2243, 2241, 2243, 2244, 2240, 
719, 2244, 2243, 2240, 2244, 2242, 2244, 2242, 2240, 
720, 2244, 2243, 2241, 2244, 2241, 2244, 2242, 2243, 
721, 2245, 2244, 2242, 2246, 2244, 2245, 2244, 2243, 
722, 2245, 2245, 2244, 2245, 2244, 2246, 2244, 2243, 
723, 2246, 2247, 2244, 2245, 2244, 2246, 2244, 2243, 
724, 2247, 2247, 2246, 2245, 2245, 2246, 2246, 2243, 
725, 2249, 2246, 2248, 2246, 2248, 2246, 2245, 2244, 
726, 2250, 2246, 2247, 2246, 2247, 2249, 2247, 2246, 
727, 2249, 2248, 2247, 2247, 2246, 2248, 2247, 2247, 
728, 2249, 2250, 2248, 2246, 2247, 2249, 2247, 2248, 
729, 2250, 2250, 2247, 2246, 2250, 2250, 2249, 2248, 
730, 2250, 2250, 2248, 2247, 2250, 2250, 2249, 2249, 
731, 2250, 2252, 2249, 2247, 2253, 2251, 2249, 2249, 
732, 2250, 2251, 2250, 2249, 2255, 2252, 2248, 2249, 
733, 2250, 2253, 2249, 2249, 2254, 2252, 2250, 2250, 
734, 2250, 2254, 2251, 2248, 2253, 2253, 2254, 2251, 
735, 2251, 2256, 2251, 2250, 2253, 2254, 2253, 2252, 
736, 2252, 2256, 2254, 2251, 2254, 2256, 2253, 2253, 
737, 2254, 2255, 2255, 2252, 2255, 2257, 2253, 2253, 
738, 2253, 2255, 2257, 2252, 2255, 2258, 2253, 2254, 
739, 2254, 2256, 2258, 2256, 2255, 2259, 2253, 2256, 
740, 2252, 2255, 2262, 2258, 2255, 2259, 2253, 2255, 
741, 2253, 2256, 2260, 2259, 2255, 2258, 2254, 2257, 
742, 2258, 2256, 2259, 2259, 2258, 2259, 2256, 2258, 
743, 2256, 2257, 2259, 2259, 2259, 2261, 2256, 2258, 
744, 2256, 2257, 2259, 2260, 2259, 2260, 2257, 2258, 
745, 2256, 2257, 2260, 2260, 2259, 2260, 2261, 2258, 
746, 2258, 2258, 2260, 2260, 2259, 2260, 2265, 2258, 
747, 2259, 2260, 2260, 2261, 2259, 2261, 2264, 2263, 
748, 2258, 2260, 2260, 2263, 2259, 2261, 2264, 2263, 
749, 2259, 2262, 2262, 2264, 2260, 2262, 2264, 2263, 
750, 2262, 2261, 2262, 2265, 2262, 2262, 2267, 2264, 
751, 2262, 2266, 2261, 2265, 2263, 2263, 2268, 2264, 
752, 2266, 2266, 2264, 2266, 2263, 2263, 2269, 2264, 
753, 2266, 2267, 2264, 2267, 2265, 2263, 2269, 2265, 
754, 2265, 2270, 2266, 2268, 2265, 2263, 2269, 2263, 
755, 2266, 2271, 2269, 2270, 2267, 2263, 2269, 2263, 
756, 2267, 2271, 2269, 2271, 2266, 2263, 2269, 2266, 
757, 2268, 2272, 2269, 2271, 2268, 2264, 2270, 2268, 
758, 2268, 2272, 2269, 2271, 2268, 2268, 2270, 2267, 
759, 2270, 2273, 2270, 2271, 2268, 2271, 2270, 2268, 
760, 2272, 2273, 2269, 2271, 2268, 2271, 2271, 2272, 
761, 2272, 2272, 2270, 2271, 2269, 2271, 2273, 2273, 
762, 2273, 2272, 2269, 2272, 2268, 2271, 2273, 2273, 
763, 2273, 2272, 2272, 2272, 2270, 2271, 2273, 2274, 
764, 2274, 2273, 2271, 2273, 2272, 2272, 2276, 2274, 
765, 2275, 2273, 2270, 2274, 2272, 2273, 2276, 2274, 
766, 2273, 2277, 2273, 2275, 2274, 2273, 2277, 2274, 
767, 2273, 2277, 2274, 2275, 2277, 2274, 2276, 2274, 
768, 2275, 2278, 2274, 2274, 2281, 2275, 2277, 2277, 
769, 2276, 2278, 2275, 2274, 2280, 2276, 2278, 2278, 
770, 2276, 2278, 2279, 2276, 2280, 2275, 2278, 2277, 
771, 2276, 2278, 2280, 2275, 2281, 2278, 2277, 2277, 
772, 2276, 2278, 2281, 2277, 2280, 2276, 2278, 2276, 
773, 2280, 2279, 2281, 2276, 2282, 2278, 2278, 2280, 
774, 2280, 2280, 2280, 2277, 2281, 2277, 2277, 2278, 
775, 2284, 2280, 2281, 2277, 2282, 2282, 2277, 2278, 
776, 2282, 2279, 2285, 2279, 2282, 2282, 2277, 2280, 
777, 2283, 2279, 2285, 2283, 2282, 2283, 2277, 2280, 
778, 2284, 2280, 2285, 2284, 2283, 2284, 2280, 2282, 
779, 2284, 2284, 2285, 2284, 2284, 2286, 2282, 2282, 
780, 2285, 2281, 2285, 2283, 2284, 2286, 2282, 2284, 
781, 2285, 2284, 2285, 2286, 2285, 2286, 2283, 2284, 
782, 2285, 2283, 2285, 2286, 2286, 2287, 2287, 2284, 
783, 2285, 2286, 2286, 2287, 2287, 2288, 2284, 2285, 
784, 2285, 2286, 2286, 2287, 2289, 2289, 2286, 2285, 
785, 2285, 2286, 2286, 2288, 2289, 2289, 2288, 2286, 
786, 2285, 2287, 2286, 2288, 2289, 2289, 2289, 2287, 
787, 2288, 2287, 2287, 2287, 2290, 2289, 2289, 2287, 
788, 2289, 2290, 2286, 2287, 2290, 2292, 2290, 2288, 
789, 2289, 2291, 2288, 2288, 2290, 2292, 2289, 2288, 
790, 2289, 2291, 2288, 2287, 2291, 2293, 2288, 2287, 
791, 2293, 2291, 2287, 2287, 2291, 2293, 2289, 2289, 
792, 2293, 2293, 2290, 2289, 2291, 2292, 2288, 2289, 
793, 2292, 2293, 2290, 2289, 2291, 2292, 2293, 2291, 
794, 2293, 2295, 2290, 2290, 2294, 2292, 2289, 2291, 
795, 2292, 2294, 2292, 2294, 2295, 2292, 2289, 2292, 
796, 2292, 2295, 2292, 2290, 2295, 2293, 2289, 2293, 
797, 2292, 2295, 2292, 2291, 2297, 2293, 2293, 2293, 
798, 2292, 2296, 2292, 2291, 2297, 2292, 2293, 2294, 
799, 2296, 2295, 2292, 2293, 2297, 2292, 2295, 2294, 
800, 2295, 2297, 2293, 2292, 2297, 2293, 2294, 2296, 
801, 2294, 2296, 2293, 2293, 2297, 2292, 2294, 2296, 
802, 2294, 2297, 2293, 2295, 2297, 2293, 2295, 2295, 
803, 2294, 2297, 2292, 2297, 2297, 2294, 2295, 2295, 
804, 2294, 2298, 2295, 2296, 2298, 2295, 2296, 2295, 
805, 2296, 2298, 2295, 2299, 2299, 2296, 2298, 2297, 
806, 2296, 2299, 2294, 2297, 2299, 2297, 2298, 2297, 
807, 2298, 2299, 2297, 2298, 2298, 2297, 2297, 2297, 
808, 2297, 2299, 2298, 2297, 2298, 2297, 2302, 2298, 
809, 2296, 2299, 2299, 2297, 2298, 2297, 2303, 2298, 
810, 2298, 2301, 2299, 2300, 2298, 2300, 2303, 2299, 
811, 2299, 2301, 2300, 2302, 2297, 2300, 2304, 2300, 
812, 2298, 2301, 2303, 2302, 2299, 2299, 2305, 2302, 
813, 2298, 2301, 2302, 2303, 2301, 2303, 2304, 2302, 
814, 2298, 2302, 2304, 2303, 2302, 2304, 2303, 2302, 
815, 2303, 2300, 2303, 2306, 2302, 2303, 2304, 2303, 
816, 2307, 2305, 2303, 2305, 2301, 2303, 2304, 2305, 
817, 2308, 2303, 2302, 2306, 2303, 2304, 2303, 2306, 
818, 2307, 2304, 2303, 2307, 2302, 2304, 2303, 2307, 
819, 2307, 2303, 2304, 2308, 2303, 2303, 2303, 2307, 
820, 2309, 2303, 2305, 2307, 2303, 2304, 2303, 2307, 
821, 2310, 2305, 2305, 2307, 2303, 2304, 2304, 2307, 
822, 2310, 2306, 2307, 2308, 2307, 2306, 2303, 2307, 
823, 2312, 2305, 2307, 2309, 2307, 2306, 2304, 2308, 
824, 2312, 2306, 2306, 2309, 2309, 2306, 2303, 2309, 
825, 2311, 2308, 2307, 2309, 2309, 2306, 2307, 2310, 
826, 2312, 2308, 2307, 2310, 2308, 2306, 2303, 2309, 
827, 2312, 2310, 2307, 2310, 2310, 2306, 2306, 2313, 
828, 2312, 2308, 2308, 2313, 2309, 2306, 2304, 2312, 
829, 2313, 2311, 2310, 2313, 2311, 2306, 2308, 2312, 
830, 2313, 2311, 2311, 2313, 2311, 2307, 2306, 2312, 
831, 2314, 2311, 2311, 2314, 2310, 2307, 2310, 2312, 
832, 2314, 2314, 2310, 2314, 2311, 2309, 2312, 2312, 
833, 2314, 2312, 2311, 2314, 2313, 2314, 2312, 2312, 
834, 2315, 2314, 2311, 2314, 2313, 2313, 2315, 2312, 
835, 2314, 2314, 2313, 2317, 2312, 2313, 2314, 2312, 
836, 2314, 2315, 2314, 2315, 2314, 2314, 2315, 2312, 
837, 2315, 2319, 2317, 2319, 2313, 2313, 2313, 2312, 
838, 2314, 2319, 2315, 2318, 2315, 2317, 2314, 2313, 
839, 2313, 2318, 2315, 2317, 2313, 2317, 2315, 2313, 
840, 2315, 2318, 2315, 2317, 2314, 2316, 2316, 2315, 
841, 2314, 2319, 2315, 2318, 2316, 2316, 2316, 2315, 
842, 2318, 2319, 2315, 2317, 2317, 2316, 2316, 2314, 
843, 2317, 2318, 2316, 2317, 2317, 2316, 2317, 2317, 
844, 2316, 2318, 2316, 2317, 2318, 2316, 2318, 2317, 
845, 2318, 2319, 2317, 2317, 2319, 2317, 2317, 2317, 
846, 2316, 2320, 2318, 2318, 2319, 2316, 2318, 2317, 
847, 2316, 2320, 2318, 2318, 2319, 2316, 2319, 2317, 
848, 2317, 2321, 2318, 2321, 2319, 2318, 2319, 2318, 
849, 2317, 2321, 2319, 2320, 2321, 2318, 2320, 2318, 
850, 2317, 2323, 2321, 2323, 2321, 2321, 2321, 2318, 
851, 2317, 2323, 2320, 2323, 2322, 2322, 2321, 2319, 
852, 2317, 2323, 2321, 2324, 2322, 2322, 2322, 2320, 
853, 2320, 2322, 2321, 2325, 2324, 2323, 2322, 2319, 
854, 2320, 2322, 2322, 2326, 2325, 2322, 2323, 2320, 
855, 2321, 2322, 2323, 2328, 2326, 2322, 2325, 2320, 
856, 2322, 2322, 2322, 2328, 2325, 2322, 2328, 2321, 
857, 2324, 2324, 2322, 2329, 2325, 2322, 2330, 2322, 
858, 2323, 2323, 2322, 2329, 2327, 2322, 2330, 2322, 
859, 2325, 2324, 2322, 2330, 2326, 2322, 2331, 2322, 
860, 2326, 2326, 2323, 2329, 2325, 2328, 2332, 2323, 
861, 2328, 2329, 2325, 2329, 2326, 2329, 2332, 2329, 
862, 2328, 2329, 2326, 2329, 2327, 2328, 2331, 2329, 
863, 2328, 2329, 2326, 2330, 2327, 2329, 2331, 2327, 
864, 2329, 2330, 2327, 2329, 2327, 2329, 2331, 2327, 
865, 2331, 2331, 2326, 2329, 2328, 2330, 2332, 2330, 
866, 2330, 2332, 2326, 2329, 2328, 2330, 2333, 2330, 
867, 2330, 2333, 2330, 2330, 2334, 2329, 2332, 2332, 
868, 2330, 2333, 2332, 2330, 2333, 2330, 2332, 2332, 
869, 2331, 2333, 2332, 2330, 2333, 2330, 2332, 2335, 
870, 2331, 2334, 2333, 2331, 2334, 2330, 2333, 2334, 
871, 2332, 2334, 2334, 2331, 2333, 2335, 2334, 2334, 
872, 2332, 2334, 2336, 2331, 2335, 2335, 2334, 2334, 
873, 2333, 2335, 2334, 2334, 2335, 2334, 2335, 2335, 
874, 2333, 2335, 2336, 2333, 2336, 2335, 2335, 2335, 
875, 2334, 2335, 2337, 2337, 2338, 2336, 2335, 2337, 
876, 2333, 2337, 2336, 2338, 2338, 2336, 2338, 2336, 
877, 2334, 2337, 2336, 2338, 2337, 2336, 2338, 2337, 
878, 2334, 2337, 2339, 2338, 2337, 2339, 2339, 2337, 
879, 2334, 2337, 2339, 2339, 2337, 2337, 2339, 2338, 
880, 2334, 2337, 2339, 2338, 2337, 2338, 2339, 2339, 
881, 2338, 2339, 2339, 2340, 2337, 2338, 2339, 2340, 
882, 2339, 2339, 2338, 2340, 2339, 2339, 2339, 2340, 
883, 2339, 2339, 2339, 2340, 2338, 2339, 2339, 2339, 
884, 2338, 2340, 2338, 2341, 2340, 2339, 2340, 2341, 
885, 2339, 2340, 2339, 2342, 2339, 2339, 2339, 2341, 
886, 2339, 2340, 2338, 2341, 2341, 2339, 2339, 2342, 
887, 2340, 2341, 2339, 2341, 2342, 2340, 2339, 2340, 
888, 2340, 2340, 2340, 2341, 2341, 2340, 2340, 2340, 
889, 2341, 2343, 2341, 2341, 2342, 2341, 2340, 2340, 
890, 2341, 2343, 2341, 2341, 2342, 2341, 2341, 2342, 
891, 2342, 2344, 2341, 2343, 2341, 2341, 2341, 2342, 
892, 2342, 2344, 2341, 2344, 2341, 2341, 2342, 2342, 
893, 2342, 2344, 2341, 2346, 2342, 2342, 2342, 2342, 
894, 2342, 2345, 2342, 2345, 2342, 2342, 2343, 2342, 
895, 2343, 2345, 2342, 2345, 2343, 2342, 2342, 2343, 
896, 2344, 2347, 2342, 2346, 2345, 2342, 2342, 2343, 
897, 2343, 2346, 2345, 2346, 2346, 2343, 2344, 2342, 
898, 2343, 2346, 2344, 2345, 2344, 2342, 2344, 2342, 
899, 2343, 2346, 2344, 2347, 2345, 2343, 2345, 2343, 
900, 2343, 2347, 2344, 2346, 2344, 2344, 2345, 2344, 
901, 2345, 2346, 2347, 2348, 2343, 2345, 2345, 2344, 
902, 2345, 2347, 2346, 2347, 2344, 2347, 2345, 2344, 
903, 2345, 2348, 2347, 2347, 2343, 2347, 2346, 2344, 
904, 2345, 2348, 2347, 2347, 2347, 2347, 2346, 2343, 
905, 2345, 2349, 2346, 2348, 2347, 2348, 2346, 2343, 
906, 2345, 2349, 2347, 2348, 2347, 2348, 2347, 2345, 
907, 2345, 2349, 2351, 2348, 2346, 2348, 2347, 2347, 
908, 2348, 2350, 2351, 2350, 2348, 2349, 2347, 2348, 
909, 2348, 2350, 2351, 2349, 2347, 2350, 2347, 2348, 
910, 2347, 2349, 2353, 2349, 2347, 2349, 2347, 2349, 
911, 2349, 2349, 2352, 2349, 2349, 2349, 2348, 2349, 
912, 2350, 2350, 2353, 2349, 2351, 2351, 2348, 2351, 
913, 2349, 2350, 2353, 2349, 2350, 2351, 2350, 2351, 
914, 2352, 2350, 2353, 2351, 2350, 2352, 2350, 2351, 
915, 2351, 2351, 2353, 2353, 2351, 2354, 2351, 2351, 
916, 2353, 2352, 2356, 2353, 2354, 2354, 2351, 2351, 
917, 2355, 2352, 2355, 2353, 2355, 2355, 2352, 2351, 
918, 2355, 2352, 2355, 2353, 2352, 2354, 2352, 2352, 
919, 2357, 2354, 2355, 2353, 2353, 2356, 2354, 2354, 
920, 2356, 2354, 2356, 2354, 2353, 2357, 2354, 2354, 
921, 2356, 2354, 2356, 2354, 2355, 2357, 2356, 2354, 
922, 2356, 2353, 2357, 2355, 2355, 2357, 2357, 2354, 
923, 2356, 2358, 2356, 2357, 2355, 2357, 2358, 2356, 
924, 2356, 2358, 2357, 2358, 2355, 2358, 2357, 2357, 
925, 2356, 2357, 2357, 2359, 2356, 2358, 2357, 2356, 
926, 2357, 2358, 2358, 2359, 2357, 2357, 2357, 2357, 
927, 2357, 2357, 2359, 2358, 2357, 2359, 2359, 2358, 
928, 2357, 2358, 2360, 2358, 2358, 2359, 2360, 2358, 
929, 2359, 2358, 2360, 2358, 2357, 2360, 2360, 2359, 
930, 2358, 2358, 2360, 2358, 2359, 2361, 2360, 2361, 
931, 2358, 2358, 2360, 2358, 2359, 2361, 2361, 2361, 
932, 2359, 2361, 2361, 2358, 2360, 2362, 2361, 2361, 
933, 2359, 2361, 2362, 2361, 2359, 2362, 2362, 2361, 
934, 2359, 2361, 2362, 2364, 2362, 2361, 2361, 2362, 
935, 2359, 2362, 2364, 2364, 2362, 2362, 2363, 2361, 
936, 2361, 2361, 2364, 2363, 2361, 2362, 2362, 2362, 
937, 2362, 2362, 2364, 2363, 2361, 2362, 2363, 2362, 
938, 2361, 2362, 2363, 2363, 2361, 2364, 2365, 2362, 
939, 2361, 2365, 2363, 2364, 2362, 2363, 2365, 2362, 
940, 2361, 2363, 2363, 2363, 2362, 2363, 2364, 2362, 
941, 2362, 2363, 2363, 2363, 2362, 2363, 2364, 2364, 
942, 2364, 2366, 2364, 2363, 2362, 2363, 2367, 2364, 
943, 2364, 2365, 2363, 2363, 2363, 2362, 2367, 2364, 
944, 2365, 2366, 2363, 2363, 2362, 2363, 2367, 2366, 
945, 2365, 2366, 2363, 2364, 2363, 2363, 2367, 2367, 
946, 2367, 2366, 2364, 2365, 2363, 2369, 2367, 2369, 
947, 2367, 2367, 2366, 2367, 2363, 2369, 2367, 2367, 
948, 2366, 2368, 2366, 2367, 2364, 2369, 2367, 2367, 
949, 2367, 2369, 2366, 2367, 2364, 2370, 2367, 2369, 
950, 2367, 2368, 2368, 2368, 2363, 2369, 2368, 2369, 
951, 2368, 2368, 2367, 2367, 2366, 2369, 2369, 2369, 
952, 2369, 2369, 2369, 2368, 2367, 2369, 2369, 2369, 
953, 2368, 2369, 2368, 2369, 2365, 2370, 2369, 2369, 
954, 2368, 2370, 2368, 2369, 2367, 2373, 2370, 2370, 
955, 2368, 2369, 2370, 2370, 2370, 2373, 2371, 2370, 
956, 2369, 2370, 2370, 2370, 2370, 2373, 2372, 2369, 
957, 2370, 2370, 2369, 2369, 2370, 2373, 2372, 2369, 
958, 2369, 2370, 2370, 2370, 2372, 2373, 2373, 2370, 
959, 2370, 2373, 2369, 2371, 2372, 2373, 2372, 2371, 
960, 2373, 2373, 2369, 2373, 2373, 2373, 2372, 2371, 
961, 2373, 2374, 2370, 2373, 2373, 2373, 2372, 2372, 
962, 2375, 2374, 2370, 2373, 2373, 2373, 2373, 2372, 
963, 2375, 2374, 2372, 2374, 2373, 2373, 2374, 2370, 
964, 2375, 2374, 2372, 2374, 2373, 2374, 2373, 2371, 
965, 2377, 2374, 2374, 2373, 2374, 2373, 2373, 2372, 
966, 2377, 2374, 2374, 2374, 2375, 2376, 2373, 2372, 
967, 2377, 2375, 2375, 2374, 2375, 2376, 2374, 2372, 
968, 2377, 2376, 2375, 2375, 2375, 2377, 2375, 2372, 
969, 2377, 2376, 2375, 2375, 2376, 2376, 2375, 2373, 
970, 2378, 2376, 2375, 2377, 2377, 2376, 2375, 2373, 
971, 2379, 2376, 2374, 2377, 2377, 2376, 2376, 2374, 
972, 2378, 2378, 2375, 2380, 2377, 2378, 2376, 2375, 
973, 2379, 2377, 2375, 2379, 2378, 2376, 2380, 2375, 
974, 2378, 2379, 2376, 2380, 2378, 2376, 2376, 2375, 
975, 2378, 2380, 2379, 2380, 2377, 2379, 2375, 2376, 
976, 2379, 2379, 2380, 2380, 2377, 2379, 2379, 2376, 
977, 2379, 2381, 2379, 2381, 2379, 2379, 2377, 2375, 
978, 2379, 2379, 2380, 2382, 2379, 2379, 2376, 2379, 
979, 2379, 2381, 2380, 2382, 2379, 2380, 2379, 2379, 
980, 2379, 2381, 2380, 2383, 2381, 2381, 2378, 2378, 
981, 2379, 2380, 2380, 2383, 2381, 2381, 2377, 2379, 
982, 2379, 2381, 2381, 2383, 2381, 2381, 2380, 2379, 
983, 2383, 2383, 2381, 2383, 2381, 2381, 2379, 2378, 
984, 2384, 2382, 2382, 2383, 2381, 2381, 2382, 2378, 
985, 2385, 2382, 2383, 2383, 2381, 2382, 2381, 2378, 
986, 2384, 2384, 2383, 2383, 2381, 2381, 2382, 2378, 
987, 2384, 2385, 2383, 2383, 2381, 2381, 2382, 2378, 
988, 2384, 2384, 2385, 2385, 2381, 2381, 2382, 2382, 
989, 2384, 2384, 2384, 2384, 2383, 2381, 2382, 2383, 
990, 2385, 2384, 2384, 2384, 2382, 2381, 2382, 2382, 
991, 2386, 2384, 2384, 2384, 2383, 2381, 2383, 2383, 
992, 2385, 2384, 2385, 2385, 2384, 2381, 2384, 2382, 
993, 2385, 2385, 2385, 2385, 2384, 2383, 2385, 2384, 
994, 2385, 2386, 2385, 2385, 2385, 2382, 2385, 2384, 
995, 2386, 2386, 2385, 2385, 2385, 2382, 2386, 2384, 
996, 2387, 2386, 2386, 2386, 2386, 2386, 2386, 2384, 
997, 2386, 2386, 2387, 2385, 2387, 2386, 2386, 2384, 
998, 2386, 2386, 2387, 2385, 2387, 2386, 2386, 2385, 
999, 2387, 2387, 2387, 2386, 2387, 2386, 2386, 2385, 
1000, 2387, 2386, 2387, 2385, 2387, 2386, 2386, 2386, 
1001, 2387, 2386, 2388, 2387, 2387, 2386, 2388, 2387, 
1002, 2387, 2387, 2388, 2386, 2387, 2386, 2388, 2387, 
1003, 2387, 2389, 2387, 2386, 2387, 2386, 2389, 2387, 
1004, 2387, 2389, 2387, 2387, 2387, 2386, 2388, 2387, 
1005, 2387, 2389, 2387, 2390, 2386, 2386, 2388, 2387, 
1006, 2387, 2390, 2388, 2389, 2387, 2386, 2387, 2387, 
1007, 2387, 2390, 2388, 2389, 2387, 2386, 2388, 2388, 
1008, 2387, 2390, 2388, 2390, 2389, 2386, 2388, 2387, 
1009, 2387, 2390, 2390, 2389, 2389, 2386, 2388, 2390, 
1010, 2387, 2390, 2390, 2390, 2389, 2388, 2388, 2390, 
1011, 2388, 2390, 2390, 2390, 2389, 2388, 2389, 2390, 
1012, 2390, 2390, 2390, 2390, 2390, 2388, 2390, 2390, 
1013, 2389, 2390, 2390, 2390, 2390, 2388, 2390, 2390, 
1014, 2389, 2389, 2392, 2392, 2389, 2389, 2391, 2390, 
1015, 2389, 2389, 2390, 2390, 2389, 2390, 2390, 2390, 
1016, 2389, 2389, 2391, 2391, 2390, 2390, 2391, 2391, 
1017, 2389, 2389, 2391, 2390, 2392, 2390, 2392, 2391, 
1018, 2389, 2389, 2391, 2391, 2391, 2390, 2392, 2391, 
1019, 2390, 2390, 2391, 2391, 2390, 2390, 2392, 2391, 
1020, 2391, 2390, 2392, 2390, 2390, 2391, 2392, 2392, 
1021, 2391, 2391, 2391, 2390, 2391, 2392, 2392, 2393, 
1022, 2391, 2394, 2391, 2391, 2392, 2392, 2391, 2393, 
1023, 2392, 2393, 2391, 2391, 2392, 2393, 2392, 2392, 
1024, 2392, 2393, 2391, 2391, 2392, 2393, 2392, 2392, 
1025, 2392, 2393, 2392, 2390, 2393, 2394, 2393, 2393, 
1026, 2392, 2395, 2392, 2391, 2393, 2393, 2393, 2392, 
1027, 2392, 2394, 2393, 2392, 2393, 2393, 2393, 2392, 
1028, 2392, 2393, 2393, 2392, 2393, 2393, 2392, 2392, 
1029, 2393, 2394, 2392, 2393, 2394, 2393, 2392, 2393, 
1030, 2392, 2394, 2392, 2393, 2393, 2394, 2393, 2393, 
1031, 2392, 2393, 2392, 2393, 2393, 2394, 2393, 2393, 
1032, 2392, 2394, 2391, 2393, 2394, 2394, 2392, 2393, 
1033, 2393, 2395, 2392, 2393, 2393, 2394, 2392, 2394, 
1034, 2395, 2395, 2393, 2393, 2394, 2394, 2392, 2394, 
1035, 2394, 2394, 2392, 2393, 2394, 2394, 2394, 2394, 
1036, 2394, 2394, 2394, 2393, 2394, 2394, 2395, 2395, 
1037, 2394, 2394, 2395, 2393, 2394, 2394, 2394, 2395, 
1038, 2394, 2394, 2395, 2394, 2394, 2395, 2394, 2396, 
1039, 2395, 2394, 2395, 2395, 2394, 2396, 2394, 2395, 
1040, 2395, 2394, 2395, 2395, 2396, 2396, 2395, 2395, 
1041, 2394, 2395, 2394, 2395, 2396, 2396, 2395, 2397, 
1042, 2395, 2396, 2395, 2395, 2396, 2396, 2397, 2397, 
1043, 2395, 2396, 2394, 2395, 2396, 2395, 2396, 2397, 
1044, 2397, 2397, 2394, 2395, 2397, 2395, 2396, 2397, 
1045, 2396, 2397, 2394, 2395, 2397, 2395, 2397, 2396, 
1046, 2396, 2397, 2393, 2395, 2399, 2395, 2398, 2397, 
1047, 2395, 2397, 2393, 2394, 2399, 2396, 2398, 2396, 
1048, 2395, 2397, 2393, 2395, 2397, 2396, 2398, 2397, 
1049, 2395, 2397, 2393, 2395, 2399, 2396, 2398, 2397, 
1050, 2396, 2396, 2393, 2395, 2398, 2397, 2399, 2399, 
1051, 2396, 2397, 2394, 2395, 2400, 2398, 2399, 2399, 
1052, 2398, 2397, 2396, 2401, 2401, 2398, 2400, 2399, 
1053, 2398, 2398, 2399, 2398, 2400, 2398, 2400, 2399, 
1054, 2398, 2398, 2397, 2397, 2400, 2398, 2400, 2400, 
1055, 2397, 2398, 2398, 2397, 2399, 2398, 2400, 2400, 
1056, 2398, 2398, 2399, 2398, 2399, 2398, 2401, 2399, 
1057, 2400, 2398, 2399, 2398, 2400, 2398, 2401, 2400, 
1058, 2400, 2398, 2399, 2398, 2400, 2398, 2401, 2401, 
1059, 2400, 2398, 2399, 2398, 2400, 2398, 2401, 2400, 
1060, 2399, 2400, 2399, 2398, 2401, 2400, 2401, 2401, 
1061, 2400, 2400, 2399, 2398, 2401, 2401, 2401, 2399, 
1062, 2399, 2400, 2399, 2398, 2403, 2402, 2401, 2400, 
1063, 2400, 2400, 2403, 2400, 2403, 2400, 2401, 2400, 
1064, 2401, 2400, 2401, 2400, 2403, 2401, 2401, 2402, 
1065, 2399, 2400, 2402, 2400, 2403, 2400, 2401, 2402, 
1066, 2399, 2401, 2403, 2403, 2403, 2400, 2401, 2401, 
1067, 2401, 2401, 2404, 2402, 2404, 2402, 2401, 2402, 
1068, 2401, 2404, 2404, 2403, 2404, 2402, 2400, 2402, 
1069, 2401, 2404, 2403, 2401, 2404, 2401, 2401, 2403, 
1070, 2401, 2404, 2403, 2402, 2404, 2402, 2401, 2403, 
1071, 2400, 2404, 2403, 2402, 2404, 2402, 2403, 2403, 
1072, 2401, 2405, 2404, 2403, 2404, 2402, 2403, 2404, 
1073, 2404, 2404, 2403, 2404, 2404, 2403, 2403, 2404, 
1074, 2404, 2404, 2405, 2406, 2404, 2403, 2403, 2405, 
1075, 2404, 2404, 2405, 2404, 2406, 2404, 2404, 2406, 
1076, 2405, 2404, 2405, 2404, 2405, 2405, 2404, 2406, 
1077, 2405, 2403, 2405, 2404, 2404, 2405, 2405, 2406, 
1078, 2405, 2405, 2405, 2406, 2405, 2405, 2404, 2406, 
1079, 2406, 2406, 2405, 2405, 2405, 2405, 2405, 2405, 
1080, 2405, 2407, 2405, 2405, 2406, 2405, 2406, 2406, 
1081, 2405, 2406, 2405, 2406, 2406, 2405, 2407, 2407, 
1082, 2406, 2406, 2405, 2406, 2406, 2404, 2407, 2408, 
1083, 2406, 2407, 2406, 2406, 2405, 2404, 2407, 2407, 
1084, 2406, 2407, 2406, 2407, 2406, 2405, 2407, 2407, 
1085, 2406, 2407, 2405, 2405, 2406, 2405, 2407, 2407, 
1086, 2407, 2407, 2405, 2405, 2406, 2405, 2407, 2407, 
1087, 2407, 2407, 2407, 2406, 2406, 2405, 2407, 2407, 
1088, 2407, 2407, 2406, 2406, 2407, 2406, 2407, 2408, 
1089, 2407, 2407, 2407, 2407, 2407, 2406, 2407, 2407, 
1090, 2407, 2407, 2407, 2407, 2407, 2406, 2407, 2408, 
1091, 2407, 2407, 2406, 2408, 2408, 2407, 2408, 2408, 
1092, 2407, 2408, 2407, 2407, 2408, 2408, 2407, 2408, 
1093, 2408, 2407, 2407, 2408, 2407, 2408, 2407, 2408, 
1094, 2407, 2408, 2407, 2408, 2408, 2408, 2409, 2408, 
1095, 2407, 2407, 2408, 2409, 2408, 2408, 2407, 2408, 
1096, 2408, 2408, 2408, 2409, 2409, 2408, 2408, 2408, 
1097, 2409, 2408, 2409, 2409, 2409, 2408, 2408, 2410, 
1098, 2409, 2408, 2410, 2410, 2408, 2408, 2409, 2410, 
1099, 2409, 2409, 2409, 2410, 2409, 2408, 2410, 2409, 
1100, 2409, 2409, 2410, 2410, 2409, 2408, 2409, 2409, 
1101, 2410, 2409, 2412, 2410, 2409, 2408, 2409, 2409, 
1102, 2410, 2409, 2412, 2411, 2410, 2408, 2409, 2410, 
1103, 2410, 2411, 2412, 2411, 2409, 2408, 2409, 2410, 
1104, 2412, 2411, 2412, 2411, 2410, 2410, 2410, 2411, 
1105, 2410, 2410, 2412, 2413, 2410, 2410, 2410, 2411, 
1106, 2410, 2409, 2412, 2412, 2411, 2410, 2411, 2411, 
1107, 2410, 2409, 2412, 2412, 2412, 2410, 2413, 2412, 
1108, 2410, 2409, 2412, 2412, 2412, 2410, 2413, 2413, 
1109, 2414, 2411, 2412, 2412, 2412, 2411, 2412, 2414, 
1110, 2410, 2413, 2412, 2412, 2412, 2410, 2413, 2413, 
1111, 2411, 2413, 2413, 2412, 2412, 2410, 2413, 2413, 
1112, 2410, 2413, 2413, 2412, 2412, 2412, 2413, 2414, 
1113, 2412, 2412, 2412, 2412, 2412, 2411, 2414, 2414, 
1114, 2412, 2413, 2412, 2412, 2412, 2412, 2414, 2414, 
1115, 2411, 2414, 2412, 2413, 2412, 2412, 2414, 2414, 
1116, 2414, 2414, 2412, 2414, 2412, 2412, 2414, 2414, 
1117, 2413, 2415, 2413, 2413, 2412, 2413, 2414, 2414, 
1118, 2412, 2415, 2414, 2413, 2413, 2413, 2415, 2414, 
1119, 2414, 2415, 2414, 2414, 2414, 2413, 2416, 2413, 
1120, 2413, 2416, 2415, 2415, 2414, 2415, 2416, 2414, 
1121, 2415, 2416, 2415, 2414, 2414, 2415, 2415, 2414, 
1122, 2415, 2416, 2415, 2414, 2414, 2415, 2415, 2414, 
1123, 2417, 2416, 2414, 2414, 2414, 2417, 2415, 2414, 
1124, 2416, 2416, 2415, 2417, 2414, 2415, 2415, 2415, 
1125, 2416, 2416, 2416, 2417, 2415, 2416, 2415, 2415, 
1126, 2415, 2416, 2416, 2416, 2415, 2416, 2415, 2415, 
1127, 2414, 2416, 2416, 2417, 2415, 2416, 2415, 2415, 
1128, 2414, 2416, 2416, 2416, 2414, 2416, 2415, 2415, 
1129, 2414, 2415, 2416, 2416, 2415, 2416, 2415, 2415, 
1130, 2414, 2416, 2417, 2416, 2415, 2417, 2416, 2416, 
1131, 2415, 2417, 2417, 2417, 2413, 2416, 2415, 2416, 
1132, 2415, 2417, 2417, 2417, 2417, 2416, 2416, 2416, 
1133, 2416, 2417, 2417, 2417, 2415, 2417, 2416, 2417, 
1134, 2416, 2417, 2417, 2417, 2415, 2416, 2417, 2417, 
1135, 2416, 2417, 2418, 2417, 2415, 2417, 2417, 2417, 
1136, 2415, 2418, 2418, 2417, 2415, 2417, 2416, 2417, 
1137, 2415, 2418, 2418, 2417, 2415, 2417, 2416, 2417, 
1138, 2415, 2417, 2418, 2416, 2415, 2418, 2415, 2417, 
1139, 2416, 2418, 2418, 2418, 2415, 2418, 2416, 2419, 
1140, 2416, 2417, 2419, 2417, 2415, 2417, 2416, 2418, 
1141, 2416, 2417, 2419, 2418, 2416, 2419, 2417, 2417, 
1142, 2416, 2417, 2418, 2418, 2416, 2419, 2417, 2416, 
1143, 2417, 2419, 2418, 2419, 2416, 2418, 2417, 2417, 
1144, 2417, 2419, 2418, 2419, 2416, 2419, 2418, 2417, 
1145, 2417, 2419, 2417, 2418, 2417, 2419, 2418, 2417, 
1146, 2417, 2419, 2418, 2418, 2417, 2419, 2418, 2417, 
1147, 2417, 2419, 2418, 2418, 2417, 2419, 2418, 2417, 
1148, 2417, 2419, 2418, 2417, 2418, 2419, 2418, 2417, 
1149, 2418, 2419, 2418, 2418, 2420, 2419, 2418, 2416, 
1150, 2418, 2419, 2420, 2418, 2420, 2419, 2420, 2417, 
1151, 2418, 2419, 2420, 2419, 2420, 2419, 2419, 2418, 
1152, 2418, 2419, 2420, 2420, 2420, 2419, 2419, 2420, 
1153, 2418, 2419, 2419, 2420, 2420, 2419, 2419, 2421, 
1154, 2418, 2419, 2419, 2419, 2420, 2419, 2419, 2419, 
1155, 2418, 2419, 2420, 2420, 2420, 2419, 2420, 2419, 
1156, 2418, 2419, 2419, 2420, 2419, 2419, 2420, 2420, 
1157, 2418, 2419, 2419, 2421, 2419, 2419, 2419, 2420, 
1158, 2418, 2419, 2419, 2421, 2420, 2418, 2419, 2420, 
1159, 2418, 2419, 2420, 2421, 2420, 2419, 2419, 2420, 
1160, 2420, 2418, 2420, 2421, 2420, 2419, 2420, 2420, 
1161, 2421, 2421, 2420, 2420, 2420, 2420, 2420, 2421, 
1162, 2421, 2421, 2419, 2421, 2422, 2419, 2420, 2421, 
1163, 2421, 2421, 2421, 2421, 2423, 2419, 2420, 2421, 
1164, 2421, 2421, 2422, 2421, 2423, 2421, 2420, 2421, 
1165, 2420, 2421, 2423, 2423, 2421, 2420, 2420, 2422, 
1166, 2422, 2421, 2423, 2423, 2422, 2420, 2421, 2421, 
1167, 2423, 2421, 2423, 2423, 2422, 2419, 2421, 2420, 
1168, 2423, 2421, 2423, 2423, 2421, 2421, 2421, 2420, 
1169, 2424, 2421, 2423, 2423, 2421, 2422, 2422, 2420, 
1170, 2424, 2421, 2423, 2424, 2422, 2422, 2422, 2422, 
1171, 2424, 2421, 2423, 2424, 2422, 2423, 2421, 2422, 
1172, 2428, 2422, 2424, 2424, 2422, 2423, 2420, 2422, 
1173, 2427, 2422, 2423, 2425, 2423, 2424, 2421, 2423, 
1174, 2427, 2422, 2423, 2427, 2422, 2424, 2422, 2423, 
1175, 2427, 2423, 2424, 2427, 2422, 2424, 2422, 2423, 
1176, 2427, 2423, 2425, 2427, 2423, 2424, 2422, 2423, 
1177, 2427, 2423, 2427, 2427, 2422, 2424, 2422, 2423, 
1178, 2426, 2423, 2425, 2427, 2423, 2423, 2422, 2422, 
1179, 2426, 2423, 2428, 2427, 2423, 2425, 2422, 2423, 
1180, 2428, 2425, 2428, 2427, 2424, 2425, 2421, 2425, 
1181, 2428, 2424, 2428, 2430, 2425, 2424, 2423, 2423, 
1182, 2428, 2424, 2428, 2429, 2424, 2425, 2423, 2423, 
1183, 2428, 2424, 2428, 2429, 2427, 2425, 2424, 2424, 
1184, 2428, 2424, 2428, 2429, 2427, 2427, 2424, 2425, 
1185, 2428, 2427, 2428, 2429, 2426, 2427, 2429, 2429, 
1186, 2428, 2427, 2428, 2429, 2427, 2427, 2428, 2427, 
1187, 2428, 2428, 2428, 2429, 2427, 2426, 2428, 2429, 
1188, 2428, 2429, 2427, 2429, 2429, 2426, 2428, 2429, 
1189, 2427, 2429, 2427, 2429, 2430, 2426, 2428, 2430, 
1190, 2428, 2428, 2427, 2429, 2429, 2426, 2428, 2430, 
1191, 2428, 2429, 2427, 2429, 2429, 2427, 2428, 2430, 
1192, 2428, 2429, 2427, 2429, 2429, 2429, 2428, 2430, 
1193, 2429, 2430, 2428, 2429, 2429, 2429, 2428, 2430, 
1194, 2429, 2430, 2428, 2430, 2429, 2430, 2430, 2430, 
1195, 2429, 2431, 2428, 2430, 2429, 2430, 2430, 2430, 
1196, 2429, 2430, 2429, 2429, 2429, 2430, 2430, 2429, 
1197, 2429, 2430, 2430, 2429, 2430, 2430, 2430, 2429, 
1198, 2429, 2430, 2430, 2429, 2429, 2430, 2430, 2430, 
1199, 2430, 2431, 2430, 2429, 2430, 2430, 2430, 2429, 
1200, 2430, 2429, 2430, 2429, 2432, 2430, 2430, 2429, 
1201, 2429, 2429, 2430, 2430, 2430, 2430, 2430, 2429, 
1202, 2428, 2430, 2430, 2432, 2432, 2430, 2430, 2430, 
1203, 2429, 2430, 2430, 2432, 2431, 2431, 2430, 2430, 
1204, 2430, 2430, 2430, 2432, 2433, 2430, 2430, 2430, 
1205, 2430, 2431, 2430, 2433, 2431, 2430, 2430, 2430, 
1206, 2432, 2431, 2431, 2433, 2432, 2430, 2430, 2430, 
1207, 2431, 2434, 2431, 2432, 2432, 2430, 2431, 2430, 
1208, 2431, 2434, 2432, 2432, 2432, 2431, 2431, 2431, 
1209, 2431, 2434, 2432, 2432, 2431, 2431, 2431, 2430, 
1210, 2431, 2434, 2433, 2432, 2431, 2432, 2431, 2431, 
1211, 2431, 2434, 2433, 2432, 2432, 2432, 2430, 2430, 
1212, 2433, 2434, 2433, 2432, 2432, 2432, 2430, 2430, 
1213, 2433, 2434, 2433, 2432, 2432, 2431, 2431, 2432, 
1214, 2433, 2434, 2433, 2432, 2432, 2432, 2431, 2432, 
1215, 2434, 2434, 2432, 2432, 2432, 2433, 2431, 2431, 
1216, 2433, 2434, 2433, 2433, 2432, 2433, 2432, 2431, 
1217, 2433, 2434, 2432, 2433, 2434, 2433, 2431, 2432, 
1218, 2433, 2434, 2433, 2433, 2435, 2433, 2431, 2433, 
1219, 2433, 2434, 2433, 2433, 2435, 2433, 2432, 2431, 
1220, 2433, 2434, 2434, 2433, 2436, 2434, 2432, 2430, 
1221, 2433, 2434, 2434, 2433, 2435, 2433, 2432, 2431, 
1222, 2434, 2434, 2434, 2433, 2435, 2433, 2432, 2431, 
1223, 2433, 2434, 2434, 2435, 2436, 2433, 2432, 2433, 
1224, 2434, 2434, 2434, 2435, 2435, 2433, 2434, 2432, 
1225, 2434, 2434, 2434, 2436, 2435, 2434, 2433, 2434, 
1226, 2434, 2434, 2434, 2436, 2436, 2433, 2433, 2435, 
1227, 2434, 2434, 2434, 2435, 2435, 2433, 2434, 2435, 
1228, 2434, 2434, 2434, 2435, 2435, 2433, 2434, 2433, 
1229, 2434, 2434, 2433, 2434, 2435, 2433, 2435, 2435, 
1230, 2434, 2434, 2434, 2436, 2435, 2434, 2435, 2435, 
1231, 2434, 2436, 2434, 2436, 2435, 2433, 2436, 2435, 
1232, 2435, 2436, 2433, 2436, 2435, 2433, 2435, 2436, 
1233, 2435, 2436, 2434, 2436, 2434, 2433, 2434, 2436, 
1234, 2435, 2435, 2434, 2436, 2435, 2434, 2433, 2436, 
1235, 2435, 2436, 2436, 2436, 2435, 2435, 2433, 2436, 
1236, 2435, 2436, 2434, 2436, 2434, 2435, 2433, 2436, 
1237, 2435, 2436, 2433, 2437, 2435, 2434, 2435, 2436, 
1238, 2435, 2435, 2434, 2437, 2435, 2435, 2434, 2436, 
1239, 2434, 2436, 2434, 2436, 2434, 2435, 2433, 2436, 
1240, 2434, 2436, 2435, 2436, 2435, 2435, 2433, 2436, 
1241, 2434, 2436, 2435, 2436, 2435, 2435, 2433, 2436, 
1242, 2435, 2436, 2435, 2436, 2436, 2435, 2434, 2436, 
1243, 2435, 2436, 2436, 2436, 2434, 2434, 2434, 2436, 
1244, 2434, 2436, 2436, 2436, 2434, 2435, 2434, 2436, 
1245, 2434, 2436, 2436, 2437, 2434, 2435, 2434, 2436, 
1246, 2434, 2436, 2436, 2437, 2434, 2435, 2434, 2436, 
1247, 2434, 2436, 2436, 2435, 2435, 2435, 2433, 2435, 
1248, 2435, 2436, 2436, 2436, 2435, 2434, 2435, 2437, 
1249, 2436, 2436, 2436, 2435, 2435, 2434, 2435, 2436, 
1250, 2435, 2437, 2436, 2435, 2436, 2435, 2435, 2436, 
1251, 2436, 2437, 2435, 2435, 2435, 2434, 2435, 2436, 
1252, 2435, 2437, 2436, 2435, 2435, 2434, 2435, 2436, 
1253, 2435, 2437, 2435, 2435, 2435, 2435, 2435, 2437, 
1254, 2434, 2437, 2436, 2435, 2434, 2433, 2436, 2437, 
1255, 2435, 2437, 2436, 2435, 2435, 2434, 2436, 2437, 
1256, 2435, 2437, 2436, 2435, 2435, 2435, 2435, 2436, 
1257, 2436, 2437, 2436, 2435, 2435, 2436, 2437, 2437, 
1258, 2434, 2437, 2436, 2435, 2435, 2436, 2437, 2437, 
1259, 2434, 2437, 2436, 2437, 2435, 2436, 2436, 2437, 
1260, 2434, 2437, 2436, 2436, 2435, 2436, 2436, 2438, 
1261, 2434, 2437, 2436, 2436, 2435, 2437, 2437, 2438, 
1262, 2435, 2437, 2436, 2436, 2435, 2436, 2436, 2437, 
1263, 2435, 2437, 2437, 2436, 2435, 2436, 2437, 2438, 
1264, 2436, 2437, 2436, 2436, 2435, 2437, 2437, 2438, 
1265, 2435, 2437, 2436, 2436, 2435, 2436, 2437, 2438, 
1266, 2435, 2436, 2436, 2436, 2435, 2438, 2437, 2438, 
1267, 2435, 2437, 2437, 2436, 2436, 2437, 2438, 2437, 
1268, 2436, 2436, 2437, 2436, 2437, 2437, 2437, 2437, 
1269, 2436, 2436, 2437, 2436, 2436, 2437, 2437, 2438, 
1270, 2436, 2436, 2437, 2436, 2436, 2437, 2437, 2438, 
1271, 2437, 2435, 2437, 2436, 2436, 2437, 2437, 2437, 
1272, 2437, 2436, 2437, 2437, 2435, 2436, 2437, 2437, 
1273, 2437, 2435, 2437, 2437, 2436, 2436, 2436, 2437, 
1274, 2438, 2435, 2437, 2437, 2437, 2436, 2436, 2437, 
1275, 2437, 2436, 2437, 2436, 2437, 2436, 2436, 2437, 
1276, 2438, 2436, 2437, 2436, 2436, 2437, 2436, 2437, 
1277, 2438, 2437, 2437, 2436, 2436, 2437, 2437, 2437, 
1278, 2438, 2437, 2437, 2436, 2436, 2437, 2436, 2437, 
1279, 2438, 2436, 2437, 2437, 2436, 2437, 2436, 2437, 
1280, 2438, 2438, 2437, 2437, 2436, 2437, 2437, 2437, 
1281, 2438, 2439, 2437, 2437, 2436, 2437, 2437, 2437, 
1282, 2437, 2438, 2437, 2437, 2437, 2437, 2438, 2437, 
1283, 2437, 2438, 2437, 2438, 2436, 2437, 2438, 2437, 
1284, 2438, 2439, 2436, 2437, 2437, 2437, 2438, 2437, 
1285, 2438, 2439, 2436, 2438, 2437, 2437, 2438, 2437, 
1286, 2438, 2438, 2438, 2438, 2436, 2437, 2438, 2438, 
1287, 2438, 2439, 2437, 2437, 2436, 2438, 2438, 2438, 
1288, 2438, 2439, 2437, 2437, 2438, 2438, 2438, 2438, 
1289, 2438, 2438, 2437, 2436, 2437, 2438, 2438, 2438, 
1290, 2438, 2438, 2437, 2437, 2438, 2438, 2438, 2439, 
1291, 2438, 2439, 2437, 2437, 2438, 2438, 2438, 2438, 
1292, 2438, 2438, 2438, 2436, 2437, 2437, 2438, 2438, 
1293, 2438, 2438, 2437, 2436, 2437, 2437, 2438, 2438, 
1294, 2438, 2438, 2438, 2436, 2437, 2437, 2438, 2438, 
1295, 2438, 2438, 2437, 2436, 2436, 2437, 2438, 2438, 
1296, 2438, 2437, 2438, 2436, 2437, 2438, 2439, 2438, 
1297, 2438, 2439, 2438, 2437, 2437, 2437, 2439, 2439, 
1298, 2438, 2438, 2437, 2437, 2438, 2438, 2438, 2439, 
1299, 2438, 2439, 2438, 2437, 2436, 2437, 2438, 2438, 
1300, 2438, 2437, 2438, 2436, 2437, 2438, 2438, 2439, 
1301, 2438, 2438, 2438, 2438, 2437, 2438, 2438, 2438, 
1302, 2438, 2437, 2438, 2438, 2438, 2438, 2438, 2438, 
1303, 2438, 2438, 2438, 2438, 2439, 2438, 2439, 2438, 
1304, 2438, 2438, 2437, 2438, 2439, 2438, 2439, 2438, 
1305, 2438, 2439, 2437, 2439, 2439, 2438, 2439, 2438, 
1306, 2438, 2439, 2437, 2438, 2439, 2438, 2439, 2438, 
1307, 2438, 2439, 2438, 2438, 2439, 2438, 2439, 2438, 
1308, 2438, 2438, 2438, 2439, 2439, 2438, 2439, 2438, 
1309, 2438, 2439, 2439, 2439, 2439, 2438, 2439, 2438, 
1310, 2438, 2439, 2439, 2439, 2438, 2439, 2439, 2439, 
1311, 2439, 2438, 2439, 2439, 2438, 2438, 2439, 2439, 
1312, 2438, 2438, 2439, 2439, 2438, 2438, 2440, 2439, 
1313, 2438, 2439, 2439, 2439, 2438, 2438, 2439, 2439, 
1314, 2438, 2440, 2439, 2439, 2438, 2439, 2439, 2439, 
1315, 2437, 2440, 2439, 2439, 2438, 2439, 2439, 2439, 
1316, 2437, 2440, 2439, 2439, 2438, 2439, 2439, 2439, 
1317, 2437, 2439, 2440, 2439, 2438, 2439, 2439, 2439, 
1318, 2438, 2438, 2440, 2439, 2439, 2439, 2439, 2439, 
1319, 2437, 2440, 2440, 2439, 2439, 2439, 2439, 2439, 
1320, 2437, 2439, 2440, 2439, 2440, 2438, 2439, 2440, 
1321, 2439, 2439, 2439, 2439, 2439, 2439, 2439, 2440, 
1322, 2439, 2439, 2439, 2440, 2439, 2439, 2439, 2440, 
1323, 2439, 2439, 2439, 2441, 2441, 2438, 2439, 2439, 
1324, 2439, 2439, 2439, 2440, 2439, 2438, 2439, 2439, 
1325, 2440, 2440, 2439, 2441, 2440, 2440, 2439, 2439, 
1326, 2440, 2439, 2439, 2441, 2439, 2440, 2439, 2440, 
1327, 2440, 2439, 2440, 2441, 2440, 2441, 2438, 2440, 
1328, 2440, 2440, 2439, 2441, 2440, 2442, 2438, 2440, 
1329, 2440, 2440, 2439, 2441, 2440, 2441, 2439, 2441, 
1330, 2440, 2440, 2439, 2442, 2440, 2441, 2439, 2440, 
1331, 2440, 2440, 2439, 2442, 2440, 2441, 2440, 2440, 
1332, 2440, 2441, 2440, 2442, 2440, 2442, 2440, 2441, 
1333, 2440, 2441, 2440, 2442, 2440, 2442, 2439, 2441, 
1334, 2440, 2442, 2440, 2441, 2440, 2442, 2441, 2441, 
1335, 2440, 2442, 2440, 2442, 2440, 2442, 2442, 2443, 
1336, 2440, 2442, 2439, 2442, 2441, 2442, 2442, 2443, 
1337, 2440, 2442, 2441, 2442, 2441, 2441, 2442, 2443, 
1338, 2440, 2441, 2440, 2442, 2442, 2441, 2442, 2443, 
1339, 2440, 2441, 2440, 2442, 2442, 2441, 2442, 2443, 
1340, 2440, 2442, 2441, 2442, 2442, 2443, 2442, 2444, 
1341, 2440, 2442, 2442, 2442, 2442, 2443, 2441, 2444, 
1342, 2440, 2442, 2441, 2442, 2442, 2443, 2442, 2444, 
1343, 2440, 2442, 2443, 2442, 2442, 2444, 2442, 2444, 
1344, 2441, 2442, 2442, 2442, 2442, 2443, 2441, 2444, 
1345, 2441, 2442, 2441, 2442, 2443, 2444, 2442, 2443, 
1346, 2442, 2442, 2442, 2442, 2442, 2444, 2442, 2444, 
1347, 2443, 2442, 2442, 2442, 2442, 2444, 2442, 2443, 
1348, 2442, 2442, 2443, 2444, 2443, 2444, 2442, 2443, 
1349, 2442, 2442, 2443, 2443, 2442, 2444, 2442, 2443, 
1350, 2442, 2444, 2443, 2444, 2442, 2444, 2442, 2443, 
1351, 2444, 2444, 2443, 2444, 2442, 2444, 2442, 2443, 
1352, 2443, 2444, 2443, 2444, 2442, 2443, 2442, 2443, 
1353, 2443, 2444, 2444, 2444, 2443, 2444, 2442, 2444, 
1354, 2443, 2444, 2444, 2444, 2443, 2444, 2443, 2443, 
1355, 2443, 2444, 2444, 2444, 2443, 2444, 2443, 2443, 
1356, 2443, 2444, 2444, 2444, 2443, 2444, 2444, 2443, 
1357, 2443, 2444, 2443, 2444, 2444, 2444, 2443, 2443, 
1358, 2443, 2444, 2445, 2444, 2444, 2444, 2443, 2443, 
1359, 2443, 2444, 2444, 2445, 2444, 2444, 2444, 2443, 
1360, 2443, 2443, 2445, 2444, 2444, 2444, 2444, 2443, 
1361, 2444, 2443, 2445, 2443, 2444, 2444, 2444, 2444, 
1362, 2444, 2443, 2445, 2443, 2445, 2444, 2444, 2444, 
1363, 2444, 2443, 2444, 2443, 2445, 2444, 2443, 2444, 
1364, 2444, 2443, 2445, 2443, 2445, 2444, 2443, 2444, 
1365, 2443, 2443, 2445, 2443, 2445, 2444, 2443, 2444, 
1366, 2444, 2443, 2444, 2444, 2445, 2443, 2444, 2444, 
1367, 2444, 2443, 2444, 2444, 2446, 2444, 2444, 2444, 
1368, 2445, 2444, 2444, 2444, 2446, 2445, 2443, 2444, 
1369, 2444, 2445, 2444, 2444, 2446, 2442, 2443, 2444, 
1370, 2445, 2445, 2444, 2444, 2446, 2443, 2444, 2444, 
1371, 2444, 2445, 2444, 2444, 2446, 2444, 2443, 2444, 
1372, 2444, 2445, 2443, 2443, 2445, 2444, 2444, 2444, 
1373, 2443, 2445, 2443, 2443, 2446, 2443, 2444, 2444, 
1374, 2445, 2445, 2444, 2444, 2446, 2445, 2444, 2445, 
1375, 2444, 2445, 2445, 2443, 2445, 2444, 2444, 2445, 
1376, 2444, 2444, 2445, 2443, 2446, 2444, 2445, 2445, 
1377, 2444, 2445, 2445, 2445, 2446, 2445, 2445, 2445, 
1378, 2444, 2445, 2445, 2445, 2446, 2443, 2445, 2445, 
1379, 2444, 2445, 2445, 2445, 2446, 2445, 2445, 2445, 
1380, 2444, 2445, 2445, 2445, 2446, 2445, 2445, 2445, 
1381, 2445, 2445, 2445, 2445, 2446, 2445, 2445, 2445, 
1382, 2444, 2445, 2444, 2445, 2445, 2445, 2445, 2445, 
1383, 2444, 2445, 2445, 2445, 2445, 2445, 2446, 2445, 
1384, 2444, 2445, 2444, 2445, 2445, 2445, 2445, 2445, 
1385, 2443, 2445, 2444, 2445, 2445, 2445, 2445, 2444, 
1386, 2444, 2445, 2445, 2445, 2445, 2445, 2445, 2445, 
1387, 2445, 2445, 2445, 2445, 2445, 2445, 2446, 2445, 
1388, 2445, 2444, 2444, 2445, 2444, 2445, 2446, 2445, 
1389, 2446, 2444, 2445, 2445, 2444, 2445, 2446, 2445, 
1390, 2446, 2443, 2445, 2445, 2445, 2445, 2446, 2445, 
1391, 2446, 2443, 2445, 2445, 2444, 2445, 2446, 2444, 
1392, 2446, 2442, 2445, 2446, 2444, 2445, 2446, 2445, 
1393, 2446, 2442, 2445, 2446, 2445, 2445, 2446, 2444, 
1394, 2446, 2442, 2445, 2446, 2445, 2445, 2446, 2444, 
1395, 2446, 2442, 2446, 2446, 2445, 2446, 2446, 2444, 
1396, 2446, 2442, 2446, 2446, 2445, 2445, 2446, 2444, 
1397, 2446, 2444, 2445, 2447, 2445, 2445, 2445, 2444, 
1398, 2446, 2445, 2445, 2447, 2445, 2445, 2446, 2444, 
1399, 2446, 2445, 2444, 2447, 2445, 2445, 2446, 2443, 
1400, 2445, 2445, 2445, 2447, 2445, 2445, 2446, 2443, 
1401, 2445, 2445, 2445, 2447, 2445, 2445, 2445, 2445, 
1402, 2445, 2445, 2445, 2447, 2446, 2445, 2445, 2443, 
1403, 2445, 2445, 2445, 2447, 2446, 2446, 2446, 2444, 
1404, 2445, 2446, 2445, 2447, 2445, 2447, 2445, 2444, 
1405, 2445, 2446, 2445, 2447, 2445, 2447, 2445, 2445, 
1406, 2445, 2446, 2445, 2446, 2446, 2447, 2445, 2445, 
1407, 2446, 2446, 2444, 2447, 2446, 2447, 2446, 2445, 
1408, 2445, 2446, 2445, 2447, 2446, 2447, 2446, 2445, 
1409, 2446, 2446, 2445, 2447, 2446, 2447, 2446, 2445, 
1410, 2446, 2446, 2445, 2447, 2446, 2447, 2445, 2446, 
1411, 2446, 2446, 2445, 2447, 2446, 2447, 2445, 2445, 
1412, 2446, 2446, 2445, 2447, 2446, 2447, 2446, 2446, 
1413, 2445, 2445, 2445, 2447, 2447, 2447, 2445, 2445, 
1414, 2446, 2446, 2445, 2447, 2447, 2447, 2445, 2446, 
1415, 2446, 2446, 2445, 2447, 2447, 2447, 2445, 2445, 
1416, 2446, 2446, 2446, 2446, 2447, 2447, 2446, 2446, 
1417, 2446, 2446, 2446, 2446, 2447, 2447, 2446, 2446, 
1418, 2446, 2446, 2445, 2446, 2446, 2447, 2446, 2446, 
1419, 2445, 2446, 2446, 2446, 2446, 2447, 2446, 2445, 
1420, 2445, 2446, 2446, 2447, 2447, 2447, 2446, 2445, 
1421, 2446, 2445, 2446, 2446, 2447, 2447, 2446, 2445, 
1422, 2446, 2447, 2446, 2447, 2447, 2447, 2447, 2446, 
1423, 2446, 2446, 2446, 2446, 2447, 2447, 2446, 2446, 
1424, 2447, 2447, 2446, 2446, 2447, 2447, 2447, 2446, 
1425, 2447, 2446, 2446, 2447, 2447, 2447, 2447, 2446, 
1426, 2447, 2447, 2445, 2446, 2447, 2447, 2447, 2446, 
1427, 2447, 2447, 2446, 2447, 2446, 2447, 2446, 2446, 
1428, 2447, 2447, 2445, 2447, 2446, 2447, 2447, 2446, 
1429, 2448, 2447, 2446, 2447, 2446, 2447, 2446, 2446, 
