Runtime (microseconds), 15149
Generation, Fitness Island 0, Fitness Island 1, Fitness Island 2, Fitness Island 3, Fitness Island 4, Fitness Island 5, Fitness Island 6, Fitness Island 7
0, 22, 24, 23, 22, 18, 21, 23, 22, 
1, 22, 22, 24, 22, 23, 24, 23, 20, 
2, 22, 23, 24, 22, 21, 24, 23, 21, 
3, 26, 24, 25, 22, 22, 25, 25, 24, 
4, 25, 24, 26, 23, 25, 26, 25, 25, 
5, 27, 26, 27, 23, 24, 26, 27, 27, 
6, 28, 25, 30, 26, 25, 26, 26, 30, 
7, 28, 26, 31, 26, 29, 26, 27, 29, 
8, 28, 26, 31, 29, 29, 27, 30, 31, 
9, 29, 29, 30, 29, 29, 28, 30, 31, 
10, 29, 29, 31, 30, 29, 29, 30, 30, 
11, 30, 29, 31, 30, 30, 29, 29, 30, 
12, 31, 29, 31, 30, 30, 29, 30, 30, 
13, 31, 29, 31, 30, 30, 30, 30, 31, 
14, 31, 31, 32, 30, 31, 31, 31, 31, 
