Runtime (microseconds), 1469239
Generation, Fitness Island 0, Fitness Island 1, Fitness Island 2, Fitness Island 3
0, 552, 542, 543, 548, 
1, 551, 544, 548, 557, 
2, 563, 555, 553, 560, 
3, 574, 565, 555, 563, 
4, 576, 576, 576, 567, 
5, 578, 578, 578, 576, 
6, 578, 584, 584, 584, 
7, 581, 579, 584, 583, 
8, 584, 580, 581, 582, 
9, 583, 584, 582, 584, 
10, 584, 585, 588, 588, 
11, 585, 586, 589, 590, 
12, 588, 590, 590, 590, 
13, 593, 592, 592, 591, 
14, 592, 593, 597, 597, 
15, 592, 595, 597, 596, 
16, 594, 596, 597, 598, 
17, 596, 597, 598, 598, 
18, 597, 597, 599, 599, 
19, 600, 599, 603, 602, 
20, 600, 599, 605, 605, 
21, 603, 603, 604, 604, 
22, 605, 604, 608, 608, 
23, 606, 606, 607, 613, 
24, 608, 608, 608, 609, 
25, 610, 610, 610, 611, 
26, 610, 610, 612, 611, 
27, 612, 610, 613, 614, 
28, 613, 612, 613, 614, 
29, 614, 614, 615, 617, 
30, 618, 615, 616, 616, 
31, 619, 618, 616, 617, 
32, 621, 620, 619, 618, 
33, 624, 624, 621, 621, 
34, 625, 626, 621, 622, 
35, 626, 625, 624, 625, 
36, 627, 627, 627, 624, 
37, 627, 627, 627, 627, 
38, 630, 630, 627, 629, 
39, 635, 635, 631, 633, 
40, 636, 636, 634, 634, 
41, 639, 638, 638, 634, 
42, 638, 639, 639, 637, 
43, 641, 640, 642, 642, 
44, 644, 645, 645, 643, 
45, 646, 645, 645, 646, 
46, 647, 647, 647, 648, 
47, 648, 647, 649, 649, 
48, 650, 650, 648, 653, 
49, 649, 651, 651, 652, 
50, 653, 653, 653, 653, 
51, 654, 654, 657, 652, 
52, 655, 655, 657, 655, 
53, 657, 657, 659, 658, 
54, 658, 657, 659, 658, 
55, 659, 659, 661, 660, 
56, 660, 660, 661, 661, 
57, 662, 662, 662, 661, 
58, 663, 663, 663, 664, 
59, 664, 663, 664, 664, 
60, 667, 664, 666, 668, 
61, 667, 666, 668, 671, 
62, 667, 666, 668, 670, 
63, 667, 668, 669, 673, 
64, 669, 668, 669, 672, 
65, 671, 671, 671, 671, 
66, 673, 671, 671, 676, 
67, 673, 673, 672, 679, 
68, 676, 676, 674, 679, 
69, 677, 677, 677, 677, 
70, 679, 678, 678, 679, 
71, 679, 680, 680, 680, 
72, 680, 681, 682, 680, 
73, 682, 682, 683, 683, 
74, 681, 682, 682, 683, 
75, 683, 683, 683, 683, 
76, 683, 683, 684, 685, 
77, 684, 686, 687, 686, 
78, 686, 685, 685, 688, 
79, 687, 687, 686, 689, 
80, 689, 689, 687, 692, 
81, 690, 689, 689, 691, 
82, 693, 692, 692, 693, 
83, 694, 694, 694, 693, 
84, 695, 694, 695, 696, 
85, 696, 696, 695, 697, 
86, 697, 696, 696, 696, 
87, 697, 699, 700, 698, 
88, 699, 699, 701, 701, 
89, 700, 700, 702, 704, 
90, 701, 703, 702, 707, 
91, 703, 703, 705, 707, 
92, 703, 704, 706, 708, 
93, 705, 709, 709, 709, 
94, 707, 707, 710, 710, 
95, 708, 710, 710, 711, 
96, 710, 710, 712, 712, 
97, 711, 711, 713, 714, 
98, 712, 711, 715, 715, 
99, 714, 714, 717, 718, 
100, 714, 715, 716, 717, 
101, 716, 715, 718, 718, 
102, 718, 716, 717, 718, 
103, 719, 718, 718, 719, 
104, 722, 721, 724, 720, 
105, 723, 723, 724, 724, 
106, 724, 723, 724, 724, 
107, 725, 725, 725, 726, 
108, 725, 725, 726, 727, 
109, 728, 726, 727, 728, 
110, 729, 729, 729, 730, 
111, 731, 730, 731, 731, 
112, 732, 731, 731, 736, 
113, 732, 730, 733, 735, 
114, 733, 731, 734, 735, 
115, 733, 733, 736, 737, 
116, 734, 736, 736, 737, 
117, 736, 737, 737, 738, 
118, 738, 737, 738, 739, 
119, 738, 738, 739, 740, 
120, 739, 739, 739, 741, 
121, 740, 740, 741, 743, 
122, 740, 742, 742, 742, 
123, 740, 742, 743, 745, 
124, 743, 746, 746, 746, 
125, 745, 746, 746, 746, 
126, 746, 748, 747, 748, 
127, 747, 750, 748, 747, 
128, 748, 749, 750, 749, 
129, 749, 751, 752, 752, 
130, 750, 751, 751, 752, 
131, 750, 751, 755, 756, 
132, 750, 753, 756, 757, 
133, 751, 755, 756, 757, 
134, 753, 755, 755, 760, 
135, 753, 755, 757, 759, 
136, 756, 757, 758, 760, 
137, 757, 758, 759, 763, 
138, 758, 762, 762, 764, 
139, 760, 760, 764, 765, 
140, 760, 761, 761, 765, 
141, 763, 762, 762, 765, 
142, 763, 763, 764, 765, 
143, 763, 764, 764, 767, 
144, 764, 765, 768, 766, 
145, 767, 766, 770, 770, 
146, 768, 769, 770, 770, 
147, 771, 768, 771, 771, 
148, 770, 770, 771, 772, 
149, 770, 771, 771, 773, 
150, 772, 772, 773, 774, 
151, 774, 773, 773, 775, 
152, 776, 776, 776, 778, 
153, 775, 776, 778, 781, 
154, 776, 777, 780, 781, 
155, 776, 777, 779, 780, 
156, 779, 777, 779, 779, 
157, 780, 779, 779, 783, 
158, 780, 779, 779, 782, 
159, 781, 781, 781, 782, 
160, 782, 781, 783, 783, 
161, 782, 782, 784, 787, 
162, 783, 783, 786, 789, 
163, 784, 785, 785, 789, 
164, 784, 786, 786, 789, 
165, 788, 787, 788, 792, 
166, 788, 788, 789, 793, 
167, 789, 789, 789, 796, 
168, 789, 793, 793, 796, 
169, 790, 794, 794, 796, 
170, 791, 795, 795, 796, 
171, 791, 795, 795, 798, 
172, 792, 797, 797, 799, 
173, 793, 795, 799, 801, 
174, 794, 799, 799, 802, 
175, 794, 799, 799, 802, 
176, 795, 799, 800, 804, 
177, 795, 797, 800, 802, 
178, 796, 799, 800, 802, 
179, 797, 799, 802, 804, 
180, 798, 799, 802, 802, 
181, 799, 797, 804, 804, 
182, 800, 798, 802, 806, 
183, 800, 800, 802, 805, 
184, 801, 800, 802, 806, 
185, 802, 802, 803, 808, 
186, 804, 804, 805, 808, 
187, 804, 803, 803, 807, 
188, 806, 806, 804, 808, 
189, 807, 806, 806, 808, 
190, 807, 807, 806, 808, 
191, 808, 807, 807, 810, 
192, 809, 808, 808, 810, 
193, 810, 809, 809, 811, 
194, 812, 810, 810, 812, 
195, 812, 812, 810, 813, 
196, 814, 812, 812, 814, 
197, 814, 813, 814, 814, 
198, 815, 815, 815, 816, 
199, 816, 815, 819, 816, 
200, 817, 817, 818, 817, 
201, 817, 818, 817, 819, 
202, 818, 818, 819, 819, 
203, 818, 819, 822, 821, 
204, 821, 819, 822, 820, 
205, 822, 822, 822, 822, 
206, 824, 823, 824, 823, 
207, 824, 824, 824, 824, 
208, 825, 825, 824, 826, 
209, 827, 828, 828, 829, 
210, 828, 828, 828, 828, 
211, 828, 829, 829, 829, 
212, 830, 830, 830, 831, 
213, 830, 829, 832, 832, 
214, 830, 831, 831, 835, 
215, 832, 832, 832, 833, 
216, 832, 834, 835, 835, 
217, 833, 833, 834, 834, 
218, 834, 836, 838, 838, 
219, 834, 839, 839, 837, 
220, 835, 839, 837, 839, 
221, 837, 840, 841, 841, 
222, 839, 839, 841, 841, 
223, 839, 841, 842, 842, 
224, 839, 843, 843, 844, 
225, 839, 842, 842, 842, 
226, 839, 842, 846, 842, 
227, 840, 841, 846, 843, 
228, 840, 841, 846, 846, 
229, 841, 841, 847, 847, 
230, 841, 842, 847, 850, 
231, 843, 844, 846, 847, 
232, 843, 845, 846, 848, 
233, 844, 846, 848, 849, 
234, 845, 846, 848, 849, 
235, 845, 850, 850, 849, 
236, 848, 846, 851, 850, 
237, 850, 850, 852, 851, 
238, 851, 851, 851, 853, 
239, 852, 853, 853, 855, 
240, 851, 853, 853, 855, 
241, 853, 854, 854, 855, 
242, 854, 853, 854, 856, 
243, 854, 853, 853, 858, 
244, 854, 855, 855, 860, 
245, 855, 855, 856, 861, 
246, 856, 856, 856, 860, 
247, 859, 859, 859, 861, 
248, 859, 859, 859, 862, 
249, 858, 860, 861, 862, 
250, 859, 861, 860, 862, 
251, 859, 862, 862, 863, 
252, 860, 863, 862, 863, 
253, 860, 861, 862, 865, 
254, 860, 862, 862, 866, 
255, 861, 862, 863, 864, 
256, 862, 863, 863, 866, 
257, 862, 863, 863, 865, 
258, 864, 863, 866, 865, 
259, 864, 864, 865, 866, 
260, 865, 867, 866, 869, 
261, 866, 866, 867, 869, 
262, 867, 867, 869, 872, 
263, 866, 869, 869, 872, 
264, 866, 870, 871, 872, 
265, 868, 869, 870, 872, 
266, 867, 869, 870, 874, 
267, 867, 871, 871, 874, 
268, 868, 869, 870, 873, 
269, 870, 870, 870, 874, 
270, 871, 872, 872, 872, 
271, 871, 871, 872, 873, 
272, 871, 873, 871, 875, 
273, 874, 872, 875, 876, 
274, 874, 874, 875, 875, 
275, 875, 874, 875, 875, 
276, 875, 874, 874, 876, 
277, 878, 875, 876, 879, 
278, 877, 877, 877, 879, 
279, 878, 877, 877, 878, 
280, 878, 880, 878, 880, 
281, 880, 879, 878, 880, 
282, 880, 882, 880, 880, 
283, 881, 879, 881, 882, 
284, 881, 881, 881, 882, 
285, 883, 881, 882, 883, 
286, 884, 882, 883, 884, 
287, 885, 885, 885, 884, 
288, 886, 885, 884, 885, 
289, 886, 886, 886, 886, 
290, 886, 886, 886, 889, 
291, 888, 888, 888, 889, 
292, 887, 888, 889, 891, 
293, 887, 888, 891, 889, 
294, 888, 889, 891, 889, 
295, 888, 889, 891, 891, 
296, 889, 889, 893, 893, 
297, 889, 890, 896, 895, 
298, 893, 889, 892, 894, 
299, 892, 891, 893, 895, 
300, 891, 893, 893, 895, 
301, 894, 892, 893, 893, 
302, 894, 892, 894, 893, 
303, 895, 895, 894, 894, 
304, 894, 895, 896, 896, 
305, 895, 895, 896, 898, 
306, 896, 896, 897, 898, 
307, 897, 897, 896, 898, 
308, 896, 897, 897, 900, 
309, 896, 898, 899, 899, 
310, 897, 898, 899, 899, 
311, 898, 899, 901, 899, 
312, 898, 898, 900, 901, 
313, 897, 899, 900, 900, 
314, 900, 900, 901, 901, 
315, 900, 899, 900, 901, 
316, 903, 901, 901, 900, 
317, 902, 902, 902, 901, 
318, 903, 903, 904, 902, 
319, 903, 903, 906, 907, 
320, 905, 904, 906, 906, 
321, 905, 904, 908, 907, 
322, 906, 906, 908, 908, 
323, 906, 905, 908, 908, 
324, 907, 905, 907, 908, 
325, 907, 908, 909, 909, 
326, 907, 907, 911, 910, 
327, 908, 908, 907, 909, 
328, 909, 910, 908, 909, 
329, 909, 911, 909, 910, 
330, 909, 911, 911, 912, 
331, 909, 910, 910, 912, 
332, 911, 910, 912, 913, 
333, 913, 911, 913, 915, 
334, 913, 913, 913, 916, 
335, 913, 912, 912, 914, 
336, 916, 915, 914, 916, 
337, 916, 914, 913, 917, 
338, 916, 915, 915, 916, 
339, 917, 916, 915, 916, 
340, 918, 917, 916, 918, 
341, 918, 918, 918, 919, 
342, 918, 918, 920, 919, 
343, 919, 918, 919, 920, 
344, 920, 919, 919, 921, 
345, 919, 919, 920, 921, 
346, 920, 920, 921, 922, 
347, 920, 920, 920, 922, 
348, 921, 920, 921, 922, 
349, 921, 921, 921, 921, 
350, 922, 922, 921, 922, 
351, 923, 922, 923, 923, 
352, 923, 922, 922, 923, 
353, 923, 923, 923, 924, 
354, 924, 924, 923, 926, 
355, 927, 927, 923, 924, 
356, 926, 927, 924, 925, 
357, 925, 925, 925, 924, 
358, 926, 926, 926, 926, 
359, 927, 928, 927, 929, 
360, 927, 928, 928, 929, 
361, 928, 927, 928, 930, 
362, 929, 928, 930, 929, 
363, 929, 928, 929, 928, 
364, 929, 929, 930, 929, 
365, 930, 929, 930, 930, 
366, 930, 930, 931, 931, 
367, 930, 930, 931, 931, 
368, 931, 931, 933, 931, 
369, 932, 932, 931, 931, 
370, 932, 933, 931, 931, 
371, 933, 934, 934, 933, 
372, 934, 934, 935, 935, 
373, 934, 934, 934, 936, 
374, 934, 934, 934, 936, 
375, 935, 935, 935, 935, 
376, 935, 935, 936, 937, 
377, 935, 935, 935, 936, 
378, 936, 936, 937, 937, 
379, 939, 939, 936, 936, 
380, 938, 939, 938, 937, 
381, 940, 941, 939, 938, 
382, 940, 940, 939, 939, 
383, 940, 940, 940, 940, 
384, 941, 941, 940, 941, 
385, 941, 941, 941, 942, 
386, 942, 943, 944, 944, 
387, 942, 943, 945, 943, 
388, 943, 943, 945, 945, 
389, 944, 944, 945, 945, 
390, 946, 945, 945, 945, 
391, 946, 945, 946, 946, 
392, 947, 945, 947, 947, 
393, 947, 946, 946, 946, 
394, 948, 947, 946, 946, 
395, 948, 948, 948, 948, 
396, 949, 949, 949, 949, 
397, 949, 949, 949, 949, 
398, 951, 951, 949, 949, 
399, 949, 949, 951, 950, 
400, 950, 950, 950, 950, 
401, 950, 950, 951, 950, 
402, 951, 950, 951, 950, 
403, 951, 951, 952, 952, 
404, 952, 952, 952, 950, 
405, 953, 953, 952, 952, 
406, 952, 953, 953, 953, 
407, 953, 952, 953, 953, 
408, 954, 953, 955, 955, 
409, 952, 953, 954, 953, 
410, 954, 953, 953, 954, 
411, 954, 954, 954, 954, 
412, 954, 954, 954, 954, 
413, 954, 954, 955, 955, 
414, 956, 955, 955, 957, 
415, 956, 955, 956, 958, 
416, 957, 955, 956, 959, 
417, 956, 957, 956, 959, 
418, 956, 956, 957, 959, 
419, 958, 958, 957, 959, 
420, 958, 959, 958, 960, 
421, 959, 961, 959, 960, 
422, 958, 961, 960, 960, 
423, 958, 961, 961, 961, 
424, 959, 961, 961, 960, 
425, 959, 961, 960, 960, 
426, 959, 962, 962, 961, 
427, 959, 962, 962, 962, 
428, 960, 961, 963, 963, 
429, 961, 962, 963, 963, 
430, 961, 962, 963, 963, 
431, 961, 962, 962, 964, 
432, 961, 963, 963, 963, 
433, 961, 961, 963, 964, 
434, 963, 963, 964, 966, 
435, 963, 965, 965, 966, 
436, 963, 963, 965, 966, 
437, 965, 966, 965, 966, 
438, 965, 966, 967, 966, 
439, 965, 966, 967, 966, 
440, 965, 967, 967, 967, 
441, 965, 967, 967, 968, 
442, 965, 967, 967, 967, 
443, 965, 967, 967, 967, 
444, 965, 966, 967, 969, 
445, 966, 967, 967, 969, 
446, 966, 968, 967, 970, 
447, 966, 969, 969, 970, 
448, 967, 967, 968, 969, 
449, 966, 968, 968, 969, 
450, 966, 969, 969, 970, 
451, 966, 969, 971, 971, 
452, 966, 968, 969, 972, 
453, 966, 969, 969, 972, 
454, 967, 969, 969, 972, 
455, 967, 968, 969, 972, 
456, 967, 968, 969, 971, 
457, 969, 967, 969, 970, 
458, 969, 968, 969, 972, 
459, 969, 968, 969, 971, 
460, 969, 970, 969, 971, 
461, 970, 971, 971, 972, 
462, 970, 970, 972, 972, 
463, 970, 970, 974, 973, 
464, 970, 971, 972, 971, 
465, 970, 971, 971, 972, 
466, 970, 972, 972, 972, 
467, 970, 971, 971, 973, 
468, 971, 971, 971, 974, 
469, 973, 971, 973, 974, 
470, 973, 973, 973, 973, 
471, 974, 973, 973, 975, 
472, 974, 974, 974, 976, 
473, 973, 974, 974, 975, 
474, 974, 974, 975, 976, 
475, 974, 975, 975, 976, 
476, 975, 975, 975, 976, 
477, 975, 976, 975, 977, 
478, 975, 976, 975, 977, 
479, 976, 976, 976, 978, 
480, 976, 976, 976, 977, 
481, 976, 976, 976, 977, 
482, 976, 976, 976, 977, 
483, 977, 976, 977, 977, 
484, 977, 976, 978, 979, 
485, 977, 977, 977, 980, 
486, 977, 978, 977, 980, 
487, 977, 979, 979, 981, 
488, 977, 979, 979, 981, 
489, 977, 980, 979, 980, 
490, 978, 978, 979, 982, 
491, 977, 978, 978, 983, 
492, 979, 979, 978, 981, 
493, 980, 980, 980, 982, 
494, 980, 980, 980, 981, 
495, 980, 980, 979, 981, 
496, 980, 981, 981, 983, 
497, 980, 982, 981, 982, 
498, 980, 981, 981, 982, 
499, 980, 980, 980, 985, 
500, 980, 981, 981, 985, 
501, 981, 981, 981, 985, 
502, 982, 981, 980, 984, 
503, 981, 981, 981, 984, 
504, 981, 982, 981, 984, 
505, 982, 982, 982, 984, 
506, 982, 982, 982, 984, 
507, 982, 983, 983, 985, 
508, 981, 983, 981, 984, 
509, 982, 984, 983, 984, 
510, 983, 983, 983, 983, 
511, 984, 984, 983, 985, 
512, 984, 984, 983, 985, 
513, 984, 984, 983, 986, 
514, 984, 984, 984, 985, 
515, 984, 984, 984, 986, 
516, 985, 984, 985, 986, 
517, 986, 985, 984, 985, 
518, 986, 985, 985, 984, 
519, 985, 985, 985, 985, 
520, 986, 986, 986, 986, 
521, 985, 986, 986, 987, 
522, 985, 986, 987, 987, 
523, 985, 985, 988, 986, 
524, 986, 987, 988, 987, 
525, 986, 986, 987, 986, 
526, 986, 986, 986, 987, 
527, 986, 987, 986, 986, 
528, 987, 987, 988, 987, 
529, 986, 988, 989, 989, 
530, 987, 989, 989, 988, 
531, 987, 990, 989, 992, 
532, 988, 990, 990, 988, 
533, 987, 989, 991, 990, 
534, 987, 989, 990, 991, 
535, 987, 987, 990, 990, 
536, 987, 989, 990, 990, 
537, 989, 989, 990, 990, 
538, 989, 989, 989, 990, 
539, 989, 989, 989, 990, 
540, 989, 991, 990, 991, 
541, 990, 991, 990, 992, 
542, 990, 991, 991, 991, 
543, 989, 991, 991, 992, 
544, 989, 991, 992, 991, 
545, 990, 991, 990, 992, 
546, 990, 991, 992, 991, 
547, 990, 991, 991, 992, 
548, 991, 990, 991, 992, 
549, 991, 991, 992, 992, 
550, 991, 991, 992, 994, 
551, 991, 992, 992, 993, 
552, 992, 993, 992, 993, 
553, 992, 993, 993, 993, 
554, 992, 991, 994, 994, 
555, 992, 992, 994, 994, 
556, 992, 992, 993, 995, 
557, 992, 992, 993, 993, 
558, 992, 992, 993, 994, 
559, 992, 991, 993, 993, 
560, 992, 992, 992, 994, 
561, 993, 993, 992, 994, 
562, 992, 993, 993, 994, 
563, 993, 993, 993, 994, 
564, 994, 993, 993, 995, 
565, 993, 993, 994, 994, 
566, 993, 994, 994, 994, 
567, 994, 996, 994, 994, 
568, 994, 996, 996, 995, 
569, 994, 994, 995, 994, 
570, 994, 994, 995, 995, 
571, 994, 994, 994, 996, 
572, 995, 994, 994, 995, 
573, 995, 994, 994, 996, 
574, 995, 995, 996, 997, 
575, 995, 994, 995, 995, 
576, 996, 995, 995, 995, 
577, 996, 995, 996, 995, 
578, 996, 996, 996, 996, 
579, 995, 997, 996, 996, 
580, 995, 997, 996, 998, 
581, 996, 997, 995, 998, 
582, 996, 996, 996, 998, 
583, 996, 996, 996, 999, 
584, 996, 997, 996, 998, 
585, 996, 996, 998, 998, 
586, 997, 997, 998, 999, 
587, 998, 997, 998, 999, 
588, 998, 998, 998, 1000, 
589, 998, 998, 999, 1000, 
590, 997, 997, 998, 1001, 
591, 998, 998, 998, 1000, 
592, 998, 998, 998, 999, 
593, 999, 998, 998, 999, 
594, 999, 999, 999, 999, 
595, 999, 999, 999, 999, 
596, 999, 999, 999, 999, 
597, 1000, 999, 999, 1000, 
598, 999, 999, 999, 1000, 
599, 1001, 1001, 999, 1001, 
600, 1001, 1001, 999, 1000, 
601, 1001, 1001, 1001, 1001, 
602, 1001, 1002, 1001, 1002, 
603, 1001, 1002, 1002, 1001, 
604, 1001, 1002, 1002, 1001, 
605, 1001, 1001, 1002, 1002, 
606, 1001, 1001, 1001, 1002, 
607, 1001, 1001, 1001, 1002, 
608, 1001, 1002, 1002, 1002, 
609, 1001, 1001, 1002, 1001, 
610, 1001, 1001, 1002, 1001, 
611, 1001, 1001, 1002, 1002, 
612, 1001, 1001, 1002, 1002, 
613, 1001, 1001, 1001, 1003, 
614, 1001, 1001, 1001, 1002, 
615, 1001, 1001, 1001, 1002, 
616, 1001, 1001, 1001, 1003, 
617, 1001, 1001, 1001, 1002, 
618, 1001, 1001, 1001, 1001, 
619, 1001, 1001, 1001, 1002, 
620, 1001, 1001, 1001, 1001, 
621, 1001, 1001, 1002, 1002, 
622, 1001, 1001, 1003, 1003, 
623, 1001, 1001, 1002, 1002, 
624, 1001, 1001, 1003, 1002, 
625, 1001, 1001, 1002, 1002, 
626, 1001, 1002, 1002, 1002, 
627, 1001, 1002, 1001, 1002, 
628, 1002, 1002, 1002, 1002, 
629, 1002, 1002, 1002, 1002, 
630, 1002, 1001, 1001, 1003, 
631, 1002, 1002, 1001, 1004, 
632, 1002, 1001, 1001, 1003, 
633, 1002, 1002, 1002, 1003, 
634, 1002, 1002, 1002, 1003, 
635, 1004, 1004, 1002, 1004, 
636, 1003, 1004, 1004, 1003, 
637, 1003, 1003, 1003, 1005, 
638, 1003, 1003, 1003, 1004, 
639, 1003, 1003, 1003, 1004, 
640, 1003, 1003, 1003, 1004, 
641, 1003, 1003, 1003, 1004, 
642, 1003, 1003, 1003, 1004, 
643, 1003, 1003, 1003, 1006, 
644, 1003, 1004, 1005, 1004, 
645, 1003, 1003, 1004, 1004, 
646, 1003, 1003, 1004, 1005, 
647, 1003, 1003, 1005, 1006, 
648, 1003, 1004, 1004, 1005, 
649, 1003, 1003, 1004, 1006, 
650, 1003, 1004, 1005, 1007, 
651, 1002, 1004, 1006, 1006, 
652, 1004, 1004, 1005, 1006, 
653, 1004, 1004, 1004, 1007, 
654, 1004, 1004, 1005, 1006, 
655, 1004, 1004, 1005, 1008, 
656, 1004, 1005, 1006, 1009, 
657, 1004, 1004, 1007, 1008, 
658, 1005, 1005, 1007, 1008, 
659, 1005, 1005, 1007, 1007, 
660, 1005, 1005, 1007, 1010, 
661, 1006, 1006, 1006, 1007, 
662, 1005, 1005, 1006, 1007, 
663, 1006, 1005, 1007, 1006, 
664, 1007, 1007, 1007, 1007, 
665, 1007, 1008, 1008, 1008, 
666, 1007, 1007, 1008, 1008, 
667, 1007, 1007, 1008, 1009, 
668, 1008, 1008, 1008, 1009, 
669, 1008, 1008, 1008, 1008, 
670, 1008, 1008, 1008, 1008, 
671, 1008, 1008, 1008, 1008, 
672, 1008, 1008, 1008, 1008, 
673, 1009, 1009, 1009, 1009, 
674, 1008, 1009, 1009, 1009, 
675, 1008, 1008, 1009, 1009, 
676, 1008, 1009, 1008, 1009, 
677, 1008, 1009, 1009, 1009, 
678, 1009, 1009, 1009, 1009, 
679, 1010, 1010, 1010, 1010, 
680, 1010, 1010, 1010, 1010, 
681, 1010, 1010, 1010, 1010, 
682, 1010, 1010, 1010, 1010, 
683, 1010, 1010, 1010, 1010, 
684, 1010, 1010, 1010, 1010, 
685, 1010, 1010, 1010, 1010, 
686, 1010, 1010, 1010, 1009, 
687, 1010, 1010, 1010, 1010, 
688, 1010, 1010, 1010, 1010, 
689, 1010, 1010, 1010, 1010, 
690, 1011, 1010, 1010, 1010, 
691, 1010, 1010, 1011, 1010, 
692, 1010, 1011, 1010, 1010, 
693, 1010, 1010, 1010, 1010, 
694, 1011, 1011, 1011, 1011, 
695, 1011, 1011, 1010, 1010, 
696, 1011, 1011, 1011, 1011, 
697, 1011, 1011, 1011, 1011, 
698, 1011, 1011, 1012, 1012, 
699, 1011, 1011, 1011, 1011, 
700, 1011, 1011, 1011, 1011, 
701, 1011, 1011, 1011, 1013, 
702, 1012, 1012, 1011, 1012, 
703, 1013, 1013, 1013, 1012, 
704, 1013, 1012, 1013, 1013, 
705, 1013, 1013, 1013, 1013, 
706, 1013, 1015, 1013, 1013, 
707, 1013, 1014, 1013, 1013, 
708, 1013, 1014, 1014, 1013, 
709, 1014, 1014, 1014, 1014, 
710, 1013, 1014, 1014, 1014, 
711, 1014, 1014, 1015, 1014, 
712, 1014, 1014, 1014, 1014, 
713, 1014, 1015, 1015, 1015, 
714, 1014, 1014, 1015, 1016, 
715, 1014, 1014, 1015, 1015, 
716, 1014, 1014, 1014, 1014, 
717, 1014, 1014, 1014, 1015, 
718, 1013, 1014, 1015, 1015, 
719, 1014, 1014, 1015, 1016, 
720, 1014, 1014, 1015, 1014, 
721, 1014, 1015, 1015, 1015, 
722, 1014, 1015, 1015, 1015, 
723, 1014, 1015, 1015, 1015, 
724, 1014, 1014, 1015, 1015, 
725, 1014, 1015, 1015, 1015, 
726, 1014, 1014, 1015, 1016, 
727, 1014, 1014, 1015, 1016, 
728, 1014, 1014, 1015, 1015, 
729, 1014, 1014, 1015, 1016, 
730, 1015, 1015, 1015, 1014, 
731, 1014, 1015, 1015, 1015, 
732, 1014, 1015, 1015, 1015, 
733, 1014, 1014, 1015, 1015, 
734, 1015, 1015, 1015, 1015, 
735, 1015, 1015, 1015, 1015, 
736, 1015, 1014, 1016, 1016, 
737, 1015, 1014, 1015, 1016, 
738, 1015, 1015, 1015, 1015, 
739, 1015, 1014, 1016, 1016, 
740, 1016, 1015, 1016, 1016, 
741, 1016, 1015, 1015, 1016, 
742, 1016, 1015, 1016, 1016, 
743, 1016, 1015, 1016, 1016, 
744, 1015, 1015, 1016, 1015, 
745, 1015, 1015, 1016, 1015, 
746, 1016, 1016, 1016, 1015, 
747, 1016, 1016, 1016, 1016, 
748, 1015, 1017, 1016, 1016, 
749, 1016, 1016, 1017, 1017, 
750, 1017, 1017, 1017, 1017, 
751, 1017, 1016, 1018, 1018, 
752, 1017, 1016, 1018, 1018, 
753, 1017, 1017, 1018, 1018, 
754, 1017, 1017, 1018, 1018, 
755, 1018, 1017, 1017, 1018, 
756, 1019, 1018, 1018, 1018, 
757, 1018, 1017, 1018, 1018, 
758, 1017, 1018, 1018, 1017, 
759, 1018, 1018, 1018, 1018, 
760, 1019, 1018, 1018, 1018, 
761, 1019, 1018, 1018, 1018, 
762, 1019, 1019, 1019, 1019, 
763, 1019, 1019, 1019, 1019, 
764, 1019, 1019, 1019, 1019, 
765, 1019, 1019, 1019, 1019, 
766, 1019, 1019, 1019, 1019, 
767, 1019, 1019, 1019, 1019, 
768, 1019, 1019, 1020, 1019, 
769, 1019, 1019, 1019, 1019, 
770, 1019, 1019, 1019, 1019, 
771, 1018, 1019, 1019, 1019, 
772, 1019, 1019, 1019, 1019, 
773, 1019, 1019, 1019, 1019, 
774, 1019, 1019, 1019, 1019, 
775, 1019, 1019, 1019, 1019, 
776, 1019, 1019, 1019, 1019, 
777, 1019, 1019, 1019, 1019, 
778, 1019, 1019, 1019, 1019, 
779, 1019, 1019, 1019, 1019, 
780, 1019, 1019, 1019, 1018, 
781, 1019, 1019, 1019, 1019, 
782, 1019, 1019, 1019, 1019, 
783, 1019, 1019, 1019, 1019, 
784, 1019, 1019, 1019, 1019, 
785, 1019, 1019, 1019, 1020, 
786, 1019, 1019, 1019, 1020, 
787, 1019, 1019, 1020, 1019, 
788, 1019, 1019, 1019, 1019, 
789, 1019, 1019, 1019, 1019, 
790, 1019, 1019, 1019, 1019, 
791, 1020, 1020, 1019, 1019, 
792, 1020, 1020, 1019, 1019, 
793, 1020, 1020, 1020, 1019, 
794, 1020, 1020, 1019, 1019, 
795, 1020, 1020, 1020, 1020, 
796, 1020, 1020, 1019, 1020, 
797, 1020, 1020, 1020, 1020, 
798, 1020, 1020, 1020, 1020, 
799, 1020, 1020, 1020, 1020, 
800, 1020, 1020, 1020, 1020, 
801, 1020, 1020, 1020, 1020, 
802, 1020, 1020, 1020, 1020, 
803, 1020, 1020, 1020, 1020, 
804, 1020, 1020, 1020, 1020, 
805, 1020, 1020, 1021, 1020, 
806, 1020, 1020, 1020, 1020, 
807, 1020, 1020, 1020, 1020, 
808, 1020, 1020, 1020, 1020, 
809, 1020, 1020, 1020, 1020, 
810, 1020, 1020, 1020, 1020, 
811, 1020, 1020, 1020, 1020, 
812, 1020, 1020, 1020, 1020, 
813, 1020, 1020, 1020, 1020, 
814, 1020, 1020, 1020, 1020, 
815, 1020, 1020, 1020, 1020, 
816, 1020, 1020, 1019, 1020, 
817, 1020, 1020, 1020, 1020, 
818, 1020, 1020, 1020, 1020, 
819, 1020, 1020, 1020, 1020, 
820, 1020, 1020, 1020, 1020, 
821, 1020, 1020, 1020, 1020, 
822, 1020, 1020, 1020, 1020, 
823, 1020, 1020, 1020, 1020, 
824, 1020, 1019, 1020, 1020, 
825, 1020, 1020, 1020, 1020, 
826, 1020, 1020, 1020, 1020, 
827, 1020, 1020, 1020, 1020, 
828, 1020, 1020, 1020, 1020, 
829, 1020, 1020, 1020, 1020, 
830, 1019, 1020, 1020, 1020, 
831, 1020, 1020, 1020, 1020, 
832, 1020, 1020, 1020, 1020, 
833, 1020, 1019, 1020, 1020, 
834, 1020, 1020, 1020, 1020, 
835, 1020, 1020, 1020, 1020, 
836, 1020, 1020, 1020, 1020, 
837, 1021, 1021, 1020, 1019, 
838, 1021, 1021, 1021, 1020, 
839, 1021, 1021, 1021, 1021, 
840, 1021, 1021, 1021, 1021, 
841, 1021, 1021, 1021, 1021, 
842, 1021, 1020, 1021, 1021, 
843, 1021, 1021, 1021, 1021, 
844, 1021, 1021, 1021, 1021, 
845, 1021, 1021, 1021, 1021, 
846, 1021, 1021, 1021, 1021, 
847, 1021, 1021, 1021, 1021, 
848, 1021, 1021, 1021, 1021, 
849, 1021, 1021, 1021, 1021, 
850, 1021, 1021, 1022, 1022, 
851, 1021, 1021, 1022, 1022, 
852, 1021, 1021, 1022, 1022, 
853, 1021, 1021, 1021, 1021, 
854, 1021, 1021, 1022, 1021, 
855, 1021, 1021, 1022, 1021, 
856, 1021, 1021, 1022, 1022, 
857, 1021, 1021, 1021, 1021, 
858, 1021, 1021, 1021, 1021, 
859, 1021, 1021, 1021, 1022, 
860, 1021, 1021, 1021, 1021, 
861, 1021, 1021, 1021, 1021, 
862, 1021, 1021, 1021, 1021, 
863, 1021, 1021, 1021, 1021, 
864, 1021, 1021, 1021, 1021, 
865, 1021, 1021, 1021, 1021, 
866, 1021, 1021, 1021, 1021, 
867, 1021, 1021, 1021, 1021, 
868, 1021, 1021, 1021, 1021, 
869, 1021, 1021, 1021, 1021, 
870, 1021, 1021, 1021, 1021, 
871, 1021, 1021, 1021, 1021, 
872, 1021, 1021, 1021, 1021, 
873, 1021, 1021, 1021, 1021, 
874, 1021, 1021, 1021, 1021, 
875, 1021, 1021, 1021, 1021, 
876, 1021, 1021, 1021, 1021, 
877, 1021, 1021, 1021, 1021, 
878, 1021, 1021, 1021, 1021, 
879, 1021, 1021, 1021, 1021, 
880, 1021, 1021, 1021, 1021, 
881, 1021, 1021, 1021, 1021, 
882, 1021, 1021, 1021, 1021, 
883, 1021, 1021, 1021, 1021, 
884, 1021, 1021, 1021, 1021, 
885, 1021, 1021, 1021, 1021, 
886, 1020, 1021, 1021, 1021, 
887, 1020, 1021, 1021, 1021, 
888, 1021, 1021, 1021, 1021, 
889, 1021, 1021, 1021, 1021, 
890, 1021, 1021, 1021, 1021, 
891, 1021, 1021, 1021, 1021, 
892, 1021, 1021, 1021, 1021, 
893, 1021, 1021, 1021, 1021, 
894, 1021, 1021, 1021, 1021, 
895, 1021, 1021, 1021, 1021, 
896, 1021, 1021, 1022, 1021, 
897, 1021, 1021, 1022, 1022, 
898, 1020, 1021, 1021, 1021, 
899, 1021, 1021, 1021, 1021, 
900, 1021, 1020, 1021, 1021, 
901, 1020, 1020, 1021, 1021, 
902, 1020, 1021, 1021, 1022, 
903, 1020, 1021, 1021, 1022, 
904, 1021, 1021, 1021, 1022, 
905, 1021, 1021, 1020, 1022, 
906, 1020, 1021, 1020, 1021, 
907, 1020, 1020, 1020, 1022, 
908, 1020, 1021, 1021, 1022, 
909, 1020, 1021, 1021, 1022, 
910, 1020, 1021, 1022, 1023, 
911, 1020, 1021, 1021, 1022, 
912, 1021, 1020, 1021, 1022, 
913, 1021, 1020, 1021, 1021, 
914, 1021, 1020, 1021, 1021, 
915, 1021, 1021, 1021, 1021, 
916, 1020, 1020, 1020, 1020, 
917, 1020, 1021, 1020, 1021, 
918, 1020, 1021, 1021, 1021, 
919, 1020, 1021, 1021, 1021, 
920, 1020, 1021, 1021, 1021, 
921, 1020, 1021, 1021, 1021, 
922, 1020, 1020, 1021, 1021, 
923, 1020, 1021, 1021, 1021, 
924, 1020, 1020, 1021, 1021, 
925, 1020, 1020, 1020, 1021, 
926, 1020, 1020, 1020, 1021, 
927, 1020, 1020, 1020, 1021, 
928, 1020, 1020, 1021, 1021, 
929, 1020, 1020, 1021, 1021, 
930, 1020, 1019, 1021, 1021, 
931, 1020, 1020, 1021, 1021, 
932, 1020, 1020, 1021, 1021, 
933, 1020, 1020, 1020, 1021, 
934, 1020, 1020, 1020, 1021, 
935, 1020, 1020, 1020, 1021, 
936, 1019, 1021, 1020, 1020, 
937, 1020, 1021, 1020, 1021, 
938, 1019, 1020, 1020, 1021, 
939, 1019, 1020, 1020, 1021, 
940, 1019, 1020, 1020, 1021, 
941, 1019, 1020, 1020, 1021, 
942, 1019, 1020, 1020, 1020, 
943, 1019, 1020, 1020, 1020, 
944, 1019, 1019, 1019, 1020, 
945, 1019, 1019, 1020, 1020, 
946, 1019, 1020, 1020, 1020, 
947, 1019, 1020, 1020, 1020, 
948, 1019, 1020, 1019, 1020, 
949, 1020, 1020, 1019, 1020, 
950, 1019, 1019, 1020, 1020, 
951, 1020, 1019, 1020, 1020, 
952, 1019, 1020, 1020, 1020, 
953, 1020, 1020, 1020, 1020, 
954, 1019, 1021, 1020, 1020, 
955, 1019, 1021, 1021, 1020, 
956, 1019, 1020, 1021, 1021, 
957, 1020, 1020, 1020, 1021, 
958, 1020, 1020, 1020, 1021, 
959, 1020, 1020, 1020, 1021, 
960, 1019, 1020, 1020, 1021, 
961, 1019, 1020, 1020, 1021, 
962, 1018, 1020, 1020, 1021, 
963, 1018, 1021, 1021, 1021, 
964, 1019, 1020, 1021, 1021, 
965, 1019, 1020, 1020, 1021, 
966, 1020, 1019, 1021, 1021, 
967, 1019, 1021, 1020, 1023, 
968, 1019, 1020, 1021, 1022, 
969, 1020, 1019, 1021, 1021, 
970, 1020, 1020, 1020, 1021, 
971, 1020, 1020, 1020, 1022, 
972, 1020, 1020, 1021, 1022, 
973, 1020, 1020, 1021, 1022, 
974, 1020, 1020, 1021, 1022, 
975, 1020, 1020, 1021, 1022, 
976, 1020, 1020, 1021, 1021, 
977, 1020, 1020, 1020, 1022, 
978, 1020, 1020, 1020, 1021, 
979, 1020, 1020, 1020, 1020, 
980, 1020, 1020, 1020, 1021, 
981, 1020, 1020, 1020, 1021, 
982, 1020, 1020, 1020, 1021, 
983, 1020, 1020, 1020, 1021, 
984, 1020, 1020, 1020, 1020, 
985, 1020, 1020, 1020, 1020, 
986, 1020, 1021, 1020, 1020, 
987, 1019, 1020, 1020, 1020, 
988, 1020, 1020, 1020, 1020, 
989, 1020, 1020, 1020, 1020, 
990, 1020, 1020, 1020, 1020, 
991, 1020, 1019, 1020, 1020, 
992, 1020, 1020, 1020, 1020, 
993, 1020, 1020, 1020, 1020, 
994, 1020, 1020, 1020, 1020, 
995, 1020, 1020, 1020, 1019, 
996, 1020, 1020, 1020, 1020, 
997, 1020, 1020, 1020, 1020, 
998, 1020, 1020, 1020, 1020, 
999, 1020, 1020, 1020, 1020, 
1000, 1020, 1020, 1020, 1020, 
1001, 1020, 1020, 1020, 1020, 
1002, 1020, 1020, 1020, 1020, 
1003, 1020, 1020, 1020, 1020, 
1004, 1020, 1020, 1020, 1020, 
1005, 1020, 1020, 1020, 1020, 
1006, 1021, 1020, 1020, 1020, 
1007, 1021, 1020, 1020, 1020, 
1008, 1020, 1021, 1020, 1020, 
1009, 1020, 1020, 1020, 1020, 
1010, 1020, 1021, 1021, 1020, 
1011, 1021, 1021, 1021, 1021, 
1012, 1021, 1021, 1021, 1021, 
1013, 1021, 1021, 1021, 1021, 
1014, 1021, 1021, 1021, 1021, 
1015, 1021, 1021, 1021, 1021, 
1016, 1021, 1021, 1021, 1022, 
1017, 1022, 1021, 1021, 1021, 
1018, 1022, 1021, 1021, 1021, 
1019, 1022, 1021, 1021, 1021, 
1020, 1022, 1022, 1022, 1022, 
1021, 1022, 1022, 1022, 1022, 
1022, 1021, 1021, 1021, 1021, 
1023, 1022, 1022, 1022, 1022, 
1024, 1022, 1022, 1022, 1022, 
1025, 1021, 1022, 1022, 1022, 
1026, 1022, 1022, 1021, 1022, 
1027, 1022, 1022, 1022, 1022, 
1028, 1022, 1022, 1022, 1022, 
1029, 1022, 1022, 1022, 1022, 
1030, 1022, 1022, 1022, 1022, 
1031, 1022, 1022, 1022, 1022, 
1032, 1022, 1022, 1022, 1022, 
1033, 1022, 1022, 1022, 1022, 
1034, 1022, 1022, 1022, 1022, 
1035, 1022, 1022, 1022, 1023, 
1036, 1022, 1022, 1022, 1022, 
1037, 1022, 1022, 1022, 1022, 
1038, 1022, 1022, 1021, 1022, 
1039, 1022, 1022, 1022, 1022, 
1040, 1022, 1022, 1021, 1021, 
1041, 1022, 1022, 1022, 1022, 
1042, 1022, 1022, 1022, 1021, 
1043, 1022, 1022, 1022, 1022, 
1044, 1022, 1022, 1022, 1022, 
1045, 1022, 1022, 1022, 1022, 
1046, 1022, 1022, 1022, 1022, 
1047, 1022, 1022, 1022, 1022, 
1048, 1022, 1022, 1022, 1022, 
1049, 1022, 1022, 1022, 1022, 
1050, 1022, 1022, 1022, 1022, 
1051, 1022, 1022, 1022, 1022, 
1052, 1022, 1022, 1022, 1022, 
1053, 1022, 1022, 1022, 1022, 
1054, 1022, 1022, 1022, 1022, 
1055, 1022, 1022, 1022, 1022, 
1056, 1022, 1022, 1022, 1022, 
1057, 1022, 1022, 1022, 1022, 
1058, 1022, 1022, 1021, 1022, 
1059, 1022, 1022, 1022, 1021, 
1060, 1022, 1022, 1022, 1022, 
1061, 1022, 1022, 1022, 1022, 
1062, 1022, 1022, 1022, 1022, 
1063, 1022, 1022, 1022, 1022, 
1064, 1021, 1022, 1022, 1022, 
1065, 1022, 1022, 1022, 1022, 
1066, 1022, 1022, 1022, 1022, 
1067, 1022, 1023, 1022, 1022, 
1068, 1022, 1022, 1023, 1022, 
1069, 1022, 1022, 1022, 1022, 
1070, 1022, 1022, 1022, 1022, 
1071, 1022, 1022, 1023, 1022, 
1072, 1022, 1022, 1023, 1022, 
1073, 1022, 1022, 1022, 1022, 
1074, 1022, 1022, 1022, 1022, 
1075, 1022, 1022, 1022, 1022, 
1076, 1022, 1022, 1022, 1021, 
1077, 1022, 1022, 1022, 1022, 
1078, 1022, 1022, 1022, 1022, 
1079, 1022, 1022, 1022, 1022, 
1080, 1022, 1022, 1022, 1022, 
1081, 1023, 1022, 1022, 1022, 
1082, 1022, 1022, 1022, 1022, 
1083, 1022, 1022, 1022, 1021, 
1084, 1022, 1022, 1022, 1022, 
1085, 1022, 1023, 1022, 1023, 
1086, 1022, 1022, 1022, 1023, 
1087, 1023, 1022, 1022, 1023, 
1088, 1023, 1023, 1023, 1023, 
1089, 1022, 1023, 1023, 1023, 
1090, 1023, 1023, 1023, 1023, 
1091, 1022, 1022, 1023, 1022, 
1092, 1023, 1023, 1023, 1023, 
1093, 1022, 1022, 1023, 1022, 
1094, 1023, 1023, 1023, 1023, 
1095, 1022, 1022, 1022, 1023, 
1096, 1022, 1022, 1022, 1022, 
1097, 1023, 1022, 1022, 1022, 
1098, 1023, 1022, 1022, 1022, 
1099, 1023, 1023, 1022, 1023, 
1100, 1023, 1023, 1023, 1023, 
1101, 1023, 1023, 1023, 1023, 
1102, 1023, 1023, 1023, 1023, 
1103, 1023, 1023, 1023, 1023, 
1104, 1023, 1023, 1023, 1023, 
1105, 1023, 1023, 1023, 1023, 
1106, 1023, 1023, 1023, 1023, 
1107, 1023, 1023, 1023, 1023, 
1108, 1023, 1023, 1023, 1023, 
1109, 1023, 1023, 1023, 1023, 
1110, 1023, 1023, 1023, 1023, 
1111, 1023, 1023, 1023, 1023, 
1112, 1023, 1023, 1023, 1023, 
1113, 1023, 1023, 1023, 1023, 
1114, 1023, 1023, 1023, 1023, 
1115, 1023, 1023, 1023, 1023, 
1116, 1023, 1023, 1023, 1023, 
1117, 1023, 1023, 1023, 1023, 
1118, 1023, 1023, 1023, 1023, 
1119, 1023, 1023, 1023, 1023, 
1120, 1023, 1023, 1023, 1023, 
1121, 1023, 1023, 1023, 1023, 
1122, 1023, 1023, 1023, 1023, 
1123, 1023, 1023, 1023, 1023, 
1124, 1023, 1023, 1023, 1023, 
1125, 1023, 1023, 1023, 1023, 
1126, 1023, 1023, 1023, 1023, 
1127, 1023, 1022, 1023, 1022, 
1128, 1023, 1023, 1022, 1022, 
1129, 1023, 1023, 1022, 1023, 
1130, 1023, 1023, 1023, 1023, 
1131, 1023, 1023, 1023, 1023, 
1132, 1023, 1023, 1023, 1023, 
1133, 1023, 1023, 1023, 1023, 
1134, 1023, 1023, 1023, 1023, 
1135, 1023, 1023, 1023, 1023, 
1136, 1022, 1023, 1023, 1023, 
1137, 1022, 1023, 1023, 1023, 
1138, 1022, 1023, 1023, 1023, 
1139, 1022, 1023, 1023, 1023, 
1140, 1022, 1023, 1023, 1023, 
1141, 1023, 1023, 1023, 1023, 
1142, 1023, 1023, 1023, 1023, 
1143, 1023, 1023, 1023, 1023, 
1144, 1023, 1023, 1023, 1023, 
1145, 1023, 1023, 1023, 1023, 
1146, 1023, 1023, 1023, 1023, 
1147, 1023, 1023, 1023, 1023, 
1148, 1023, 1023, 1023, 1023, 
1149, 1023, 1022, 1023, 1023, 
1150, 1023, 1023, 1023, 1023, 
1151, 1023, 1023, 1023, 1023, 
1152, 1023, 1023, 1023, 1023, 
1153, 1023, 1023, 1023, 1023, 
1154, 1023, 1023, 1023, 1023, 
1155, 1023, 1023, 1023, 1023, 
1156, 1023, 1023, 1023, 1023, 
1157, 1023, 1023, 1023, 1023, 
1158, 1023, 1023, 1023, 1023, 
1159, 1022, 1023, 1023, 1023, 
1160, 1022, 1022, 1023, 1023, 
1161, 1022, 1022, 1023, 1023, 
1162, 1022, 1022, 1023, 1023, 
1163, 1022, 1022, 1023, 1023, 
1164, 1022, 1022, 1023, 1023, 
1165, 1022, 1022, 1023, 1023, 
1166, 1022, 1023, 1022, 1023, 
1167, 1022, 1022, 1022, 1023, 
1168, 1022, 1022, 1022, 1022, 
1169, 1022, 1022, 1022, 1023, 
1170, 1022, 1022, 1022, 1023, 
1171, 1022, 1023, 1023, 1023, 
1172, 1022, 1022, 1023, 1023, 
1173, 1022, 1022, 1023, 1023, 
1174, 1022, 1022, 1023, 1023, 
1175, 1022, 1022, 1023, 1023, 
1176, 1022, 1022, 1022, 1022, 
1177, 1022, 1022, 1023, 1023, 
1178, 1022, 1022, 1023, 1022, 
1179, 1022, 1022, 1022, 1023, 
1180, 1022, 1022, 1022, 1022, 
1181, 1022, 1022, 1022, 1023, 
1182, 1022, 1022, 1022, 1022, 
1183, 1022, 1022, 1022, 1023, 
1184, 1022, 1022, 1022, 1023, 
1185, 1022, 1022, 1022, 1023, 
1186, 1022, 1022, 1022, 1023, 
1187, 1022, 1022, 1022, 1023, 
1188, 1022, 1022, 1022, 1023, 
1189, 1022, 1022, 1022, 1023, 
1190, 1022, 1022, 1022, 1023, 
1191, 1023, 1022, 1022, 1023, 
1192, 1023, 1022, 1022, 1022, 
1193, 1022, 1022, 1022, 1023, 
1194, 1022, 1022, 1022, 1023, 
1195, 1022, 1022, 1022, 1023, 
1196, 1022, 1022, 1022, 1023, 
1197, 1022, 1022, 1022, 1023, 
1198, 1022, 1022, 1022, 1022, 
1199, 1022, 1022, 1022, 1022, 
1200, 1022, 1022, 1022, 1022, 
1201, 1022, 1022, 1022, 1022, 
1202, 1022, 1022, 1022, 1022, 
1203, 1022, 1022, 1022, 1021, 
1204, 1022, 1022, 1022, 1022, 
1205, 1021, 1022, 1022, 1022, 
1206, 1021, 1022, 1022, 1022, 
1207, 1021, 1021, 1022, 1022, 
1208, 1021, 1021, 1022, 1022, 
1209, 1021, 1021, 1022, 1022, 
1210, 1021, 1022, 1022, 1022, 
1211, 1021, 1022, 1022, 1022, 
1212, 1021, 1022, 1022, 1021, 
1213, 1021, 1022, 1022, 1022, 
1214, 1022, 1021, 1022, 1023, 
1215, 1022, 1022, 1022, 1023, 
1216, 1022, 1022, 1022, 1022, 
1217, 1022, 1022, 1022, 1022, 
1218, 1022, 1022, 1022, 1022, 
1219, 1022, 1022, 1022, 1022, 
1220, 1022, 1022, 1022, 1022, 
1221, 1022, 1022, 1022, 1022, 
1222, 1022, 1022, 1022, 1022, 
1223, 1022, 1022, 1022, 1023, 
1224, 1022, 1022, 1022, 1023, 
1225, 1022, 1022, 1022, 1023, 
1226, 1022, 1022, 1022, 1022, 
1227, 1021, 1022, 1021, 1022, 
1228, 1022, 1022, 1021, 1022, 
1229, 1022, 1022, 1021, 1022, 
1230, 1022, 1022, 1021, 1021, 
1231, 1022, 1022, 1022, 1022, 
1232, 1021, 1022, 1021, 1022, 
1233, 1022, 1022, 1022, 1022, 
1234, 1021, 1021, 1021, 1021, 
1235, 1022, 1022, 1022, 1022, 
1236, 1022, 1022, 1022, 1022, 
1237, 1021, 1021, 1022, 1022, 
1238, 1022, 1022, 1022, 1022, 
1239, 1022, 1022, 1022, 1022, 
1240, 1022, 1022, 1022, 1022, 
1241, 1022, 1022, 1022, 1022, 
1242, 1022, 1022, 1022, 1022, 
1243, 1022, 1022, 1022, 1022, 
1244, 1022, 1022, 1022, 1022, 
1245, 1022, 1022, 1022, 1022, 
1246, 1022, 1022, 1022, 1022, 
1247, 1022, 1022, 1022, 1022, 
1248, 1022, 1022, 1022, 1022, 
1249, 1022, 1022, 1022, 1022, 
1250, 1022, 1022, 1022, 1022, 
1251, 1022, 1022, 1022, 1022, 
1252, 1022, 1022, 1022, 1022, 
1253, 1022, 1022, 1022, 1022, 
1254, 1022, 1022, 1022, 1022, 
1255, 1022, 1022, 1022, 1022, 
1256, 1022, 1021, 1021, 1022, 
1257, 1022, 1022, 1021, 1021, 
1258, 1022, 1022, 1022, 1022, 
1259, 1022, 1022, 1022, 1022, 
1260, 1022, 1022, 1022, 1022, 
1261, 1022, 1022, 1022, 1022, 
1262, 1022, 1022, 1022, 1022, 
1263, 1022, 1022, 1022, 1022, 
1264, 1022, 1022, 1022, 1022, 
1265, 1022, 1022, 1022, 1022, 
1266, 1022, 1022, 1022, 1022, 
1267, 1022, 1022, 1022, 1022, 
1268, 1022, 1022, 1022, 1022, 
1269, 1022, 1022, 1022, 1022, 
1270, 1022, 1022, 1022, 1022, 
1271, 1022, 1022, 1022, 1022, 
1272, 1022, 1022, 1022, 1022, 
1273, 1022, 1022, 1022, 1022, 
1274, 1022, 1022, 1022, 1022, 
1275, 1022, 1022, 1022, 1022, 
1276, 1022, 1022, 1022, 1022, 
1277, 1022, 1022, 1022, 1022, 
1278, 1022, 1022, 1022, 1022, 
1279, 1022, 1022, 1022, 1021, 
1280, 1022, 1022, 1022, 1022, 
1281, 1022, 1022, 1022, 1022, 
1282, 1022, 1022, 1022, 1022, 
1283, 1022, 1022, 1022, 1022, 
1284, 1021, 1022, 1022, 1022, 
1285, 1022, 1021, 1022, 1022, 
1286, 1021, 1021, 1022, 1023, 
1287, 1022, 1021, 1022, 1023, 
1288, 1022, 1022, 1021, 1022, 
1289, 1022, 1022, 1022, 1022, 
1290, 1022, 1022, 1022, 1022, 
1291, 1022, 1022, 1022, 1021, 
1292, 1022, 1022, 1022, 1022, 
1293, 1022, 1022, 1022, 1022, 
1294, 1022, 1022, 1021, 1022, 
1295, 1022, 1022, 1022, 1022, 
1296, 1022, 1022, 1022, 1022, 
1297, 1022, 1022, 1022, 1022, 
1298, 1022, 1022, 1022, 1022, 
1299, 1022, 1022, 1022, 1022, 
1300, 1022, 1022, 1022, 1022, 
1301, 1022, 1022, 1022, 1022, 
1302, 1022, 1022, 1022, 1022, 
1303, 1022, 1022, 1022, 1022, 
1304, 1022, 1022, 1022, 1022, 
1305, 1022, 1022, 1022, 1022, 
1306, 1022, 1022, 1022, 1022, 
1307, 1022, 1022, 1022, 1022, 
1308, 1022, 1022, 1022, 1022, 
1309, 1022, 1022, 1022, 1022, 
1310, 1022, 1022, 1022, 1022, 
1311, 1022, 1022, 1022, 1022, 
1312, 1022, 1022, 1022, 1022, 
1313, 1022, 1022, 1022, 1022, 
1314, 1022, 1022, 1022, 1022, 
1315, 1022, 1022, 1022, 1022, 
1316, 1022, 1023, 1023, 1022, 
1317, 1022, 1023, 1023, 1023, 
1318, 1022, 1023, 1023, 1023, 
1319, 1022, 1023, 1023, 1023, 
1320, 1023, 1023, 1023, 1023, 
1321, 1023, 1023, 1023, 1023, 
1322, 1023, 1023, 1023, 1023, 
1323, 1023, 1023, 1023, 1023, 
1324, 1023, 1023, 1023, 1023, 
1325, 1023, 1023, 1023, 1023, 
1326, 1023, 1023, 1023, 1023, 
1327, 1023, 1022, 1023, 1023, 
1328, 1023, 1023, 1022, 1022, 
1329, 1023, 1023, 1023, 1023, 
1330, 1023, 1023, 1022, 1023, 
1331, 1023, 1023, 1023, 1023, 
1332, 1023, 1023, 1023, 1023, 
1333, 1023, 1023, 1023, 1023, 
1334, 1023, 1023, 1023, 1023, 
1335, 1023, 1023, 1023, 1023, 
1336, 1023, 1022, 1023, 1023, 
1337, 1023, 1023, 1023, 1023, 
1338, 1023, 1023, 1023, 1023, 
1339, 1023, 1023, 1023, 1023, 
1340, 1023, 1022, 1023, 1023, 
1341, 1023, 1023, 1023, 1023, 
1342, 1023, 1023, 1023, 1023, 
1343, 1023, 1023, 1023, 1023, 
1344, 1023, 1023, 1023, 1023, 
1345, 1023, 1023, 1023, 1023, 
1346, 1023, 1023, 1023, 1023, 
1347, 1023, 1023, 1023, 1023, 
1348, 1023, 1023, 1023, 1023, 
1349, 1023, 1023, 1023, 1022, 
1350, 1023, 1023, 1023, 1024, 
