Runtime (microseconds), 538348
Generation, Fitness Island 0, Fitness Island 1, Fitness Island 2, Fitness Island 3
0, 546, 535, 538, 544, 
1, 546, 546, 546, 546, 
2, 548, 565, 551, 556, 
3, 555, 566, 557, 570, 
4, 571, 581, 561, 582, 
5, 573, 581, 575, 581, 
6, 588, 583, 577, 591, 
7, 587, 585, 589, 591, 
8, 589, 585, 597, 592, 
9, 595, 589, 592, 594, 
10, 598, 593, 595, 596, 
11, 603, 597, 603, 596, 
12, 606, 601, 606, 598, 
13, 608, 610, 614, 601, 
14, 608, 609, 617, 606, 
15, 610, 611, 620, 610, 
16, 610, 613, 622, 614, 
17, 613, 616, 625, 626, 
18, 615, 623, 627, 623, 
19, 615, 631, 629, 629, 
20, 616, 631, 631, 630, 
21, 616, 631, 631, 634, 
22, 617, 633, 633, 634, 
23, 618, 636, 635, 642, 
24, 618, 637, 634, 641, 
25, 621, 640, 637, 645, 
26, 623, 639, 639, 644, 
27, 624, 641, 644, 647, 
28, 624, 642, 648, 649, 
29, 626, 644, 647, 649, 
30, 627, 645, 649, 651, 
31, 630, 646, 652, 654, 
32, 631, 647, 653, 655, 
33, 632, 649, 656, 656, 
34, 637, 651, 657, 657, 
35, 637, 653, 657, 664, 
36, 639, 653, 658, 665, 
37, 642, 653, 661, 666, 
38, 643, 657, 661, 667, 
39, 645, 658, 663, 671, 
40, 646, 658, 663, 672, 
41, 647, 659, 666, 672, 
42, 649, 660, 668, 673, 
43, 651, 663, 668, 674, 
44, 653, 663, 668, 675, 
45, 654, 664, 671, 675, 
46, 654, 667, 673, 678, 
47, 655, 670, 675, 678, 
48, 658, 671, 676, 679, 
49, 659, 672, 676, 680, 
50, 660, 673, 678, 685, 
51, 661, 674, 678, 684, 
52, 661, 676, 680, 685, 
53, 662, 677, 681, 686, 
54, 663, 679, 681, 688, 
55, 665, 679, 683, 689, 
56, 666, 682, 683, 691, 
57, 668, 682, 684, 692, 
58, 670, 684, 686, 692, 
59, 671, 684, 688, 694, 
60, 672, 686, 690, 696, 
61, 672, 687, 691, 696, 
62, 673, 688, 690, 698, 
63, 677, 690, 693, 698, 
64, 678, 690, 692, 700, 
65, 680, 691, 698, 700, 
66, 681, 695, 699, 701, 
67, 682, 695, 702, 703, 
68, 684, 698, 710, 704, 
69, 686, 698, 710, 709, 
70, 689, 699, 713, 711, 
71, 691, 702, 716, 711, 
72, 691, 703, 717, 716, 
73, 691, 703, 720, 715, 
74, 692, 705, 722, 718, 
75, 694, 707, 723, 722, 
76, 694, 707, 724, 723, 
77, 695, 709, 723, 726, 
78, 696, 711, 725, 729, 
79, 699, 712, 726, 729, 
80, 698, 713, 730, 730, 
81, 702, 716, 731, 730, 
82, 703, 716, 733, 731, 
83, 704, 716, 732, 733, 
84, 704, 718, 734, 735, 
85, 705, 719, 734, 737, 
86, 708, 721, 736, 739, 
87, 709, 721, 738, 745, 
88, 710, 723, 738, 746, 
89, 712, 724, 741, 751, 
90, 712, 724, 741, 751, 
91, 714, 725, 742, 751, 
92, 713, 727, 745, 751, 
93, 715, 729, 745, 752, 
94, 717, 729, 746, 752, 
95, 718, 730, 748, 755, 
96, 719, 732, 749, 756, 
97, 721, 734, 750, 758, 
98, 722, 734, 753, 759, 
99, 723, 734, 754, 760, 
100, 724, 735, 755, 761, 
101, 725, 738, 755, 763, 
102, 726, 737, 755, 763, 
103, 726, 738, 756, 766, 
104, 728, 739, 757, 765, 
105, 728, 741, 758, 765, 
106, 734, 742, 760, 766, 
107, 731, 743, 761, 767, 
108, 731, 745, 761, 769, 
109, 734, 747, 762, 771, 
110, 734, 746, 762, 772, 
111, 735, 748, 763, 774, 
112, 736, 750, 764, 775, 
113, 738, 751, 766, 777, 
114, 739, 753, 767, 776, 
115, 742, 754, 768, 776, 
116, 744, 754, 768, 778, 
117, 746, 754, 771, 781, 
118, 746, 755, 772, 780, 
119, 748, 756, 772, 781, 
120, 748, 756, 772, 780, 
121, 748, 758, 773, 781, 
122, 749, 758, 775, 782, 
123, 750, 760, 777, 783, 
124, 751, 760, 779, 785, 
125, 753, 762, 779, 785, 
126, 753, 762, 779, 785, 
127, 753, 766, 780, 787, 
128, 755, 766, 782, 787, 
129, 756, 767, 783, 788, 
130, 757, 767, 783, 789, 
131, 757, 768, 784, 791, 
132, 759, 769, 787, 792, 
133, 761, 769, 788, 793, 
134, 760, 770, 789, 793, 
135, 762, 770, 789, 793, 
136, 763, 771, 790, 794, 
137, 764, 772, 791, 795, 
138, 764, 774, 791, 797, 
139, 765, 776, 792, 798, 
140, 767, 777, 792, 798, 
141, 767, 777, 795, 799, 
142, 769, 779, 795, 799, 
143, 770, 780, 796, 800, 
144, 771, 781, 798, 803, 
145, 770, 783, 798, 804, 
146, 773, 783, 799, 804, 
147, 773, 783, 800, 805, 
148, 773, 785, 801, 806, 
149, 774, 785, 802, 807, 
150, 775, 785, 802, 807, 
151, 776, 786, 804, 810, 
152, 776, 787, 805, 810, 
153, 777, 788, 804, 810, 
154, 779, 789, 805, 811, 
155, 780, 790, 807, 814, 
156, 780, 790, 806, 814, 
157, 781, 792, 808, 816, 
158, 782, 792, 808, 816, 
159, 783, 791, 808, 816, 
160, 783, 793, 810, 818, 
161, 785, 794, 812, 818, 
162, 787, 795, 812, 820, 
163, 789, 797, 813, 819, 
164, 790, 798, 814, 820, 
165, 790, 798, 814, 820, 
166, 792, 799, 815, 821, 
167, 793, 803, 816, 821, 
168, 793, 803, 816, 822, 
169, 793, 803, 817, 823, 
170, 794, 803, 818, 826, 
171, 794, 804, 818, 825, 
172, 796, 805, 818, 827, 
173, 796, 806, 820, 827, 
174, 796, 808, 821, 829, 
175, 796, 809, 821, 831, 
176, 798, 811, 823, 831, 
177, 799, 810, 823, 832, 
178, 799, 811, 823, 835, 
179, 800, 814, 824, 835, 
180, 801, 814, 825, 836, 
181, 802, 816, 826, 837, 
182, 803, 815, 827, 838, 
183, 804, 815, 827, 838, 
184, 805, 816, 828, 838, 
185, 805, 817, 827, 838, 
186, 806, 817, 828, 840, 
187, 808, 817, 829, 841, 
188, 808, 819, 830, 842, 
189, 809, 820, 830, 843, 
190, 810, 821, 830, 844, 
191, 811, 822, 832, 844, 
192, 811, 822, 833, 846, 
193, 812, 822, 834, 847, 
194, 814, 823, 834, 850, 
195, 814, 823, 834, 850, 
196, 815, 823, 834, 850, 
197, 817, 824, 835, 852, 
198, 819, 825, 835, 852, 
199, 819, 827, 837, 853, 
200, 819, 829, 836, 854, 
201, 820, 830, 837, 855, 
202, 821, 831, 836, 856, 
203, 820, 831, 837, 856, 
204, 823, 833, 839, 856, 
205, 822, 832, 842, 857, 
206, 824, 833, 842, 859, 
207, 824, 835, 841, 858, 
208, 826, 837, 844, 859, 
209, 827, 837, 846, 860, 
210, 829, 838, 846, 861, 
211, 828, 839, 847, 861, 
212, 830, 840, 847, 861, 
213, 830, 840, 847, 863, 
214, 831, 841, 848, 865, 
215, 832, 841, 850, 864, 
216, 832, 842, 850, 865, 
217, 833, 842, 851, 864, 
218, 834, 842, 853, 864, 
219, 837, 844, 853, 865, 
220, 839, 845, 855, 867, 
221, 839, 846, 856, 867, 
222, 842, 846, 856, 867, 
223, 841, 847, 855, 869, 
224, 842, 850, 858, 873, 
225, 845, 849, 858, 870, 
226, 846, 849, 858, 871, 
227, 846, 850, 859, 872, 
228, 846, 851, 860, 873, 
229, 847, 852, 861, 873, 
230, 848, 853, 861, 873, 
231, 849, 853, 862, 874, 
232, 850, 854, 862, 874, 
233, 851, 854, 862, 875, 
234, 850, 855, 863, 876, 
235, 851, 856, 864, 876, 
236, 853, 856, 865, 879, 
237, 853, 857, 866, 880, 
238, 854, 857, 866, 880, 
239, 855, 859, 869, 880, 
240, 855, 859, 867, 880, 
241, 857, 859, 868, 882, 
242, 859, 860, 869, 882, 
243, 858, 861, 870, 883, 
244, 859, 861, 870, 883, 
245, 859, 862, 872, 885, 
246, 860, 862, 873, 885, 
247, 860, 862, 875, 887, 
248, 863, 863, 875, 886, 
249, 862, 865, 875, 888, 
250, 862, 865, 876, 889, 
251, 864, 866, 875, 889, 
252, 864, 868, 876, 890, 
253, 863, 873, 875, 890, 
254, 866, 873, 876, 890, 
255, 865, 874, 876, 891, 
256, 866, 877, 877, 892, 
257, 869, 879, 876, 892, 
258, 869, 879, 877, 893, 
259, 868, 879, 879, 894, 
260, 868, 880, 882, 895, 
261, 870, 880, 883, 895, 
262, 870, 882, 883, 895, 
263, 870, 883, 884, 896, 
264, 871, 885, 886, 898, 
265, 871, 886, 886, 898, 
266, 872, 886, 888, 899, 
267, 875, 886, 888, 898, 
268, 875, 887, 887, 899, 
269, 876, 888, 890, 900, 
270, 877, 888, 892, 902, 
271, 878, 888, 892, 902, 
272, 878, 889, 894, 902, 
273, 878, 889, 895, 903, 
274, 878, 890, 895, 904, 
275, 880, 890, 895, 905, 
276, 879, 890, 898, 905, 
277, 880, 891, 898, 905, 
278, 881, 891, 898, 906, 
279, 881, 892, 900, 906, 
280, 881, 891, 900, 908, 
281, 882, 892, 901, 907, 
282, 882, 894, 902, 907, 
283, 883, 894, 903, 908, 
284, 884, 893, 903, 909, 
285, 884, 894, 904, 910, 
286, 886, 895, 905, 913, 
287, 886, 896, 905, 912, 
288, 887, 896, 905, 912, 
289, 887, 896, 905, 912, 
290, 889, 899, 905, 912, 
291, 889, 900, 907, 916, 
292, 889, 900, 906, 916, 
293, 889, 900, 909, 916, 
294, 891, 900, 909, 918, 
295, 892, 900, 909, 917, 
296, 893, 900, 909, 918, 
297, 893, 902, 910, 918, 
298, 892, 902, 911, 918, 
299, 894, 902, 910, 918, 
300, 895, 902, 913, 918, 
301, 897, 902, 913, 919, 
302, 897, 903, 913, 919, 
303, 897, 903, 913, 920, 
304, 899, 904, 913, 920, 
305, 899, 904, 913, 920, 
306, 900, 904, 914, 922, 
307, 901, 905, 914, 922, 
308, 901, 906, 915, 923, 
309, 902, 906, 914, 923, 
310, 902, 907, 914, 924, 
311, 903, 907, 915, 926, 
312, 904, 909, 915, 925, 
313, 905, 908, 915, 926, 
314, 906, 909, 916, 927, 
315, 906, 909, 916, 927, 
316, 906, 909, 918, 928, 
317, 906, 910, 918, 929, 
318, 908, 911, 919, 929, 
319, 907, 911, 920, 929, 
320, 908, 911, 921, 930, 
321, 909, 911, 921, 932, 
322, 911, 911, 922, 932, 
323, 911, 912, 922, 933, 
324, 911, 912, 923, 934, 
325, 912, 912, 923, 934, 
326, 913, 913, 924, 934, 
327, 913, 913, 924, 934, 
328, 914, 913, 926, 934, 
329, 914, 915, 925, 935, 
330, 916, 914, 926, 935, 
331, 915, 919, 927, 937, 
332, 916, 919, 927, 935, 
333, 914, 920, 928, 937, 
334, 916, 920, 927, 937, 
335, 915, 922, 928, 938, 
336, 916, 922, 929, 939, 
337, 917, 923, 929, 939, 
338, 917, 926, 929, 939, 
339, 918, 926, 930, 940, 
340, 920, 926, 930, 943, 
341, 918, 927, 930, 942, 
342, 919, 929, 932, 943, 
343, 919, 928, 932, 943, 
344, 919, 929, 932, 943, 
345, 920, 930, 934, 944, 
346, 921, 931, 934, 944, 
347, 923, 931, 933, 945, 
348, 923, 931, 935, 945, 
349, 925, 932, 935, 945, 
350, 927, 932, 935, 945, 
351, 926, 933, 935, 946, 
352, 926, 933, 937, 947, 
353, 927, 933, 937, 948, 
354, 927, 935, 938, 948, 
355, 927, 935, 937, 948, 
356, 927, 935, 937, 948, 
357, 929, 936, 938, 948, 
358, 930, 937, 939, 949, 
359, 929, 937, 939, 950, 
360, 930, 940, 940, 950, 
361, 930, 939, 942, 950, 
362, 931, 939, 945, 950, 
363, 931, 939, 944, 950, 
364, 931, 939, 944, 950, 
365, 933, 940, 944, 951, 
366, 933, 941, 945, 951, 
367, 933, 942, 945, 952, 
368, 933, 942, 945, 952, 
369, 933, 943, 946, 953, 
370, 936, 943, 946, 954, 
371, 936, 944, 946, 953, 
372, 937, 944, 946, 954, 
373, 936, 947, 947, 955, 
374, 938, 947, 949, 955, 
375, 939, 944, 948, 955, 
376, 940, 945, 949, 956, 
377, 941, 945, 949, 956, 
378, 941, 945, 950, 956, 
379, 942, 947, 950, 957, 
380, 941, 948, 951, 957, 
381, 942, 948, 950, 958, 
382, 943, 948, 952, 957, 
383, 943, 948, 951, 958, 
384, 943, 948, 951, 959, 
385, 943, 948, 952, 959, 
386, 943, 948, 952, 961, 
387, 944, 950, 951, 961, 
388, 945, 950, 951, 962, 
389, 945, 951, 952, 962, 
390, 945, 950, 952, 962, 
391, 946, 951, 952, 963, 
392, 947, 953, 956, 963, 
393, 947, 953, 955, 963, 
394, 947, 953, 958, 964, 
395, 948, 954, 959, 964, 
396, 948, 956, 961, 964, 
397, 950, 955, 960, 964, 
398, 949, 956, 960, 964, 
399, 951, 956, 962, 965, 
400, 950, 957, 961, 965, 
401, 951, 956, 962, 965, 
402, 951, 957, 963, 965, 
403, 951, 958, 962, 965, 
404, 951, 958, 963, 966, 
405, 951, 958, 963, 967, 
406, 951, 960, 965, 967, 
407, 952, 961, 965, 966, 
408, 952, 960, 965, 967, 
409, 952, 960, 965, 966, 
410, 952, 960, 965, 966, 
411, 952, 962, 965, 966, 
412, 952, 961, 965, 967, 
413, 955, 962, 967, 967, 
414, 955, 962, 967, 966, 
415, 954, 963, 967, 967, 
416, 954, 963, 967, 967, 
417, 954, 963, 967, 968, 
418, 954, 964, 969, 971, 
419, 954, 966, 970, 971, 
420, 954, 965, 970, 973, 
421, 955, 966, 971, 973, 
422, 956, 966, 971, 974, 
423, 956, 966, 971, 974, 
424, 957, 965, 972, 974, 
425, 957, 965, 972, 974, 
426, 959, 966, 972, 975, 
427, 959, 966, 973, 975, 
428, 959, 967, 974, 975, 
429, 959, 966, 974, 976, 
430, 959, 967, 973, 978, 
431, 959, 968, 974, 976, 
432, 960, 968, 974, 977, 
433, 961, 969, 974, 977, 
434, 961, 968, 974, 977, 
435, 961, 971, 974, 977, 
436, 961, 970, 975, 977, 
437, 962, 969, 975, 977, 
438, 961, 972, 976, 978, 
439, 961, 971, 976, 977, 
440, 962, 972, 976, 977, 
441, 962, 972, 977, 977, 
442, 963, 973, 978, 978, 
443, 963, 974, 977, 979, 
444, 964, 974, 978, 979, 
445, 965, 974, 978, 979, 
446, 965, 974, 978, 978, 
447, 965, 975, 978, 979, 
448, 966, 974, 980, 979, 
449, 968, 974, 980, 979, 
450, 968, 975, 981, 980, 
451, 968, 975, 980, 980, 
452, 970, 976, 981, 981, 
453, 970, 976, 982, 981, 
454, 970, 977, 981, 984, 
455, 971, 977, 982, 986, 
456, 970, 979, 982, 986, 
457, 970, 980, 983, 986, 
458, 971, 979, 981, 987, 
459, 971, 981, 982, 987, 
460, 971, 982, 983, 988, 
461, 972, 981, 982, 989, 
462, 972, 982, 984, 990, 
463, 972, 982, 984, 990, 
464, 973, 982, 984, 989, 
465, 974, 982, 984, 989, 
466, 973, 982, 986, 990, 
467, 973, 982, 987, 990, 
468, 975, 982, 987, 990, 
469, 974, 982, 988, 991, 
470, 974, 982, 991, 990, 
471, 975, 982, 992, 991, 
472, 976, 982, 992, 992, 
473, 977, 983, 992, 993, 
474, 976, 983, 991, 993, 
475, 977, 983, 992, 994, 
476, 977, 982, 992, 993, 
477, 978, 983, 992, 994, 
478, 979, 983, 992, 994, 
479, 980, 983, 993, 995, 
480, 980, 983, 993, 993, 
481, 980, 984, 993, 993, 
482, 980, 984, 993, 994, 
483, 980, 985, 993, 994, 
484, 981, 984, 992, 998, 
485, 982, 984, 994, 998, 
486, 982, 984, 994, 996, 
487, 984, 985, 994, 996, 
488, 983, 985, 995, 996, 
489, 984, 986, 995, 996, 
490, 983, 987, 994, 996, 
491, 984, 987, 994, 997, 
492, 984, 987, 995, 997, 
493, 984, 991, 995, 996, 
494, 985, 990, 995, 997, 
495, 985, 991, 995, 997, 
496, 985, 992, 996, 999, 
497, 985, 992, 996, 999, 
498, 986, 992, 997, 999, 
499, 986, 993, 997, 999, 
500, 986, 993, 999, 998, 
501, 985, 995, 998, 999, 
502, 985, 995, 998, 1000, 
503, 986, 995, 998, 1000, 
504, 986, 995, 998, 1000, 
505, 986, 997, 998, 1000, 
506, 985, 996, 999, 1000, 
507, 986, 996, 998, 1000, 
508, 987, 997, 999, 1000, 
509, 986, 999, 1000, 999, 
510, 987, 997, 1000, 999, 
511, 987, 998, 1000, 999, 
512, 986, 998, 1000, 999, 
513, 986, 999, 1000, 1000, 
514, 987, 999, 1001, 1000, 
515, 988, 1000, 1001, 1002, 
516, 989, 999, 1002, 1003, 
517, 989, 1000, 1001, 1003, 
518, 989, 999, 1002, 1003, 
519, 988, 1000, 1002, 1003, 
520, 988, 1000, 1002, 1003, 
521, 989, 1000, 1002, 1004, 
522, 991, 1000, 1002, 1004, 
523, 990, 1000, 1002, 1004, 
524, 991, 1000, 1002, 1003, 
525, 992, 1001, 1002, 1003, 
526, 992, 1000, 1003, 1003, 
527, 992, 1000, 1003, 1004, 
528, 993, 1001, 1004, 1003, 
529, 993, 1001, 1004, 1003, 
530, 994, 1002, 1004, 1004, 
531, 994, 1002, 1004, 1004, 
532, 994, 1002, 1004, 1008, 
533, 994, 1001, 1004, 1006, 
534, 994, 1001, 1004, 1006, 
535, 995, 1002, 1005, 1007, 
536, 995, 1002, 1005, 1008, 
537, 995, 1002, 1004, 1008, 
538, 996, 1002, 1005, 1008, 
539, 996, 1002, 1005, 1009, 
540, 996, 1002, 1004, 1009, 
541, 996, 1002, 1005, 1009, 
542, 996, 1002, 1005, 1009, 
543, 997, 1002, 1005, 1009, 
544, 997, 1003, 1005, 1009, 
545, 997, 1002, 1005, 1010, 
546, 997, 1003, 1005, 1010, 
547, 997, 1002, 1005, 1009, 
548, 997, 1003, 1005, 1010, 
549, 997, 1004, 1005, 1009, 
550, 997, 1004, 1005, 1010, 
551, 996, 1004, 1006, 1011, 
552, 996, 1004, 1006, 1011, 
553, 996, 1005, 1006, 1011, 
554, 997, 1006, 1006, 1011, 
555, 997, 1005, 1006, 1011, 
556, 998, 1005, 1006, 1012, 
557, 997, 1005, 1006, 1011, 
558, 998, 1006, 1007, 1011, 
559, 999, 1006, 1008, 1012, 
560, 999, 1006, 1009, 1012, 
561, 999, 1006, 1008, 1013, 
562, 999, 1005, 1011, 1012, 
563, 999, 1005, 1012, 1011, 
564, 999, 1006, 1011, 1011, 
565, 999, 1007, 1012, 1012, 
566, 1000, 1007, 1013, 1012, 
567, 999, 1008, 1012, 1012, 
568, 999, 1007, 1013, 1011, 
569, 999, 1008, 1013, 1013, 
570, 1000, 1008, 1013, 1013, 
571, 1000, 1009, 1013, 1012, 
572, 1000, 1009, 1013, 1013, 
573, 1000, 1009, 1014, 1013, 
574, 1000, 1009, 1015, 1013, 
575, 1000, 1010, 1015, 1015, 
576, 1000, 1010, 1015, 1015, 
577, 1000, 1010, 1016, 1014, 
578, 1001, 1010, 1016, 1016, 
579, 1000, 1010, 1016, 1016, 
580, 1001, 1011, 1016, 1016, 
581, 1001, 1011, 1016, 1016, 
582, 1001, 1011, 1016, 1017, 
583, 1001, 1010, 1016, 1016, 
584, 1001, 1011, 1016, 1016, 
585, 1002, 1011, 1016, 1016, 
586, 1003, 1011, 1016, 1017, 
587, 1004, 1010, 1016, 1017, 
588, 1003, 1011, 1016, 1016, 
589, 1004, 1011, 1016, 1017, 
590, 1004, 1011, 1016, 1017, 
591, 1004, 1011, 1016, 1017, 
592, 1004, 1011, 1016, 1017, 
593, 1004, 1011, 1016, 1016, 
594, 1004, 1012, 1016, 1017, 
595, 1004, 1012, 1016, 1017, 
596, 1004, 1012, 1016, 1016, 
597, 1004, 1012, 1017, 1017, 
598, 1004, 1012, 1017, 1017, 
599, 1004, 1012, 1016, 1017, 
600, 1004, 1011, 1017, 1017, 
601, 1005, 1012, 1017, 1017, 
602, 1005, 1012, 1017, 1018, 
603, 1005, 1012, 1017, 1017, 
604, 1006, 1012, 1016, 1017, 
605, 1005, 1012, 1016, 1016, 
606, 1005, 1012, 1016, 1017, 
607, 1005, 1012, 1017, 1017, 
608, 1005, 1013, 1016, 1017, 
609, 1006, 1013, 1016, 1018, 
610, 1006, 1013, 1017, 1019, 
611, 1006, 1013, 1017, 1018, 
612, 1006, 1013, 1017, 1018, 
613, 1006, 1013, 1017, 1019, 
614, 1006, 1013, 1017, 1018, 
615, 1006, 1013, 1017, 1018, 
616, 1006, 1014, 1017, 1018, 
617, 1006, 1014, 1017, 1018, 
618, 1006, 1015, 1017, 1018, 
619, 1007, 1014, 1017, 1018, 
620, 1007, 1015, 1017, 1018, 
621, 1007, 1014, 1017, 1018, 
622, 1006, 1014, 1017, 1018, 
623, 1007, 1015, 1017, 1018, 
624, 1008, 1015, 1017, 1019, 
625, 1007, 1015, 1017, 1019, 
626, 1007, 1015, 1017, 1019, 
627, 1007, 1015, 1017, 1019, 
628, 1008, 1015, 1017, 1019, 
629, 1008, 1015, 1017, 1019, 
630, 1008, 1015, 1018, 1019, 
631, 1009, 1015, 1018, 1019, 
632, 1009, 1015, 1018, 1019, 
633, 1009, 1014, 1018, 1020, 
634, 1009, 1015, 1018, 1019, 
635, 1009, 1015, 1018, 1019, 
636, 1009, 1014, 1018, 1019, 
637, 1009, 1015, 1018, 1019, 
638, 1009, 1015, 1018, 1019, 
639, 1009, 1015, 1018, 1019, 
640, 1009, 1015, 1018, 1019, 
641, 1009, 1015, 1018, 1019, 
642, 1009, 1015, 1018, 1019, 
643, 1009, 1015, 1018, 1019, 
644, 1009, 1015, 1018, 1019, 
645, 1009, 1015, 1018, 1019, 
646, 1009, 1015, 1018, 1019, 
647, 1009, 1015, 1019, 1019, 
648, 1009, 1015, 1018, 1019, 
649, 1009, 1015, 1019, 1019, 
650, 1010, 1015, 1019, 1019, 
651, 1010, 1015, 1018, 1019, 
652, 1010, 1015, 1019, 1019, 
653, 1010, 1016, 1019, 1019, 
654, 1010, 1015, 1018, 1020, 
655, 1010, 1014, 1018, 1020, 
656, 1010, 1015, 1018, 1020, 
657, 1010, 1016, 1019, 1020, 
658, 1010, 1015, 1019, 1020, 
659, 1010, 1015, 1019, 1019, 
660, 1011, 1015, 1019, 1020, 
661, 1011, 1015, 1020, 1020, 
662, 1011, 1015, 1019, 1020, 
663, 1011, 1015, 1019, 1020, 
664, 1011, 1016, 1019, 1021, 
665, 1011, 1015, 1019, 1021, 
666, 1011, 1015, 1019, 1021, 
667, 1011, 1016, 1019, 1021, 
668, 1011, 1015, 1019, 1020, 
669, 1011, 1016, 1019, 1021, 
670, 1011, 1016, 1019, 1020, 
671, 1011, 1016, 1019, 1021, 
672, 1011, 1017, 1019, 1021, 
673, 1011, 1017, 1019, 1021, 
674, 1011, 1017, 1019, 1021, 
675, 1012, 1017, 1020, 1021, 
676, 1011, 1017, 1020, 1021, 
677, 1011, 1017, 1020, 1021, 
678, 1012, 1017, 1020, 1021, 
679, 1012, 1018, 1020, 1021, 
680, 1013, 1018, 1020, 1021, 
681, 1013, 1018, 1020, 1021, 
682, 1013, 1018, 1020, 1021, 
683, 1013, 1018, 1020, 1021, 
684, 1012, 1018, 1020, 1021, 
685, 1012, 1018, 1020, 1021, 
686, 1012, 1019, 1020, 1021, 
687, 1012, 1019, 1020, 1021, 
688, 1012, 1019, 1020, 1021, 
689, 1012, 1019, 1020, 1021, 
690, 1012, 1019, 1020, 1021, 
691, 1012, 1019, 1020, 1020, 
692, 1012, 1019, 1021, 1021, 
693, 1013, 1019, 1020, 1021, 
694, 1013, 1019, 1020, 1021, 
695, 1012, 1019, 1020, 1021, 
696, 1012, 1019, 1021, 1021, 
697, 1012, 1018, 1020, 1021, 
698, 1011, 1019, 1021, 1021, 
699, 1012, 1019, 1020, 1021, 
700, 1012, 1019, 1021, 1021, 
701, 1013, 1019, 1020, 1021, 
702, 1013, 1020, 1021, 1021, 
703, 1013, 1019, 1020, 1021, 
704, 1013, 1019, 1020, 1021, 
705, 1013, 1019, 1020, 1022, 
706, 1013, 1019, 1020, 1021, 
707, 1014, 1019, 1020, 1021, 
708, 1014, 1020, 1020, 1022, 
709, 1014, 1020, 1020, 1021, 
710, 1014, 1020, 1020, 1021, 
711, 1014, 1020, 1020, 1021, 
712, 1014, 1020, 1020, 1021, 
713, 1014, 1020, 1020, 1022, 
714, 1014, 1020, 1021, 1022, 
715, 1015, 1020, 1020, 1022, 
716, 1014, 1020, 1020, 1022, 
717, 1015, 1020, 1020, 1022, 
718, 1014, 1020, 1021, 1022, 
719, 1014, 1020, 1021, 1022, 
720, 1014, 1020, 1021, 1022, 
721, 1014, 1020, 1021, 1022, 
722, 1014, 1020, 1021, 1022, 
723, 1014, 1020, 1022, 1022, 
724, 1015, 1020, 1021, 1022, 
725, 1015, 1020, 1021, 1022, 
726, 1015, 1020, 1021, 1022, 
727, 1015, 1020, 1021, 1022, 
728, 1015, 1020, 1021, 1022, 
729, 1015, 1020, 1021, 1022, 
730, 1015, 1020, 1021, 1022, 
731, 1015, 1020, 1021, 1022, 
732, 1015, 1021, 1021, 1022, 
733, 1015, 1021, 1022, 1022, 
734, 1015, 1020, 1022, 1022, 
735, 1015, 1021, 1021, 1022, 
736, 1015, 1021, 1021, 1022, 
737, 1015, 1021, 1022, 1022, 
738, 1015, 1021, 1022, 1023, 
739, 1015, 1020, 1022, 1023, 
740, 1015, 1020, 1022, 1022, 
741, 1015, 1019, 1022, 1022, 
742, 1015, 1020, 1022, 1022, 
743, 1015, 1020, 1022, 1023, 
744, 1015, 1020, 1022, 1022, 
745, 1015, 1019, 1022, 1022, 
746, 1015, 1020, 1021, 1022, 
747, 1015, 1020, 1021, 1023, 
748, 1015, 1020, 1022, 1023, 
749, 1016, 1021, 1021, 1023, 
750, 1017, 1020, 1021, 1023, 
751, 1017, 1020, 1022, 1023, 
752, 1016, 1020, 1022, 1023, 
753, 1016, 1021, 1022, 1023, 
754, 1017, 1020, 1022, 1023, 
755, 1017, 1020, 1022, 1023, 
756, 1016, 1020, 1022, 1023, 
757, 1016, 1020, 1023, 1023, 
758, 1016, 1020, 1022, 1023, 
759, 1017, 1020, 1022, 1023, 
760, 1017, 1020, 1022, 1023, 
761, 1017, 1020, 1022, 1023, 
762, 1017, 1020, 1022, 1023, 
763, 1018, 1020, 1022, 1023, 
764, 1018, 1020, 1022, 1023, 
765, 1018, 1021, 1022, 1023, 
766, 1017, 1021, 1022, 1022, 
767, 1018, 1021, 1022, 1023, 
768, 1018, 1022, 1022, 1023, 
769, 1018, 1022, 1022, 1022, 
770, 1018, 1020, 1022, 1022, 
771, 1018, 1021, 1022, 1023, 
772, 1018, 1021, 1022, 1023, 
773, 1018, 1021, 1022, 1023, 
774, 1018, 1021, 1022, 1023, 
775, 1018, 1021, 1021, 1023, 
776, 1018, 1021, 1021, 1023, 
777, 1017, 1021, 1022, 1023, 
778, 1018, 1021, 1022, 1023, 
779, 1018, 1021, 1022, 1023, 
780, 1018, 1021, 1022, 1023, 
781, 1019, 1021, 1022, 1022, 
782, 1018, 1021, 1022, 1023, 
783, 1018, 1021, 1022, 1023, 
784, 1018, 1021, 1023, 1023, 
785, 1018, 1021, 1023, 1023, 
786, 1019, 1021, 1023, 1022, 
787, 1019, 1021, 1023, 1022, 
788, 1019, 1021, 1023, 1023, 
789, 1019, 1021, 1022, 1023, 
790, 1020, 1021, 1023, 1023, 
791, 1020, 1021, 1023, 1023, 
792, 1020, 1021, 1022, 1023, 
793, 1020, 1021, 1023, 1023, 
794, 1020, 1020, 1023, 1023, 
795, 1020, 1021, 1023, 1023, 
796, 1020, 1021, 1023, 1023, 
797, 1020, 1021, 1023, 1023, 
798, 1020, 1020, 1023, 1023, 
799, 1020, 1020, 1023, 1023, 
800, 1020, 1022, 1023, 1023, 
801, 1020, 1021, 1023, 1023, 
802, 1020, 1023, 1023, 1023, 
803, 1021, 1023, 1023, 1023, 
804, 1021, 1023, 1023, 1023, 
805, 1021, 1023, 1023, 1024, 
