Runtime (microseconds), 714384
Generation, Fitness Island 0, Fitness Island 1, Fitness Island 2, Fitness Island 3
0, 552, 542, 543, 548, 
1, 551, 544, 548, 557, 
2, 567, 567, 559, 563, 
3, 564, 567, 567, 561, 
4, 570, 574, 574, 569, 
5, 583, 578, 579, 577, 
6, 590, 584, 582, 584, 
7, 590, 590, 590, 586, 
8, 591, 591, 592, 588, 
9, 595, 596, 598, 598, 
10, 597, 599, 601, 603, 
11, 599, 597, 605, 605, 
12, 599, 598, 606, 606, 
13, 601, 603, 606, 611, 
14, 602, 603, 609, 612, 
15, 604, 605, 609, 616, 
16, 605, 607, 611, 619, 
17, 606, 611, 612, 617, 
18, 607, 612, 617, 619, 
19, 610, 610, 616, 621, 
20, 612, 612, 616, 621, 
21, 614, 614, 619, 622, 
22, 614, 615, 621, 624, 
23, 615, 616, 624, 624, 
24, 616, 619, 624, 627, 
25, 618, 620, 626, 628, 
26, 621, 622, 628, 636, 
27, 621, 624, 628, 636, 
28, 623, 627, 631, 636, 
29, 625, 631, 634, 638, 
30, 628, 632, 637, 643, 
31, 629, 631, 639, 644, 
32, 633, 633, 643, 645, 
33, 633, 638, 646, 646, 
34, 633, 638, 646, 649, 
35, 635, 636, 652, 650, 
36, 636, 641, 654, 653, 
37, 638, 640, 651, 654, 
38, 641, 641, 650, 658, 
39, 644, 643, 654, 660, 
40, 644, 645, 655, 662, 
41, 644, 646, 656, 666, 
42, 647, 647, 657, 666, 
43, 649, 648, 659, 666, 
44, 650, 649, 661, 666, 
45, 651, 650, 660, 668, 
46, 652, 652, 660, 670, 
47, 656, 656, 661, 668, 
48, 656, 655, 662, 671, 
49, 657, 657, 663, 671, 
50, 661, 658, 665, 673, 
51, 661, 661, 664, 673, 
52, 663, 662, 667, 672, 
53, 665, 665, 668, 674, 
54, 665, 665, 668, 674, 
55, 667, 667, 672, 675, 
56, 669, 668, 673, 675, 
57, 670, 671, 674, 677, 
58, 671, 670, 675, 678, 
59, 671, 671, 676, 679, 
60, 674, 673, 681, 682, 
61, 675, 675, 683, 684, 
62, 675, 676, 683, 684, 
63, 677, 677, 681, 686, 
64, 677, 677, 683, 687, 
65, 679, 679, 683, 689, 
66, 680, 680, 683, 689, 
67, 680, 683, 685, 690, 
68, 681, 683, 689, 694, 
69, 682, 684, 692, 694, 
70, 684, 685, 692, 696, 
71, 684, 684, 693, 694, 
72, 686, 687, 693, 696, 
73, 688, 690, 695, 697, 
74, 688, 692, 698, 704, 
75, 690, 692, 705, 698, 
76, 691, 692, 705, 706, 
77, 695, 695, 705, 706, 
78, 695, 697, 707, 708, 
79, 696, 697, 707, 708, 
80, 700, 699, 707, 709, 
81, 700, 700, 708, 711, 
82, 702, 702, 707, 712, 
83, 702, 704, 710, 712, 
84, 704, 707, 710, 715, 
85, 705, 708, 713, 716, 
86, 705, 709, 714, 717, 
87, 706, 712, 715, 717, 
88, 707, 714, 715, 719, 
89, 708, 715, 718, 720, 
90, 710, 715, 719, 721, 
91, 711, 715, 719, 722, 
92, 711, 715, 718, 726, 
93, 713, 718, 720, 727, 
94, 717, 717, 720, 728, 
95, 717, 719, 721, 729, 
96, 720, 719, 722, 729, 
97, 720, 720, 722, 730, 
98, 722, 723, 724, 732, 
99, 721, 723, 724, 733, 
100, 721, 725, 726, 734, 
101, 722, 725, 727, 733, 
102, 723, 726, 729, 733, 
103, 723, 726, 728, 734, 
104, 725, 727, 731, 735, 
105, 727, 729, 735, 734, 
106, 727, 729, 735, 734, 
107, 729, 730, 738, 738, 
108, 731, 730, 736, 740, 
109, 730, 733, 736, 740, 
110, 731, 734, 740, 740, 
111, 735, 738, 740, 740, 
112, 734, 739, 743, 743, 
113, 735, 739, 744, 743, 
114, 736, 739, 744, 745, 
115, 738, 740, 747, 747, 
116, 738, 741, 749, 748, 
117, 739, 743, 749, 749, 
118, 739, 743, 749, 753, 
119, 741, 745, 752, 752, 
120, 742, 744, 751, 753, 
121, 744, 745, 752, 754, 
122, 743, 747, 754, 756, 
123, 744, 748, 755, 757, 
124, 746, 748, 755, 758, 
125, 746, 750, 758, 758, 
126, 747, 751, 758, 759, 
127, 748, 750, 757, 759, 
128, 749, 753, 759, 760, 
129, 751, 753, 759, 760, 
130, 753, 754, 760, 761, 
131, 754, 755, 761, 762, 
132, 756, 757, 762, 762, 
133, 759, 759, 763, 764, 
134, 759, 758, 765, 765, 
135, 760, 759, 766, 768, 
136, 761, 762, 768, 768, 
137, 762, 761, 766, 771, 
138, 764, 762, 767, 769, 
139, 764, 764, 767, 771, 
140, 768, 765, 767, 772, 
141, 768, 765, 772, 775, 
142, 768, 768, 770, 775, 
143, 768, 770, 774, 774, 
144, 769, 770, 772, 778, 
145, 770, 771, 773, 776, 
146, 772, 772, 775, 777, 
147, 772, 773, 777, 781, 
148, 772, 774, 776, 781, 
149, 773, 773, 777, 784, 
150, 775, 776, 778, 783, 
151, 776, 775, 779, 787, 
152, 777, 776, 781, 786, 
153, 777, 777, 782, 786, 
154, 778, 777, 783, 791, 
155, 780, 780, 782, 792, 
156, 781, 780, 784, 792, 
157, 780, 781, 785, 792, 
158, 781, 781, 789, 793, 
159, 783, 784, 790, 795, 
160, 784, 784, 791, 795, 
161, 786, 786, 793, 796, 
162, 787, 788, 794, 796, 
163, 787, 787, 795, 797, 
164, 788, 790, 795, 800, 
165, 788, 790, 796, 799, 
166, 790, 790, 797, 798, 
167, 790, 791, 797, 800, 
168, 790, 793, 797, 801, 
169, 790, 793, 797, 802, 
170, 791, 795, 797, 802, 
171, 794, 795, 798, 801, 
172, 793, 797, 799, 803, 
173, 794, 800, 801, 805, 
174, 795, 800, 801, 806, 
175, 795, 800, 804, 806, 
176, 797, 798, 803, 806, 
177, 797, 801, 805, 808, 
178, 797, 801, 804, 809, 
179, 798, 801, 808, 812, 
180, 800, 802, 813, 811, 
181, 800, 805, 814, 813, 
182, 800, 805, 813, 820, 
183, 802, 803, 811, 820, 
184, 802, 803, 816, 820, 
185, 803, 804, 818, 822, 
186, 804, 807, 818, 824, 
187, 804, 805, 820, 821, 
188, 806, 808, 820, 824, 
189, 807, 809, 821, 824, 
190, 808, 810, 824, 825, 
191, 809, 810, 821, 825, 
192, 808, 810, 821, 827, 
193, 810, 811, 822, 828, 
194, 810, 812, 823, 828, 
195, 811, 812, 823, 829, 
196, 814, 813, 823, 829, 
197, 812, 815, 823, 830, 
198, 812, 815, 823, 831, 
199, 813, 817, 824, 831, 
200, 814, 818, 824, 832, 
201, 815, 819, 827, 832, 
202, 816, 820, 827, 832, 
203, 818, 822, 826, 833, 
204, 818, 824, 828, 834, 
205, 821, 823, 827, 835, 
206, 821, 824, 828, 833, 
207, 823, 825, 829, 834, 
208, 825, 827, 830, 834, 
209, 828, 828, 832, 834, 
210, 828, 829, 831, 835, 
211, 828, 830, 834, 835, 
212, 828, 832, 836, 836, 
213, 830, 832, 840, 837, 
214, 830, 832, 840, 843, 
215, 830, 832, 840, 842, 
216, 831, 833, 843, 842, 
217, 831, 834, 843, 843, 
218, 832, 834, 844, 843, 
219, 832, 834, 847, 844, 
220, 833, 837, 846, 846, 
221, 833, 838, 847, 847, 
222, 834, 837, 847, 850, 
223, 836, 836, 847, 850, 
224, 838, 838, 848, 855, 
225, 838, 837, 852, 853, 
226, 839, 837, 850, 854, 
227, 840, 840, 852, 853, 
228, 841, 841, 852, 856, 
229, 843, 842, 852, 857, 
230, 843, 844, 852, 856, 
231, 844, 843, 852, 856, 
232, 845, 845, 853, 857, 
233, 845, 845, 852, 858, 
234, 845, 845, 853, 857, 
235, 847, 845, 853, 859, 
236, 848, 847, 858, 860, 
237, 848, 849, 856, 858, 
238, 848, 849, 858, 859, 
239, 849, 851, 858, 861, 
240, 850, 852, 857, 860, 
241, 852, 852, 859, 860, 
242, 851, 852, 860, 863, 
243, 853, 853, 860, 863, 
244, 853, 853, 860, 863, 
245, 853, 856, 861, 864, 
246, 854, 855, 862, 864, 
247, 854, 858, 862, 869, 
248, 854, 857, 861, 869, 
249, 854, 856, 863, 867, 
250, 856, 858, 862, 867, 
251, 858, 860, 862, 869, 
252, 859, 860, 864, 869, 
253, 860, 860, 864, 870, 
254, 860, 862, 863, 868, 
255, 861, 862, 865, 870, 
256, 862, 864, 866, 869, 
257, 863, 868, 867, 870, 
258, 863, 866, 867, 872, 
259, 864, 867, 869, 870, 
260, 866, 868, 869, 873, 
261, 865, 869, 869, 873, 
262, 865, 872, 870, 876, 
263, 867, 872, 871, 875, 
264, 867, 873, 874, 876, 
265, 868, 872, 877, 881, 
266, 869, 872, 878, 883, 
267, 871, 872, 879, 885, 
268, 871, 874, 878, 886, 
269, 871, 876, 883, 885, 
270, 873, 876, 883, 886, 
271, 873, 878, 882, 886, 
272, 874, 877, 882, 888, 
273, 874, 877, 884, 887, 
274, 876, 877, 885, 889, 
275, 876, 876, 887, 889, 
276, 878, 879, 887, 891, 
277, 878, 880, 887, 891, 
278, 879, 880, 888, 890, 
279, 878, 880, 892, 894, 
280, 878, 879, 891, 895, 
281, 879, 879, 891, 893, 
282, 880, 880, 891, 894, 
283, 881, 879, 891, 895, 
284, 881, 881, 893, 900, 
285, 881, 881, 893, 900, 
286, 883, 884, 892, 901, 
287, 883, 884, 892, 899, 
288, 885, 885, 893, 898, 
289, 886, 887, 893, 901, 
290, 886, 890, 894, 902, 
291, 886, 891, 894, 902, 
292, 886, 891, 896, 900, 
293, 887, 890, 895, 903, 
294, 888, 890, 895, 904, 
295, 888, 891, 896, 902, 
296, 889, 893, 897, 903, 
297, 889, 894, 897, 902, 
298, 890, 896, 898, 904, 
299, 891, 894, 898, 904, 
300, 892, 896, 899, 903, 
301, 892, 896, 901, 904, 
302, 892, 897, 899, 905, 
303, 892, 897, 899, 907, 
304, 892, 898, 898, 906, 
305, 893, 900, 899, 905, 
306, 893, 898, 899, 906, 
307, 894, 898, 900, 905, 
308, 895, 897, 902, 905, 
309, 895, 900, 903, 905, 
310, 895, 903, 905, 906, 
311, 895, 901, 905, 906, 
312, 897, 902, 908, 909, 
313, 898, 901, 906, 908, 
314, 898, 902, 906, 909, 
315, 898, 902, 909, 907, 
316, 900, 903, 909, 911, 
317, 900, 904, 909, 909, 
318, 900, 903, 910, 912, 
319, 901, 904, 909, 912, 
320, 902, 907, 911, 912, 
321, 902, 906, 913, 912, 
322, 903, 906, 913, 914, 
323, 906, 907, 913, 914, 
324, 906, 909, 912, 916, 
325, 906, 907, 913, 917, 
326, 907, 910, 913, 918, 
327, 908, 910, 914, 917, 
328, 909, 910, 914, 917, 
329, 909, 911, 915, 919, 
330, 910, 910, 917, 918, 
331, 911, 912, 918, 920, 
332, 910, 914, 922, 922, 
333, 911, 912, 922, 922, 
334, 911, 912, 923, 923, 
335, 912, 914, 925, 924, 
336, 914, 915, 927, 927, 
337, 914, 914, 926, 927, 
338, 915, 915, 926, 927, 
339, 915, 915, 928, 928, 
340, 916, 917, 928, 927, 
341, 916, 916, 930, 928, 
342, 918, 918, 927, 928, 
343, 919, 919, 929, 928, 
344, 919, 919, 928, 931, 
345, 919, 924, 929, 931, 
346, 919, 926, 928, 933, 
347, 922, 926, 928, 933, 
348, 921, 927, 931, 933, 
349, 922, 926, 929, 935, 
350, 922, 927, 933, 936, 
351, 922, 925, 931, 936, 
352, 924, 927, 930, 937, 
353, 925, 928, 932, 936, 
354, 925, 927, 932, 937, 
355, 926, 928, 933, 939, 
356, 927, 929, 934, 939, 
357, 927, 931, 934, 939, 
358, 927, 931, 934, 939, 
359, 927, 931, 934, 939, 
360, 928, 931, 934, 939, 
361, 929, 931, 935, 939, 
362, 930, 931, 937, 940, 
363, 931, 932, 936, 943, 
364, 931, 932, 937, 943, 
365, 932, 934, 937, 941, 
366, 932, 934, 937, 943, 
367, 932, 935, 941, 943, 
368, 932, 936, 938, 943, 
369, 934, 937, 940, 942, 
370, 934, 940, 940, 941, 
371, 934, 938, 940, 942, 
372, 934, 939, 940, 942, 
373, 934, 938, 940, 943, 
374, 936, 941, 941, 943, 
375, 936, 943, 942, 943, 
376, 939, 944, 943, 944, 
377, 939, 944, 944, 944, 
378, 939, 945, 945, 945, 
379, 939, 945, 945, 946, 
380, 939, 945, 945, 946, 
381, 939, 945, 946, 946, 
382, 939, 946, 947, 947, 
383, 939, 946, 949, 948, 
384, 940, 946, 949, 948, 
385, 941, 947, 950, 950, 
386, 942, 946, 949, 949, 
387, 942, 946, 949, 949, 
388, 942, 947, 951, 949, 
389, 943, 947, 952, 953, 
390, 943, 947, 951, 951, 
391, 944, 947, 951, 951, 
392, 944, 948, 951, 952, 
393, 943, 946, 953, 952, 
394, 944, 946, 952, 954, 
395, 945, 947, 952, 953, 
396, 944, 949, 952, 953, 
397, 944, 948, 953, 955, 
398, 946, 949, 954, 955, 
399, 946, 950, 953, 955, 
400, 946, 950, 955, 955, 
401, 946, 950, 954, 955, 
402, 946, 951, 954, 955, 
403, 946, 950, 954, 955, 
404, 947, 951, 954, 954, 
405, 948, 951, 954, 955, 
406, 950, 951, 955, 955, 
407, 949, 953, 954, 957, 
408, 949, 955, 955, 957, 
409, 949, 955, 955, 956, 
410, 950, 957, 955, 956, 
411, 950, 956, 955, 956, 
412, 950, 955, 955, 956, 
413, 953, 956, 956, 957, 
414, 952, 956, 955, 958, 
415, 952, 955, 955, 959, 
416, 953, 955, 957, 959, 
417, 954, 956, 957, 959, 
418, 955, 959, 958, 959, 
419, 954, 958, 958, 960, 
420, 955, 958, 961, 961, 
421, 955, 958, 960, 962, 
422, 955, 959, 960, 962, 
423, 955, 961, 959, 963, 
424, 956, 959, 960, 963, 
425, 956, 960, 960, 963, 
426, 955, 960, 962, 963, 
427, 955, 961, 962, 964, 
428, 956, 962, 963, 965, 
429, 956, 961, 963, 965, 
430, 956, 961, 964, 966, 
431, 956, 962, 964, 966, 
432, 957, 961, 964, 966, 
433, 957, 962, 963, 968, 
434, 957, 963, 963, 969, 
435, 958, 963, 963, 970, 
436, 957, 964, 964, 969, 
437, 958, 964, 964, 971, 
438, 958, 963, 964, 972, 
439, 958, 963, 964, 974, 
440, 960, 963, 965, 975, 
441, 961, 964, 965, 975, 
442, 960, 962, 965, 974, 
443, 960, 964, 965, 974, 
444, 962, 965, 965, 975, 
445, 962, 966, 966, 976, 
446, 962, 967, 966, 975, 
447, 962, 968, 967, 975, 
448, 963, 968, 968, 975, 
449, 962, 967, 967, 975, 
450, 962, 968, 968, 976, 
451, 963, 968, 969, 977, 
452, 964, 967, 969, 977, 
453, 964, 967, 968, 979, 
454, 965, 968, 969, 979, 
455, 965, 968, 970, 979, 
456, 965, 968, 968, 979, 
457, 965, 970, 971, 978, 
458, 965, 968, 971, 978, 
459, 966, 969, 969, 979, 
460, 967, 969, 971, 977, 
461, 966, 969, 969, 978, 
462, 966, 970, 969, 979, 
463, 967, 970, 970, 978, 
464, 967, 971, 969, 978, 
465, 967, 972, 970, 978, 
466, 968, 971, 970, 977, 
467, 968, 973, 971, 978, 
468, 968, 973, 971, 978, 
469, 968, 972, 973, 979, 
470, 969, 972, 973, 979, 
471, 969, 972, 972, 979, 
472, 969, 972, 972, 979, 
473, 969, 972, 973, 979, 
474, 969, 972, 974, 980, 
475, 969, 972, 974, 979, 
476, 970, 973, 974, 978, 
477, 970, 972, 976, 978, 
478, 971, 973, 976, 980, 
479, 971, 972, 975, 980, 
480, 971, 973, 975, 980, 
481, 971, 972, 975, 981, 
482, 971, 972, 976, 980, 
483, 972, 972, 976, 980, 
484, 972, 973, 976, 980, 
485, 972, 973, 977, 980, 
486, 972, 973, 977, 981, 
487, 973, 973, 977, 981, 
488, 973, 973, 977, 981, 
489, 974, 977, 977, 981, 
490, 974, 977, 977, 981, 
491, 975, 976, 978, 981, 
492, 975, 976, 977, 982, 
493, 975, 977, 977, 981, 
494, 974, 977, 977, 981, 
495, 974, 978, 979, 981, 
496, 975, 977, 983, 983, 
497, 975, 978, 982, 985, 
498, 975, 977, 981, 986, 
499, 977, 977, 981, 986, 
500, 976, 978, 980, 986, 
501, 977, 980, 980, 989, 
502, 977, 980, 981, 989, 
503, 978, 980, 981, 990, 
504, 977, 981, 982, 990, 
505, 977, 980, 982, 990, 
506, 978, 980, 982, 989, 
507, 977, 981, 981, 990, 
508, 977, 981, 983, 991, 
509, 978, 982, 983, 991, 
510, 978, 982, 984, 991, 
511, 978, 982, 984, 992, 
512, 979, 981, 986, 992, 
513, 979, 981, 984, 992, 
514, 980, 981, 985, 992, 
515, 980, 981, 985, 992, 
516, 979, 981, 984, 992, 
517, 979, 981, 985, 994, 
518, 979, 983, 984, 994, 
519, 979, 981, 984, 995, 
520, 980, 982, 983, 995, 
521, 980, 982, 984, 994, 
522, 980, 982, 984, 994, 
523, 980, 981, 984, 994, 
524, 980, 981, 986, 994, 
525, 980, 982, 985, 994, 
526, 981, 981, 986, 994, 
527, 980, 981, 984, 994, 
528, 980, 982, 985, 995, 
529, 982, 982, 986, 994, 
530, 982, 984, 985, 995, 
531, 983, 983, 987, 994, 
532, 982, 983, 987, 994, 
533, 982, 983, 988, 994, 
534, 983, 985, 988, 994, 
535, 983, 986, 987, 996, 
536, 984, 986, 987, 995, 
537, 985, 986, 988, 995, 
538, 985, 986, 988, 995, 
539, 985, 987, 988, 995, 
540, 985, 987, 991, 995, 
541, 985, 987, 991, 996, 
542, 986, 987, 990, 995, 
543, 986, 987, 989, 994, 
544, 985, 987, 990, 997, 
545, 986, 988, 990, 997, 
546, 986, 988, 989, 997, 
547, 986, 986, 989, 997, 
548, 986, 988, 989, 997, 
549, 986, 988, 989, 997, 
550, 987, 988, 990, 996, 
551, 987, 988, 989, 997, 
552, 988, 988, 989, 996, 
553, 988, 989, 990, 996, 
554, 988, 990, 991, 998, 
555, 989, 990, 991, 999, 
556, 989, 989, 992, 995, 
557, 989, 990, 992, 995, 
558, 989, 989, 992, 997, 
559, 990, 989, 993, 996, 
560, 990, 991, 992, 998, 
561, 990, 991, 993, 999, 
562, 990, 990, 992, 996, 
563, 990, 991, 995, 997, 
564, 991, 991, 995, 998, 
565, 991, 992, 995, 999, 
566, 991, 992, 995, 1000, 
567, 991, 992, 994, 1000, 
568, 992, 992, 994, 999, 
569, 991, 991, 995, 999, 
570, 992, 991, 996, 999, 
571, 991, 992, 996, 1001, 
572, 992, 992, 996, 1000, 
573, 992, 992, 995, 1001, 
574, 993, 993, 995, 1001, 
575, 993, 992, 996, 1001, 
576, 993, 992, 996, 1000, 
577, 993, 992, 995, 1000, 
578, 994, 994, 997, 1000, 
579, 994, 994, 997, 999, 
580, 994, 993, 997, 1000, 
581, 994, 992, 997, 999, 
582, 994, 993, 997, 1002, 
583, 994, 994, 998, 999, 
584, 994, 994, 997, 1000, 
585, 996, 995, 997, 998, 
586, 996, 996, 997, 1000, 
587, 996, 996, 997, 1000, 
588, 996, 996, 997, 1000, 
589, 996, 996, 997, 1001, 
590, 996, 995, 998, 1001, 
591, 996, 996, 999, 1000, 
592, 997, 995, 1000, 1000, 
593, 997, 996, 999, 1001, 
594, 997, 997, 999, 1002, 
595, 997, 997, 999, 1001, 
596, 997, 997, 999, 1001, 
597, 998, 997, 998, 1001, 
598, 998, 998, 999, 1001, 
599, 999, 998, 999, 1001, 
600, 999, 999, 999, 1003, 
601, 998, 998, 1000, 1003, 
602, 999, 998, 1000, 1003, 
603, 999, 999, 1000, 1004, 
604, 999, 999, 1001, 1002, 
605, 999, 999, 1002, 1005, 
606, 999, 999, 1002, 1005, 
607, 999, 1000, 1004, 1005, 
608, 1000, 1000, 1005, 1006, 
609, 1000, 1001, 1004, 1005, 
610, 1000, 1001, 1005, 1005, 
611, 1001, 1001, 1005, 1005, 
612, 1000, 1000, 1004, 1005, 
613, 1000, 1001, 1004, 1005, 
614, 1001, 1001, 1004, 1004, 
615, 1001, 1001, 1004, 1004, 
616, 1001, 1001, 1004, 1005, 
617, 1002, 1002, 1004, 1006, 
618, 1002, 1002, 1004, 1006, 
619, 1003, 1002, 1004, 1006, 
620, 1002, 1002, 1004, 1005, 
621, 1002, 1003, 1004, 1006, 
622, 1002, 1002, 1004, 1005, 
623, 1003, 1002, 1004, 1005, 
624, 1002, 1003, 1004, 1005, 
625, 1003, 1003, 1004, 1006, 
626, 1003, 1003, 1004, 1006, 
627, 1004, 1004, 1005, 1005, 
628, 1003, 1003, 1004, 1005, 
629, 1003, 1004, 1004, 1006, 
630, 1003, 1003, 1004, 1006, 
631, 1004, 1003, 1004, 1006, 
632, 1004, 1003, 1005, 1006, 
633, 1004, 1004, 1005, 1006, 
634, 1004, 1004, 1005, 1006, 
635, 1005, 1005, 1005, 1006, 
636, 1005, 1005, 1006, 1006, 
637, 1005, 1005, 1006, 1006, 
638, 1006, 1005, 1006, 1006, 
639, 1006, 1006, 1006, 1007, 
640, 1005, 1006, 1006, 1006, 
641, 1006, 1006, 1006, 1007, 
642, 1005, 1006, 1006, 1007, 
643, 1005, 1005, 1006, 1006, 
644, 1006, 1005, 1006, 1006, 
645, 1005, 1005, 1005, 1008, 
646, 1006, 1006, 1006, 1007, 
647, 1006, 1006, 1006, 1006, 
648, 1006, 1007, 1007, 1007, 
649, 1006, 1007, 1008, 1008, 
650, 1007, 1007, 1008, 1008, 
651, 1007, 1007, 1007, 1007, 
652, 1006, 1007, 1008, 1008, 
653, 1006, 1007, 1009, 1009, 
654, 1006, 1006, 1009, 1009, 
655, 1006, 1007, 1008, 1009, 
656, 1006, 1006, 1008, 1009, 
657, 1007, 1007, 1008, 1008, 
658, 1007, 1007, 1008, 1008, 
659, 1007, 1006, 1008, 1008, 
660, 1007, 1007, 1009, 1009, 
661, 1008, 1008, 1008, 1009, 
662, 1008, 1008, 1009, 1009, 
663, 1009, 1007, 1009, 1009, 
664, 1008, 1008, 1009, 1009, 
665, 1008, 1008, 1008, 1008, 
666, 1008, 1008, 1008, 1008, 
667, 1008, 1009, 1010, 1009, 
668, 1009, 1009, 1010, 1009, 
669, 1008, 1010, 1010, 1009, 
670, 1008, 1009, 1009, 1009, 
671, 1008, 1009, 1013, 1013, 
672, 1009, 1009, 1012, 1012, 
673, 1009, 1009, 1012, 1012, 
674, 1009, 1010, 1012, 1013, 
675, 1009, 1010, 1012, 1013, 
676, 1009, 1010, 1012, 1013, 
677, 1009, 1009, 1012, 1012, 
678, 1009, 1010, 1010, 1011, 
679, 1009, 1010, 1010, 1012, 
680, 1009, 1009, 1010, 1012, 
681, 1009, 1009, 1011, 1011, 
682, 1010, 1009, 1010, 1011, 
683, 1009, 1009, 1010, 1012, 
684, 1009, 1011, 1011, 1011, 
685, 1009, 1011, 1011, 1011, 
686, 1010, 1010, 1011, 1011, 
687, 1010, 1010, 1011, 1012, 
688, 1010, 1011, 1011, 1011, 
689, 1011, 1010, 1013, 1013, 
690, 1011, 1010, 1013, 1013, 
691, 1011, 1010, 1012, 1013, 
692, 1011, 1010, 1012, 1013, 
693, 1012, 1011, 1012, 1013, 
694, 1012, 1010, 1011, 1013, 
695, 1013, 1013, 1011, 1013, 
696, 1013, 1013, 1013, 1014, 
697, 1012, 1013, 1014, 1014, 
698, 1013, 1014, 1014, 1014, 
699, 1013, 1013, 1013, 1013, 
700, 1012, 1012, 1015, 1014, 
701, 1013, 1014, 1015, 1015, 
702, 1013, 1014, 1014, 1015, 
703, 1013, 1013, 1015, 1014, 
704, 1013, 1014, 1015, 1014, 
705, 1013, 1014, 1014, 1014, 
706, 1013, 1014, 1014, 1014, 
707, 1013, 1014, 1014, 1015, 
708, 1013, 1014, 1013, 1014, 
709, 1013, 1014, 1014, 1015, 
710, 1013, 1014, 1014, 1014, 
711, 1014, 1014, 1014, 1014, 
712, 1015, 1014, 1014, 1014, 
713, 1014, 1014, 1014, 1014, 
714, 1013, 1015, 1014, 1014, 
715, 1013, 1014, 1014, 1014, 
716, 1013, 1014, 1014, 1014, 
717, 1013, 1014, 1014, 1014, 
718, 1013, 1014, 1014, 1014, 
719, 1013, 1013, 1014, 1014, 
720, 1013, 1014, 1015, 1015, 
721, 1013, 1014, 1015, 1015, 
722, 1013, 1014, 1014, 1015, 
723, 1013, 1013, 1015, 1015, 
724, 1013, 1014, 1015, 1015, 
725, 1014, 1014, 1015, 1015, 
726, 1013, 1014, 1014, 1015, 
727, 1014, 1014, 1015, 1015, 
728, 1014, 1014, 1014, 1015, 
729, 1014, 1014, 1014, 1015, 
730, 1014, 1014, 1014, 1014, 
731, 1015, 1014, 1014, 1014, 
732, 1015, 1014, 1015, 1014, 
733, 1014, 1014, 1014, 1014, 
734, 1014, 1015, 1014, 1015, 
735, 1015, 1015, 1015, 1015, 
736, 1015, 1015, 1015, 1015, 
737, 1015, 1015, 1015, 1015, 
738, 1015, 1016, 1015, 1015, 
739, 1015, 1015, 1015, 1016, 
740, 1015, 1015, 1015, 1015, 
741, 1015, 1015, 1017, 1015, 
742, 1015, 1015, 1016, 1017, 
743, 1015, 1015, 1017, 1016, 
744, 1015, 1015, 1016, 1016, 
745, 1015, 1016, 1017, 1017, 
746, 1016, 1015, 1018, 1018, 
747, 1016, 1016, 1016, 1019, 
748, 1015, 1017, 1017, 1018, 
749, 1015, 1016, 1016, 1018, 
750, 1015, 1017, 1017, 1017, 
751, 1015, 1016, 1017, 1016, 
752, 1015, 1016, 1017, 1017, 
753, 1016, 1016, 1017, 1018, 
754, 1015, 1016, 1017, 1017, 
755, 1016, 1016, 1017, 1018, 
756, 1016, 1016, 1017, 1018, 
757, 1017, 1016, 1017, 1018, 
758, 1017, 1016, 1017, 1018, 
759, 1016, 1016, 1017, 1018, 
760, 1016, 1017, 1017, 1018, 
761, 1017, 1017, 1016, 1019, 
762, 1017, 1017, 1016, 1017, 
763, 1017, 1017, 1016, 1017, 
764, 1017, 1017, 1016, 1016, 
765, 1017, 1017, 1016, 1017, 
766, 1017, 1017, 1016, 1017, 
767, 1017, 1017, 1017, 1017, 
768, 1017, 1018, 1018, 1017, 
769, 1017, 1018, 1018, 1018, 
770, 1017, 1018, 1017, 1017, 
771, 1017, 1018, 1018, 1017, 
772, 1018, 1018, 1018, 1017, 
773, 1018, 1018, 1018, 1018, 
774, 1018, 1018, 1018, 1018, 
775, 1019, 1018, 1018, 1018, 
776, 1019, 1018, 1017, 1018, 
777, 1018, 1019, 1019, 1019, 
778, 1019, 1018, 1019, 1018, 
779, 1019, 1018, 1018, 1017, 
780, 1019, 1019, 1018, 1018, 
781, 1019, 1019, 1018, 1017, 
782, 1019, 1019, 1019, 1019, 
783, 1019, 1020, 1020, 1019, 
784, 1020, 1019, 1020, 1019, 
785, 1020, 1020, 1020, 1019, 
786, 1020, 1020, 1021, 1020, 
787, 1020, 1020, 1020, 1019, 
788, 1020, 1020, 1021, 1020, 
789, 1020, 1020, 1021, 1020, 
790, 1020, 1021, 1021, 1021, 
791, 1020, 1021, 1021, 1021, 
792, 1020, 1021, 1020, 1021, 
793, 1020, 1021, 1020, 1020, 
794, 1020, 1021, 1021, 1020, 
795, 1021, 1021, 1021, 1021, 
796, 1021, 1021, 1021, 1021, 
797, 1021, 1021, 1021, 1021, 
798, 1021, 1021, 1021, 1021, 
799, 1021, 1021, 1021, 1022, 
800, 1021, 1021, 1021, 1021, 
801, 1021, 1021, 1021, 1021, 
802, 1021, 1021, 1021, 1021, 
803, 1021, 1021, 1021, 1022, 
804, 1021, 1021, 1022, 1021, 
805, 1021, 1021, 1021, 1021, 
806, 1021, 1021, 1021, 1022, 
807, 1021, 1021, 1021, 1022, 
808, 1021, 1020, 1021, 1022, 
809, 1021, 1021, 1021, 1022, 
810, 1021, 1020, 1021, 1022, 
811, 1022, 1022, 1021, 1021, 
812, 1020, 1021, 1021, 1021, 
813, 1021, 1021, 1022, 1022, 
814, 1021, 1021, 1021, 1022, 
815, 1021, 1021, 1022, 1022, 
816, 1021, 1021, 1022, 1022, 
817, 1021, 1021, 1021, 1022, 
818, 1021, 1021, 1021, 1021, 
819, 1021, 1021, 1021, 1022, 
820, 1021, 1022, 1021, 1022, 
821, 1021, 1022, 1021, 1022, 
822, 1021, 1022, 1022, 1022, 
823, 1021, 1022, 1022, 1022, 
824, 1021, 1022, 1022, 1022, 
825, 1021, 1021, 1022, 1022, 
826, 1021, 1022, 1022, 1022, 
827, 1021, 1022, 1022, 1022, 
828, 1021, 1021, 1021, 1022, 
829, 1021, 1022, 1021, 1021, 
830, 1021, 1022, 1021, 1021, 
831, 1021, 1022, 1021, 1022, 
832, 1021, 1021, 1021, 1023, 
833, 1021, 1022, 1021, 1023, 
834, 1021, 1021, 1021, 1022, 
835, 1021, 1022, 1021, 1022, 
836, 1021, 1021, 1021, 1023, 
837, 1021, 1021, 1021, 1023, 
838, 1022, 1021, 1021, 1023, 
839, 1022, 1021, 1021, 1023, 
840, 1022, 1022, 1021, 1023, 
841, 1022, 1022, 1021, 1022, 
842, 1022, 1023, 1022, 1022, 
843, 1022, 1023, 1022, 1023, 
844, 1022, 1022, 1022, 1022, 
845, 1022, 1023, 1023, 1022, 
846, 1022, 1023, 1022, 1023, 
847, 1022, 1024, 1023, 1024, 
