Runtime (microseconds), 646058
Generation, Fitness Island 0, Fitness Island 1, Fitness Island 2, Fitness Island 3
0, 552, 542, 543, 548, 
1, 551, 544, 548, 557, 
2, 553, 548, 560, 550, 
3, 561, 552, 572, 565, 
4, 568, 567, 574, 570, 
5, 577, 568, 578, 574, 
6, 578, 579, 579, 580, 
7, 580, 582, 580, 583, 
8, 582, 588, 582, 582, 
9, 583, 595, 595, 590, 
10, 591, 596, 596, 593, 
11, 587, 599, 599, 599, 
12, 591, 597, 605, 602, 
13, 592, 598, 605, 612, 
14, 594, 599, 607, 611, 
15, 595, 601, 607, 615, 
16, 598, 601, 611, 615, 
17, 598, 603, 612, 616, 
18, 600, 604, 614, 618, 
19, 602, 605, 616, 618, 
20, 604, 608, 618, 619, 
21, 605, 609, 618, 621, 
22, 606, 612, 622, 623, 
23, 610, 614, 622, 625, 
24, 609, 614, 623, 625, 
25, 612, 615, 623, 627, 
26, 616, 618, 624, 629, 
27, 616, 620, 626, 631, 
28, 617, 620, 631, 632, 
29, 617, 630, 631, 634, 
30, 619, 632, 632, 633, 
31, 621, 632, 634, 634, 
32, 621, 636, 635, 636, 
33, 624, 639, 636, 638, 
34, 625, 641, 641, 638, 
35, 626, 642, 643, 641, 
36, 627, 644, 648, 643, 
37, 632, 646, 648, 646, 
38, 632, 645, 652, 649, 
39, 635, 646, 653, 652, 
40, 637, 648, 656, 657, 
41, 638, 649, 659, 660, 
42, 639, 653, 661, 661, 
43, 640, 653, 662, 664, 
44, 640, 655, 663, 667, 
45, 642, 655, 666, 670, 
46, 643, 657, 664, 670, 
47, 643, 657, 666, 670, 
48, 647, 659, 667, 672, 
49, 648, 659, 668, 673, 
50, 648, 661, 668, 674, 
51, 648, 662, 669, 676, 
52, 649, 663, 671, 677, 
53, 651, 664, 672, 679, 
54, 652, 664, 674, 680, 
55, 653, 666, 675, 682, 
56, 655, 668, 680, 683, 
57, 655, 669, 680, 685, 
58, 659, 672, 681, 686, 
59, 660, 672, 683, 690, 
60, 660, 673, 683, 694, 
61, 663, 675, 685, 699, 
62, 662, 677, 686, 698, 
63, 664, 678, 690, 698, 
64, 667, 679, 692, 698, 
65, 667, 679, 691, 702, 
66, 668, 681, 691, 703, 
67, 671, 683, 694, 701, 
68, 672, 683, 695, 703, 
69, 674, 683, 696, 705, 
70, 675, 686, 696, 707, 
71, 677, 686, 698, 708, 
72, 678, 687, 697, 710, 
73, 681, 688, 697, 711, 
74, 681, 690, 700, 711, 
75, 683, 691, 701, 711, 
76, 683, 694, 703, 712, 
77, 686, 695, 705, 712, 
78, 687, 695, 703, 713, 
79, 688, 697, 705, 714, 
80, 689, 698, 706, 716, 
81, 689, 700, 706, 719, 
82, 692, 702, 708, 719, 
83, 692, 705, 709, 719, 
84, 694, 704, 710, 720, 
85, 695, 704, 710, 723, 
86, 696, 706, 713, 723, 
87, 698, 707, 714, 724, 
88, 701, 707, 715, 724, 
89, 703, 711, 715, 726, 
90, 704, 711, 717, 726, 
91, 706, 712, 717, 727, 
92, 706, 712, 719, 728, 
93, 709, 713, 724, 732, 
94, 710, 714, 723, 733, 
95, 710, 715, 724, 734, 
96, 711, 715, 725, 735, 
97, 713, 715, 725, 736, 
98, 714, 717, 727, 737, 
99, 715, 718, 727, 739, 
100, 716, 719, 730, 741, 
101, 717, 724, 731, 741, 
102, 719, 726, 731, 742, 
103, 719, 726, 735, 745, 
104, 720, 730, 736, 745, 
105, 723, 730, 737, 747, 
106, 723, 733, 739, 748, 
107, 725, 735, 742, 748, 
108, 726, 736, 742, 750, 
109, 726, 737, 742, 751, 
110, 727, 738, 745, 753, 
111, 727, 741, 746, 757, 
112, 728, 743, 746, 757, 
113, 730, 747, 749, 761, 
114, 729, 747, 752, 761, 
115, 732, 748, 756, 760, 
116, 732, 749, 756, 762, 
117, 734, 749, 755, 764, 
118, 734, 750, 756, 764, 
119, 736, 749, 756, 766, 
120, 736, 750, 757, 768, 
121, 737, 751, 762, 769, 
122, 737, 752, 766, 770, 
123, 738, 752, 766, 772, 
124, 740, 753, 767, 773, 
125, 741, 753, 767, 772, 
126, 743, 756, 767, 773, 
127, 743, 756, 769, 774, 
128, 744, 754, 769, 776, 
129, 745, 757, 770, 777, 
130, 746, 758, 772, 777, 
131, 746, 759, 775, 778, 
132, 746, 760, 773, 783, 
133, 748, 762, 773, 782, 
134, 749, 764, 775, 782, 
135, 751, 765, 775, 786, 
136, 752, 765, 776, 786, 
137, 752, 767, 777, 788, 
138, 754, 768, 778, 790, 
139, 755, 769, 779, 790, 
140, 757, 769, 778, 798, 
141, 757, 769, 779, 799, 
142, 758, 770, 779, 800, 
143, 758, 771, 780, 800, 
144, 759, 772, 781, 802, 
145, 762, 773, 782, 802, 
146, 762, 774, 781, 803, 
147, 763, 774, 784, 802, 
148, 763, 774, 783, 805, 
149, 765, 777, 784, 804, 
150, 764, 778, 785, 806, 
151, 766, 779, 786, 807, 
152, 767, 779, 787, 807, 
153, 769, 779, 787, 808, 
154, 771, 779, 791, 812, 
155, 771, 780, 791, 812, 
156, 771, 780, 792, 812, 
157, 773, 782, 793, 811, 
158, 774, 782, 794, 812, 
159, 774, 781, 794, 813, 
160, 776, 782, 795, 813, 
161, 778, 783, 797, 814, 
162, 780, 784, 797, 816, 
163, 779, 785, 798, 815, 
164, 782, 786, 798, 815, 
165, 782, 787, 798, 816, 
166, 781, 787, 799, 817, 
167, 782, 788, 798, 819, 
168, 784, 789, 802, 820, 
169, 787, 790, 802, 820, 
170, 789, 791, 803, 821, 
171, 789, 791, 803, 819, 
172, 789, 795, 805, 820, 
173, 789, 794, 805, 821, 
174, 789, 799, 806, 821, 
175, 792, 805, 807, 821, 
176, 793, 803, 808, 823, 
177, 792, 806, 816, 824, 
178, 793, 807, 816, 824, 
179, 795, 808, 817, 826, 
180, 795, 809, 819, 825, 
181, 796, 809, 822, 826, 
182, 797, 810, 822, 827, 
183, 800, 811, 825, 828, 
184, 801, 810, 826, 827, 
185, 802, 811, 830, 830, 
186, 802, 811, 832, 832, 
187, 803, 811, 832, 834, 
188, 804, 812, 833, 836, 
189, 804, 814, 834, 839, 
190, 805, 816, 834, 840, 
191, 806, 816, 834, 843, 
192, 806, 816, 835, 843, 
193, 807, 817, 837, 846, 
194, 807, 818, 838, 846, 
195, 808, 818, 838, 846, 
196, 809, 818, 838, 851, 
197, 810, 818, 839, 851, 
198, 811, 819, 839, 851, 
199, 812, 819, 841, 852, 
200, 812, 820, 843, 851, 
201, 814, 821, 842, 855, 
202, 814, 821, 842, 857, 
203, 815, 822, 843, 859, 
204, 815, 822, 843, 858, 
205, 817, 823, 843, 859, 
206, 818, 825, 844, 859, 
207, 818, 825, 845, 859, 
208, 818, 825, 845, 859, 
209, 819, 824, 846, 860, 
210, 819, 828, 848, 863, 
211, 820, 827, 848, 860, 
212, 820, 828, 847, 861, 
213, 822, 828, 848, 862, 
214, 823, 829, 849, 863, 
215, 823, 829, 848, 863, 
216, 824, 830, 850, 863, 
217, 826, 832, 851, 864, 
218, 826, 831, 851, 864, 
219, 827, 832, 853, 864, 
220, 827, 833, 850, 865, 
221, 828, 838, 850, 865, 
222, 830, 837, 851, 867, 
223, 831, 837, 852, 867, 
224, 831, 838, 853, 869, 
225, 832, 839, 854, 867, 
226, 833, 842, 856, 868, 
227, 834, 842, 855, 869, 
228, 835, 844, 855, 870, 
229, 836, 846, 858, 870, 
230, 838, 846, 859, 870, 
231, 837, 847, 857, 870, 
232, 837, 846, 858, 874, 
233, 839, 848, 859, 872, 
234, 839, 848, 859, 872, 
235, 839, 849, 859, 872, 
236, 842, 849, 860, 873, 
237, 844, 850, 860, 873, 
238, 844, 851, 861, 873, 
239, 845, 851, 861, 875, 
240, 846, 852, 862, 875, 
241, 847, 852, 862, 875, 
242, 848, 854, 862, 876, 
243, 849, 854, 863, 876, 
244, 848, 854, 866, 877, 
245, 848, 854, 867, 878, 
246, 849, 855, 867, 877, 
247, 852, 856, 868, 878, 
248, 853, 856, 868, 878, 
249, 853, 858, 869, 880, 
250, 853, 859, 869, 879, 
251, 854, 858, 870, 879, 
252, 855, 863, 870, 881, 
253, 856, 864, 871, 879, 
254, 856, 869, 872, 879, 
255, 857, 868, 873, 880, 
256, 858, 868, 873, 883, 
257, 858, 869, 873, 884, 
258, 858, 867, 874, 884, 
259, 859, 868, 875, 883, 
260, 860, 868, 875, 886, 
261, 861, 869, 875, 885, 
262, 860, 871, 877, 886, 
263, 860, 871, 878, 888, 
264, 862, 871, 878, 888, 
265, 864, 871, 878, 889, 
266, 864, 872, 880, 890, 
267, 865, 875, 878, 890, 
268, 866, 877, 879, 890, 
269, 866, 877, 880, 889, 
270, 868, 877, 881, 890, 
271, 868, 878, 881, 890, 
272, 869, 879, 882, 890, 
273, 869, 879, 884, 892, 
274, 870, 880, 884, 892, 
275, 870, 879, 890, 892, 
276, 870, 880, 890, 892, 
277, 870, 880, 892, 893, 
278, 871, 881, 891, 893, 
279, 871, 882, 892, 895, 
280, 872, 883, 894, 898, 
281, 874, 884, 894, 898, 
282, 874, 885, 896, 898, 
283, 874, 886, 897, 900, 
284, 874, 886, 897, 900, 
285, 875, 886, 898, 902, 
286, 876, 886, 900, 904, 
287, 877, 886, 899, 906, 
288, 877, 887, 900, 909, 
289, 878, 887, 901, 909, 
290, 878, 887, 901, 910, 
291, 879, 887, 901, 911, 
292, 880, 888, 902, 911, 
293, 881, 889, 902, 912, 
294, 881, 890, 902, 912, 
295, 882, 890, 902, 913, 
296, 884, 890, 902, 914, 
297, 884, 890, 902, 917, 
298, 886, 890, 903, 917, 
299, 886, 890, 903, 917, 
300, 886, 892, 903, 918, 
301, 887, 893, 905, 917, 
302, 888, 893, 905, 918, 
303, 889, 893, 905, 919, 
304, 890, 893, 906, 919, 
305, 891, 895, 906, 919, 
306, 892, 895, 905, 919, 
307, 892, 895, 907, 919, 
308, 894, 897, 907, 919, 
309, 894, 898, 909, 920, 
310, 895, 898, 907, 922, 
311, 894, 898, 909, 921, 
312, 894, 899, 911, 923, 
313, 895, 898, 910, 922, 
314, 897, 900, 909, 923, 
315, 898, 902, 909, 923, 
316, 898, 903, 911, 924, 
317, 899, 905, 910, 925, 
318, 898, 904, 912, 924, 
319, 899, 909, 912, 926, 
320, 901, 910, 913, 925, 
321, 901, 910, 912, 925, 
322, 901, 912, 915, 926, 
323, 902, 914, 916, 926, 
324, 902, 913, 915, 928, 
325, 903, 915, 915, 927, 
326, 905, 914, 917, 928, 
327, 905, 914, 917, 928, 
328, 905, 916, 918, 927, 
329, 907, 916, 920, 928, 
330, 906, 916, 920, 927, 
331, 907, 915, 922, 929, 
332, 908, 915, 922, 930, 
333, 909, 915, 921, 929, 
334, 908, 915, 923, 931, 
335, 909, 916, 923, 931, 
336, 910, 915, 924, 931, 
337, 911, 917, 927, 932, 
338, 911, 917, 926, 931, 
339, 913, 917, 927, 932, 
340, 912, 918, 927, 933, 
341, 913, 919, 927, 933, 
342, 915, 919, 928, 933, 
343, 916, 919, 927, 934, 
344, 917, 919, 929, 933, 
345, 916, 920, 930, 934, 
346, 917, 921, 929, 934, 
347, 918, 921, 928, 936, 
348, 919, 921, 929, 934, 
349, 920, 922, 928, 934, 
350, 920, 922, 929, 935, 
351, 920, 923, 934, 940, 
352, 920, 923, 934, 939, 
353, 922, 925, 934, 939, 
354, 923, 927, 934, 939, 
355, 923, 930, 934, 940, 
356, 924, 929, 935, 941, 
357, 926, 930, 935, 940, 
358, 925, 930, 934, 941, 
359, 926, 931, 936, 941, 
360, 926, 932, 938, 941, 
361, 927, 932, 941, 944, 
362, 927, 933, 942, 946, 
363, 931, 933, 940, 946, 
364, 931, 934, 941, 945, 
365, 932, 938, 942, 945, 
366, 931, 938, 942, 947, 
367, 931, 938, 942, 947, 
368, 932, 938, 944, 948, 
369, 933, 939, 944, 949, 
370, 934, 938, 946, 948, 
371, 935, 938, 946, 949, 
372, 935, 938, 946, 949, 
373, 937, 941, 948, 949, 
374, 937, 942, 948, 951, 
375, 938, 941, 947, 953, 
376, 937, 943, 950, 956, 
377, 938, 943, 951, 957, 
378, 939, 943, 950, 954, 
379, 939, 948, 949, 955, 
380, 939, 949, 951, 956, 
381, 941, 949, 950, 956, 
382, 942, 948, 950, 957, 
383, 941, 948, 954, 956, 
384, 941, 949, 953, 958, 
385, 941, 950, 952, 958, 
386, 941, 949, 956, 958, 
387, 941, 949, 956, 959, 
388, 943, 949, 957, 961, 
389, 943, 949, 958, 960, 
390, 942, 949, 958, 961, 
391, 942, 949, 962, 965, 
392, 943, 949, 962, 965, 
393, 943, 949, 962, 965, 
394, 943, 952, 963, 968, 
395, 943, 950, 963, 968, 
396, 944, 952, 963, 969, 
397, 944, 952, 964, 969, 
398, 944, 953, 963, 968, 
399, 944, 953, 964, 968, 
400, 944, 952, 964, 968, 
401, 945, 953, 964, 969, 
402, 945, 954, 964, 969, 
403, 945, 955, 964, 971, 
404, 946, 956, 965, 971, 
405, 946, 953, 965, 971, 
406, 947, 953, 965, 972, 
407, 947, 955, 964, 973, 
408, 947, 955, 965, 972, 
409, 947, 956, 965, 973, 
410, 947, 954, 965, 974, 
411, 949, 955, 965, 974, 
412, 949, 955, 966, 975, 
413, 949, 954, 967, 974, 
414, 949, 955, 968, 974, 
415, 950, 955, 969, 975, 
416, 950, 956, 968, 975, 
417, 951, 954, 968, 975, 
418, 951, 954, 968, 975, 
419, 951, 955, 969, 976, 
420, 951, 955, 969, 976, 
421, 952, 957, 968, 976, 
422, 953, 956, 969, 976, 
423, 953, 957, 969, 977, 
424, 955, 956, 969, 976, 
425, 954, 958, 970, 977, 
426, 956, 958, 971, 976, 
427, 956, 958, 970, 977, 
428, 956, 959, 970, 976, 
429, 956, 960, 970, 976, 
430, 956, 959, 969, 977, 
431, 956, 961, 970, 977, 
432, 956, 962, 969, 978, 
433, 958, 963, 970, 978, 
434, 959, 963, 970, 979, 
435, 959, 965, 970, 978, 
436, 960, 964, 970, 978, 
437, 960, 965, 970, 979, 
438, 962, 966, 971, 979, 
439, 962, 967, 971, 979, 
440, 963, 966, 971, 979, 
441, 963, 966, 972, 979, 
442, 962, 966, 973, 981, 
443, 963, 965, 974, 981, 
444, 963, 966, 974, 981, 
445, 964, 966, 974, 982, 
446, 963, 968, 974, 982, 
447, 964, 968, 975, 981, 
448, 964, 968, 975, 982, 
449, 964, 968, 976, 983, 
450, 964, 968, 977, 984, 
451, 964, 967, 977, 984, 
452, 965, 970, 976, 984, 
453, 964, 968, 976, 984, 
454, 965, 968, 976, 984, 
455, 966, 968, 977, 985, 
456, 967, 969, 976, 985, 
457, 967, 969, 977, 985, 
458, 966, 970, 979, 985, 
459, 968, 970, 978, 985, 
460, 968, 970, 980, 985, 
461, 969, 971, 981, 986, 
462, 968, 971, 982, 985, 
463, 969, 972, 982, 985, 
464, 969, 974, 982, 985, 
465, 968, 974, 982, 985, 
466, 969, 974, 982, 985, 
467, 968, 974, 982, 985, 
468, 969, 975, 983, 985, 
469, 968, 977, 983, 987, 
470, 970, 977, 983, 988, 
471, 970, 976, 983, 989, 
472, 970, 975, 983, 990, 
473, 971, 976, 983, 990, 
474, 971, 976, 983, 991, 
475, 971, 976, 983, 991, 
476, 971, 976, 983, 994, 
477, 972, 977, 984, 995, 
478, 972, 976, 984, 994, 
479, 972, 977, 984, 995, 
480, 972, 977, 984, 996, 
481, 971, 977, 984, 996, 
482, 971, 977, 985, 996, 
483, 972, 977, 985, 996, 
484, 972, 978, 984, 996, 
485, 972, 977, 986, 996, 
486, 974, 977, 985, 997, 
487, 973, 978, 985, 998, 
488, 973, 978, 985, 998, 
489, 973, 978, 985, 998, 
490, 973, 979, 984, 998, 
491, 974, 980, 984, 998, 
492, 974, 979, 985, 999, 
493, 974, 979, 985, 999, 
494, 974, 979, 985, 999, 
495, 974, 979, 985, 999, 
496, 975, 979, 986, 999, 
497, 975, 979, 986, 999, 
498, 975, 979, 987, 999, 
499, 975, 979, 987, 1000, 
500, 976, 979, 987, 1000, 
501, 976, 979, 987, 1000, 
502, 976, 980, 987, 1000, 
503, 976, 979, 987, 1000, 
504, 978, 979, 988, 1001, 
505, 978, 981, 988, 1001, 
506, 978, 981, 988, 1000, 
507, 980, 982, 988, 1003, 
508, 979, 983, 988, 1003, 
509, 980, 983, 988, 1003, 
510, 981, 985, 989, 1004, 
511, 980, 985, 989, 1004, 
512, 981, 985, 989, 1004, 
513, 981, 986, 991, 1004, 
514, 981, 985, 993, 1005, 
515, 982, 986, 993, 1005, 
516, 982, 986, 991, 1005, 
517, 982, 986, 992, 1005, 
518, 982, 987, 992, 1005, 
519, 983, 987, 992, 1005, 
520, 983, 988, 993, 1005, 
521, 984, 987, 994, 1005, 
522, 984, 989, 994, 1005, 
523, 984, 989, 995, 1005, 
524, 985, 991, 995, 1005, 
525, 984, 990, 995, 1005, 
526, 986, 990, 994, 1004, 
527, 985, 991, 995, 1004, 
528, 985, 992, 995, 1005, 
529, 985, 990, 996, 1006, 
530, 986, 990, 995, 1006, 
531, 986, 989, 996, 1005, 
532, 986, 991, 995, 1005, 
533, 986, 992, 995, 1005, 
534, 986, 992, 996, 1006, 
535, 985, 992, 996, 1007, 
536, 986, 993, 996, 1007, 
537, 986, 994, 996, 1007, 
538, 986, 994, 995, 1007, 
539, 987, 995, 996, 1008, 
540, 988, 994, 996, 1007, 
541, 988, 994, 998, 1007, 
542, 987, 994, 997, 1008, 
543, 987, 995, 997, 1007, 
544, 987, 995, 999, 1009, 
545, 987, 996, 998, 1009, 
546, 988, 995, 1000, 1008, 
547, 989, 996, 1001, 1008, 
548, 988, 995, 1002, 1009, 
549, 990, 996, 1002, 1009, 
550, 989, 996, 1001, 1009, 
551, 990, 996, 1003, 1009, 
552, 990, 996, 1000, 1010, 
553, 990, 997, 1002, 1010, 
554, 990, 998, 1002, 1009, 
555, 991, 998, 1001, 1010, 
556, 991, 998, 1001, 1010, 
557, 991, 998, 1003, 1010, 
558, 991, 998, 1002, 1010, 
559, 991, 999, 1002, 1010, 
560, 991, 997, 1002, 1010, 
561, 991, 999, 1001, 1010, 
562, 991, 999, 1002, 1010, 
563, 992, 998, 1002, 1011, 
564, 992, 999, 1002, 1010, 
565, 993, 999, 1001, 1010, 
566, 993, 998, 1002, 1010, 
567, 993, 999, 1003, 1010, 
568, 992, 1000, 1002, 1010, 
569, 993, 1001, 1003, 1011, 
570, 993, 1001, 1002, 1011, 
571, 994, 1002, 1002, 1010, 
572, 993, 1002, 1002, 1010, 
573, 993, 1003, 1004, 1010, 
574, 994, 1002, 1004, 1010, 
575, 994, 1003, 1004, 1011, 
576, 995, 1003, 1004, 1011, 
577, 994, 1003, 1005, 1011, 
578, 995, 1004, 1006, 1010, 
579, 994, 1004, 1005, 1011, 
580, 995, 1004, 1006, 1012, 
581, 995, 1005, 1006, 1011, 
582, 997, 1005, 1007, 1011, 
583, 997, 1004, 1008, 1011, 
584, 997, 1005, 1008, 1011, 
585, 997, 1005, 1008, 1010, 
586, 997, 1005, 1009, 1013, 
587, 997, 1005, 1009, 1013, 
588, 997, 1005, 1009, 1013, 
589, 997, 1005, 1009, 1013, 
590, 997, 1005, 1009, 1014, 
591, 998, 1005, 1010, 1013, 
592, 998, 1005, 1010, 1013, 
593, 998, 1005, 1010, 1013, 
594, 998, 1005, 1009, 1013, 
595, 998, 1005, 1009, 1013, 
596, 998, 1006, 1009, 1013, 
597, 998, 1006, 1010, 1014, 
598, 998, 1006, 1010, 1014, 
599, 999, 1006, 1010, 1014, 
600, 998, 1006, 1009, 1014, 
601, 998, 1006, 1011, 1014, 
602, 998, 1006, 1010, 1014, 
603, 998, 1006, 1010, 1014, 
604, 998, 1005, 1010, 1014, 
605, 998, 1006, 1010, 1014, 
606, 998, 1007, 1011, 1014, 
607, 999, 1007, 1010, 1014, 
608, 998, 1008, 1011, 1014, 
609, 998, 1006, 1012, 1014, 
610, 998, 1009, 1012, 1014, 
611, 998, 1009, 1012, 1015, 
612, 999, 1009, 1011, 1014, 
613, 999, 1009, 1012, 1014, 
614, 998, 1009, 1012, 1014, 
615, 998, 1010, 1013, 1015, 
616, 998, 1011, 1013, 1015, 
617, 999, 1010, 1013, 1015, 
618, 1000, 1010, 1013, 1015, 
619, 1000, 1010, 1013, 1015, 
620, 1000, 1011, 1013, 1015, 
621, 1000, 1011, 1013, 1016, 
622, 1001, 1011, 1013, 1018, 
623, 1001, 1011, 1013, 1017, 
624, 1001, 1011, 1013, 1017, 
625, 1001, 1012, 1013, 1018, 
626, 1001, 1011, 1013, 1017, 
627, 1001, 1011, 1013, 1017, 
628, 1001, 1011, 1013, 1018, 
629, 1001, 1011, 1013, 1017, 
630, 1001, 1012, 1013, 1017, 
631, 1001, 1011, 1013, 1018, 
632, 1001, 1011, 1012, 1018, 
633, 1001, 1012, 1012, 1018, 
634, 1001, 1012, 1012, 1017, 
635, 1002, 1012, 1012, 1017, 
636, 1002, 1012, 1012, 1017, 
637, 1002, 1011, 1013, 1017, 
638, 1002, 1012, 1012, 1018, 
639, 1002, 1011, 1013, 1019, 
640, 1002, 1011, 1014, 1019, 
641, 1002, 1012, 1013, 1019, 
642, 1002, 1012, 1014, 1018, 
643, 1002, 1012, 1015, 1019, 
644, 1002, 1012, 1015, 1018, 
645, 1001, 1013, 1014, 1019, 
646, 1001, 1013, 1014, 1019, 
647, 1002, 1014, 1014, 1018, 
648, 1002, 1014, 1014, 1019, 
649, 1003, 1013, 1014, 1019, 
650, 1003, 1014, 1016, 1018, 
651, 1001, 1013, 1017, 1018, 
652, 1001, 1013, 1015, 1018, 
653, 1003, 1013, 1016, 1018, 
654, 1003, 1014, 1015, 1018, 
655, 1003, 1013, 1015, 1018, 
656, 1004, 1013, 1015, 1018, 
657, 1004, 1013, 1015, 1018, 
658, 1004, 1013, 1015, 1018, 
659, 1004, 1014, 1015, 1018, 
660, 1005, 1014, 1016, 1019, 
661, 1005, 1015, 1015, 1019, 
662, 1005, 1015, 1015, 1018, 
663, 1005, 1015, 1015, 1019, 
664, 1005, 1015, 1016, 1019, 
665, 1005, 1015, 1016, 1019, 
666, 1006, 1016, 1015, 1019, 
667, 1006, 1016, 1015, 1019, 
668, 1006, 1016, 1016, 1019, 
669, 1006, 1016, 1016, 1019, 
670, 1006, 1016, 1016, 1019, 
671, 1006, 1015, 1016, 1019, 
672, 1006, 1015, 1016, 1019, 
673, 1006, 1015, 1016, 1019, 
674, 1006, 1015, 1016, 1019, 
675, 1006, 1015, 1016, 1019, 
676, 1007, 1015, 1016, 1019, 
677, 1007, 1016, 1016, 1019, 
678, 1006, 1015, 1016, 1019, 
679, 1007, 1015, 1017, 1019, 
680, 1007, 1016, 1017, 1019, 
681, 1007, 1016, 1017, 1019, 
682, 1007, 1016, 1017, 1020, 
683, 1007, 1016, 1017, 1020, 
684, 1007, 1015, 1017, 1020, 
685, 1008, 1015, 1017, 1020, 
686, 1008, 1015, 1017, 1020, 
687, 1007, 1015, 1018, 1020, 
688, 1008, 1014, 1018, 1020, 
689, 1008, 1015, 1018, 1019, 
690, 1008, 1014, 1018, 1020, 
691, 1008, 1015, 1018, 1019, 
692, 1008, 1015, 1018, 1020, 
693, 1008, 1016, 1018, 1020, 
694, 1008, 1015, 1018, 1020, 
695, 1008, 1015, 1018, 1020, 
696, 1008, 1015, 1017, 1019, 
697, 1008, 1015, 1017, 1019, 
698, 1008, 1015, 1017, 1019, 
699, 1009, 1016, 1017, 1020, 
700, 1009, 1015, 1017, 1021, 
701, 1009, 1014, 1017, 1020, 
702, 1009, 1015, 1017, 1020, 
703, 1009, 1016, 1017, 1020, 
704, 1009, 1015, 1017, 1021, 
705, 1009, 1015, 1017, 1021, 
706, 1010, 1015, 1017, 1021, 
707, 1010, 1015, 1018, 1021, 
708, 1011, 1015, 1017, 1021, 
709, 1012, 1015, 1016, 1021, 
710, 1012, 1015, 1017, 1020, 
711, 1012, 1016, 1018, 1021, 
712, 1012, 1016, 1017, 1021, 
713, 1011, 1016, 1018, 1021, 
714, 1012, 1016, 1018, 1020, 
715, 1012, 1016, 1018, 1020, 
716, 1012, 1015, 1017, 1021, 
717, 1012, 1016, 1018, 1020, 
718, 1012, 1016, 1018, 1021, 
719, 1012, 1016, 1018, 1021, 
720, 1012, 1016, 1018, 1021, 
721, 1012, 1016, 1018, 1021, 
722, 1012, 1016, 1018, 1021, 
723, 1012, 1016, 1018, 1021, 
724, 1012, 1016, 1019, 1021, 
725, 1012, 1016, 1018, 1021, 
726, 1012, 1015, 1018, 1021, 
727, 1012, 1016, 1018, 1020, 
728, 1012, 1015, 1018, 1021, 
729, 1012, 1015, 1018, 1021, 
730, 1012, 1015, 1018, 1021, 
731, 1013, 1015, 1018, 1020, 
732, 1013, 1015, 1018, 1020, 
733, 1012, 1016, 1018, 1020, 
734, 1012, 1015, 1018, 1021, 
735, 1012, 1016, 1018, 1020, 
736, 1013, 1016, 1018, 1021, 
737, 1013, 1014, 1018, 1020, 
738, 1012, 1015, 1017, 1022, 
739, 1013, 1014, 1017, 1021, 
740, 1013, 1015, 1017, 1020, 
741, 1014, 1015, 1017, 1021, 
742, 1014, 1015, 1018, 1020, 
743, 1014, 1015, 1017, 1021, 
744, 1015, 1015, 1018, 1020, 
745, 1014, 1015, 1018, 1020, 
746, 1015, 1016, 1018, 1020, 
747, 1015, 1017, 1018, 1021, 
748, 1014, 1017, 1017, 1020, 
749, 1015, 1018, 1018, 1020, 
750, 1015, 1018, 1018, 1019, 
751, 1014, 1018, 1018, 1020, 
752, 1015, 1018, 1018, 1019, 
753, 1014, 1018, 1018, 1020, 
754, 1014, 1018, 1018, 1020, 
755, 1014, 1018, 1018, 1020, 
756, 1014, 1019, 1018, 1020, 
757, 1015, 1019, 1018, 1020, 
758, 1015, 1018, 1018, 1020, 
759, 1015, 1019, 1018, 1020, 
760, 1015, 1018, 1018, 1020, 
761, 1015, 1019, 1018, 1021, 
762, 1015, 1018, 1018, 1021, 
763, 1015, 1019, 1018, 1022, 
764, 1015, 1018, 1018, 1021, 
765, 1016, 1018, 1018, 1020, 
766, 1015, 1018, 1018, 1020, 
767, 1015, 1018, 1018, 1021, 
768, 1015, 1018, 1018, 1021, 
769, 1016, 1018, 1018, 1020, 
770, 1016, 1018, 1018, 1021, 
771, 1016, 1018, 1018, 1021, 
772, 1016, 1018, 1018, 1022, 
773, 1016, 1019, 1019, 1021, 
774, 1016, 1017, 1020, 1021, 
775, 1016, 1019, 1020, 1022, 
776, 1018, 1019, 1020, 1022, 
777, 1017, 1019, 1020, 1021, 
778, 1017, 1019, 1020, 1021, 
779, 1018, 1019, 1020, 1022, 
780, 1018, 1019, 1020, 1022, 
781, 1019, 1019, 1019, 1022, 
782, 1019, 1019, 1020, 1021, 
783, 1019, 1019, 1020, 1022, 
784, 1019, 1019, 1021, 1021, 
785, 1019, 1019, 1020, 1021, 
786, 1018, 1019, 1021, 1022, 
787, 1019, 1019, 1021, 1022, 
788, 1019, 1019, 1021, 1022, 
789, 1019, 1020, 1021, 1022, 
790, 1019, 1020, 1021, 1021, 
791, 1020, 1020, 1021, 1021, 
792, 1020, 1020, 1021, 1021, 
793, 1020, 1020, 1021, 1021, 
794, 1019, 1019, 1021, 1022, 
795, 1020, 1021, 1021, 1021, 
796, 1020, 1020, 1021, 1022, 
797, 1020, 1020, 1021, 1021, 
798, 1020, 1020, 1020, 1023, 
799, 1020, 1020, 1021, 1023, 
800, 1020, 1020, 1021, 1023, 
801, 1021, 1020, 1021, 1023, 
802, 1020, 1020, 1021, 1023, 
803, 1020, 1020, 1021, 1023, 
804, 1020, 1020, 1021, 1023, 
805, 1021, 1020, 1020, 1023, 
806, 1021, 1021, 1021, 1023, 
807, 1021, 1021, 1020, 1023, 
808, 1021, 1021, 1021, 1023, 
809, 1021, 1021, 1021, 1023, 
810, 1021, 1021, 1021, 1023, 
811, 1021, 1021, 1021, 1023, 
812, 1021, 1021, 1021, 1023, 
813, 1021, 1021, 1021, 1023, 
814, 1021, 1021, 1022, 1023, 
815, 1021, 1021, 1022, 1022, 
816, 1021, 1021, 1022, 1022, 
817, 1021, 1021, 1022, 1023, 
818, 1021, 1021, 1022, 1023, 
819, 1021, 1021, 1022, 1023, 
820, 1021, 1021, 1022, 1023, 
821, 1021, 1021, 1022, 1023, 
822, 1021, 1021, 1022, 1022, 
823, 1021, 1021, 1022, 1023, 
824, 1021, 1021, 1022, 1022, 
825, 1021, 1021, 1022, 1022, 
826, 1022, 1022, 1022, 1023, 
827, 1021, 1022, 1022, 1023, 
828, 1022, 1022, 1022, 1022, 
829, 1022, 1022, 1022, 1023, 
830, 1022, 1022, 1022, 1023, 
831, 1022, 1022, 1022, 1023, 
832, 1022, 1022, 1022, 1023, 
833, 1022, 1022, 1022, 1023, 
834, 1022, 1022, 1022, 1023, 
835, 1022, 1022, 1022, 1023, 
836, 1022, 1022, 1021, 1023, 
837, 1022, 1022, 1023, 1023, 
838, 1022, 1022, 1023, 1023, 
839, 1022, 1022, 1023, 1023, 
840, 1022, 1022, 1022, 1023, 
841, 1023, 1022, 1022, 1023, 
842, 1022, 1022, 1022, 1024, 
