Runtime (microseconds), 2876726
Generation, Fitness Island 0, Fitness Island 1, Fitness Island 2, Fitness Island 3
0, 552, 542, 543, 548, 
1, 551, 551, 551, 551, 
2, 556, 553, 556, 558, 
3, 562, 556, 560, 555, 
4, 569, 569, 565, 567, 
5, 577, 577, 577, 577, 
6, 578, 578, 577, 577, 
7, 581, 581, 591, 591, 
8, 582, 582, 582, 582, 
9, 587, 587, 586, 586, 
10, 588, 588, 593, 593, 
11, 589, 589, 589, 591, 
12, 593, 593, 593, 593, 
13, 594, 594, 594, 594, 
14, 596, 596, 596, 596, 
15, 599, 599, 599, 599, 
16, 600, 599, 599, 599, 
17, 600, 600, 599, 600, 
18, 602, 600, 600, 600, 
19, 603, 603, 604, 603, 
20, 606, 605, 605, 604, 
21, 608, 607, 607, 607, 
22, 608, 608, 607, 609, 
23, 611, 611, 611, 609, 
24, 612, 609, 611, 610, 
25, 612, 612, 612, 612, 
26, 613, 613, 616, 616, 
27, 614, 616, 616, 615, 
28, 616, 616, 616, 616, 
29, 618, 618, 619, 619, 
30, 621, 621, 621, 621, 
31, 621, 621, 621, 623, 
32, 623, 623, 625, 625, 
33, 623, 624, 626, 626, 
34, 627, 626, 626, 625, 
35, 626, 626, 627, 627, 
36, 628, 628, 628, 628, 
37, 629, 629, 629, 629, 
38, 630, 630, 630, 630, 
39, 632, 632, 632, 632, 
40, 633, 633, 633, 633, 
41, 634, 634, 634, 634, 
42, 635, 635, 635, 634, 
43, 637, 637, 637, 637, 
44, 639, 639, 639, 638, 
45, 640, 640, 640, 641, 
46, 641, 641, 641, 641, 
47, 643, 643, 642, 644, 
48, 645, 644, 643, 643, 
49, 645, 645, 645, 644, 
50, 646, 646, 645, 645, 
51, 648, 648, 648, 647, 
52, 648, 649, 649, 647, 
53, 649, 649, 649, 649, 
54, 650, 650, 649, 650, 
55, 651, 650, 650, 650, 
56, 651, 652, 651, 651, 
57, 652, 653, 653, 653, 
58, 654, 653, 653, 654, 
59, 655, 655, 655, 655, 
60, 655, 655, 655, 656, 
61, 657, 656, 655, 655, 
62, 659, 657, 658, 657, 
63, 660, 660, 660, 659, 
64, 660, 660, 661, 661, 
65, 662, 663, 661, 661, 
66, 662, 662, 661, 663, 
67, 664, 664, 664, 662, 
68, 665, 665, 665, 665, 
69, 666, 665, 665, 665, 
70, 668, 667, 668, 666, 
71, 669, 668, 668, 668, 
72, 669, 669, 669, 669, 
73, 671, 671, 669, 671, 
74, 672, 672, 672, 670, 
75, 673, 673, 671, 673, 
76, 675, 674, 674, 673, 
77, 676, 676, 676, 676, 
78, 680, 680, 680, 680, 
79, 678, 678, 681, 681, 
80, 680, 678, 680, 680, 
81, 680, 679, 681, 681, 
82, 681, 681, 681, 681, 
83, 683, 682, 683, 683, 
84, 683, 683, 683, 683, 
85, 686, 684, 684, 684, 
86, 686, 686, 686, 686, 
87, 686, 686, 686, 688, 
88, 687, 687, 690, 687, 
89, 688, 688, 689, 688, 
90, 689, 689, 689, 690, 
91, 692, 690, 690, 691, 
92, 693, 693, 692, 692, 
93, 693, 692, 693, 692, 
94, 695, 694, 694, 695, 
95, 696, 696, 696, 697, 
96, 696, 697, 697, 697, 
97, 698, 698, 698, 698, 
98, 699, 699, 699, 698, 
99, 701, 701, 699, 699, 
100, 702, 702, 702, 700, 
101, 702, 702, 702, 701, 
102, 704, 704, 704, 705, 
103, 705, 705, 705, 705, 
104, 706, 706, 706, 706, 
105, 709, 708, 709, 709, 
106, 710, 708, 710, 710, 
107, 710, 710, 709, 709, 
108, 711, 711, 711, 711, 
109, 716, 716, 712, 712, 
110, 716, 716, 716, 717, 
111, 717, 717, 717, 720, 
112, 718, 717, 717, 720, 
113, 718, 718, 718, 718, 
114, 721, 718, 718, 719, 
115, 721, 719, 719, 719, 
116, 722, 722, 722, 722, 
117, 722, 721, 723, 723, 
118, 724, 724, 723, 726, 
119, 725, 725, 725, 725, 
120, 729, 729, 727, 725, 
121, 729, 729, 729, 728, 
122, 730, 729, 731, 731, 
123, 730, 730, 730, 732, 
124, 732, 732, 732, 732, 
125, 733, 733, 733, 732, 
126, 734, 734, 734, 734, 
127, 735, 735, 734, 734, 
128, 738, 738, 736, 738, 
129, 737, 737, 737, 737, 
130, 739, 737, 737, 739, 
131, 739, 738, 738, 738, 
132, 740, 740, 740, 738, 
133, 741, 742, 741, 742, 
134, 743, 743, 742, 742, 
135, 743, 743, 743, 742, 
136, 742, 743, 743, 743, 
137, 743, 743, 743, 744, 
138, 745, 744, 744, 745, 
139, 746, 746, 746, 745, 
140, 747, 747, 749, 749, 
141, 749, 747, 747, 749, 
142, 749, 749, 749, 749, 
143, 751, 751, 751, 752, 
144, 752, 752, 752, 754, 
145, 754, 753, 754, 754, 
146, 754, 753, 754, 757, 
147, 756, 756, 756, 756, 
148, 756, 754, 756, 756, 
149, 757, 757, 755, 757, 
150, 758, 757, 758, 758, 
151, 758, 758, 758, 759, 
152, 758, 758, 758, 758, 
153, 759, 759, 759, 761, 
154, 761, 761, 761, 761, 
155, 761, 761, 760, 763, 
156, 762, 762, 762, 762, 
157, 762, 762, 762, 762, 
158, 763, 762, 762, 765, 
159, 764, 764, 765, 765, 
160, 767, 767, 765, 767, 
161, 767, 767, 767, 766, 
162, 769, 767, 767, 767, 
163, 769, 769, 769, 768, 
164, 772, 772, 772, 773, 
165, 773, 773, 772, 773, 
166, 773, 772, 772, 774, 
167, 774, 773, 773, 773, 
168, 775, 775, 775, 775, 
169, 777, 777, 777, 776, 
170, 781, 781, 779, 779, 
171, 778, 780, 782, 782, 
172, 780, 779, 782, 782, 
173, 781, 779, 781, 781, 
174, 782, 782, 780, 782, 
175, 783, 784, 784, 784, 
176, 783, 783, 783, 784, 
177, 784, 784, 784, 784, 
178, 787, 787, 787, 787, 
179, 787, 786, 787, 787, 
180, 791, 791, 791, 788, 
181, 789, 789, 791, 791, 
182, 788, 788, 792, 788, 
183, 793, 793, 793, 791, 
184, 793, 793, 794, 794, 
185, 795, 794, 797, 797, 
186, 796, 796, 797, 798, 
187, 797, 796, 797, 797, 
188, 797, 797, 797, 797, 
189, 798, 797, 798, 798, 
190, 799, 798, 798, 798, 
191, 801, 801, 800, 800, 
192, 804, 800, 801, 803, 
193, 804, 804, 804, 802, 
194, 804, 806, 806, 803, 
195, 805, 805, 805, 804, 
196, 806, 805, 805, 805, 
197, 807, 807, 807, 806, 
198, 808, 808, 809, 807, 
199, 810, 810, 808, 807, 
200, 809, 808, 809, 810, 
201, 810, 809, 809, 810, 
202, 812, 812, 812, 809, 
203, 812, 812, 813, 812, 
204, 814, 814, 813, 814, 
205, 814, 814, 814, 814, 
206, 815, 814, 814, 814, 
207, 815, 815, 815, 815, 
208, 816, 815, 815, 815, 
209, 817, 816, 816, 816, 
210, 817, 817, 817, 817, 
211, 818, 818, 818, 818, 
212, 821, 821, 821, 820, 
213, 821, 821, 819, 821, 
214, 822, 822, 822, 822, 
215, 824, 824, 824, 823, 
216, 824, 826, 824, 824, 
217, 825, 827, 827, 823, 
218, 826, 826, 825, 825, 
219, 828, 828, 828, 828, 
220, 827, 827, 828, 828, 
221, 828, 828, 828, 828, 
222, 828, 828, 829, 829, 
223, 832, 830, 830, 830, 
224, 831, 830, 831, 831, 
225, 832, 832, 832, 832, 
226, 833, 831, 833, 832, 
227, 834, 834, 834, 834, 
228, 833, 833, 834, 834, 
229, 836, 834, 836, 836, 
230, 837, 835, 835, 836, 
231, 837, 837, 837, 837, 
232, 839, 838, 837, 837, 
233, 839, 838, 838, 837, 
234, 840, 840, 839, 839, 
235, 841, 839, 840, 840, 
236, 841, 841, 842, 842, 
237, 844, 842, 842, 842, 
238, 844, 844, 843, 842, 
239, 843, 843, 844, 845, 
240, 845, 844, 844, 846, 
241, 845, 845, 845, 845, 
242, 849, 849, 849, 846, 
243, 849, 849, 848, 850, 
244, 851, 850, 849, 849, 
245, 852, 852, 852, 851, 
246, 852, 852, 853, 853, 
247, 852, 852, 853, 852, 
248, 853, 853, 853, 853, 
249, 854, 854, 853, 853, 
250, 855, 855, 854, 854, 
251, 856, 856, 854, 854, 
252, 856, 856, 856, 855, 
253, 857, 857, 857, 857, 
254, 857, 857, 860, 857, 
255, 860, 860, 860, 860, 
256, 860, 860, 860, 860, 
257, 861, 861, 861, 861, 
258, 862, 862, 861, 860, 
259, 862, 863, 863, 863, 
260, 863, 863, 863, 863, 
261, 864, 864, 864, 863, 
262, 866, 866, 864, 864, 
263, 865, 865, 865, 865, 
264, 866, 866, 866, 865, 
265, 866, 865, 866, 865, 
266, 868, 866, 865, 866, 
267, 868, 868, 868, 868, 
268, 869, 869, 870, 868, 
269, 871, 870, 870, 870, 
270, 871, 871, 871, 871, 
271, 872, 872, 872, 872, 
272, 872, 872, 873, 873, 
273, 873, 873, 873, 873, 
274, 873, 873, 873, 873, 
275, 875, 874, 874, 874, 
276, 876, 876, 876, 876, 
277, 876, 876, 876, 876, 
278, 875, 875, 876, 876, 
279, 877, 877, 875, 876, 
280, 878, 878, 877, 877, 
281, 879, 879, 878, 878, 
282, 881, 881, 881, 880, 
283, 881, 881, 880, 880, 
284, 881, 881, 881, 881, 
285, 882, 882, 882, 883, 
286, 882, 882, 883, 882, 
287, 884, 884, 884, 884, 
288, 884, 884, 883, 884, 
289, 884, 885, 884, 884, 
290, 884, 885, 885, 884, 
291, 886, 886, 885, 886, 
292, 887, 886, 888, 889, 
293, 889, 889, 889, 889, 
294, 889, 889, 889, 889, 
295, 889, 889, 889, 891, 
296, 890, 889, 889, 890, 
297, 891, 891, 891, 891, 
298, 892, 892, 892, 892, 
299, 892, 892, 892, 892, 
300, 892, 892, 891, 891, 
301, 892, 891, 891, 891, 
302, 893, 892, 892, 892, 
303, 894, 892, 892, 894, 
304, 893, 893, 893, 893, 
305, 896, 896, 894, 893, 
306, 897, 895, 897, 895, 
307, 897, 897, 896, 896, 
308, 897, 897, 897, 897, 
309, 898, 898, 898, 899, 
310, 899, 899, 899, 900, 
311, 900, 899, 900, 900, 
312, 899, 899, 899, 900, 
313, 900, 900, 900, 899, 
314, 901, 901, 901, 900, 
315, 904, 904, 904, 901, 
316, 903, 903, 904, 904, 
317, 905, 905, 904, 903, 
318, 905, 905, 904, 904, 
319, 905, 905, 905, 905, 
320, 905, 905, 905, 905, 
321, 906, 906, 906, 906, 
322, 907, 907, 906, 907, 
323, 907, 907, 907, 907, 
324, 907, 907, 907, 907, 
325, 908, 908, 908, 908, 
326, 908, 909, 908, 908, 
327, 909, 909, 909, 908, 
328, 909, 909, 909, 909, 
329, 910, 910, 910, 910, 
330, 910, 910, 909, 910, 
331, 911, 911, 911, 910, 
332, 911, 911, 911, 911, 
333, 912, 912, 912, 912, 
334, 914, 914, 914, 914, 
335, 914, 914, 914, 914, 
336, 914, 914, 914, 913, 
337, 914, 914, 914, 914, 
338, 914, 914, 914, 916, 
339, 915, 914, 914, 914, 
340, 915, 915, 915, 915, 
341, 916, 916, 917, 917, 
342, 917, 917, 917, 917, 
343, 916, 916, 918, 918, 
344, 917, 916, 919, 919, 
345, 919, 917, 917, 919, 
346, 920, 917, 917, 919, 
347, 919, 918, 919, 918, 
348, 920, 920, 920, 918, 
349, 920, 919, 919, 919, 
350, 920, 920, 920, 920, 
351, 920, 920, 921, 921, 
352, 920, 920, 920, 921, 
353, 922, 922, 922, 922, 
354, 922, 922, 922, 922, 
355, 922, 923, 922, 922, 
356, 923, 923, 923, 923, 
357, 924, 924, 924, 924, 
358, 923, 923, 923, 924, 
359, 924, 924, 924, 924, 
360, 926, 924, 924, 924, 
361, 925, 925, 924, 924, 
362, 926, 926, 926, 926, 
363, 927, 927, 927, 927, 
364, 927, 926, 927, 927, 
365, 927, 926, 927, 927, 
366, 928, 928, 926, 927, 
367, 928, 928, 928, 927, 
368, 928, 928, 928, 928, 
369, 928, 929, 929, 929, 
370, 928, 928, 928, 929, 
371, 929, 929, 929, 929, 
372, 929, 929, 929, 929, 
373, 931, 931, 930, 929, 
374, 931, 931, 931, 931, 
375, 931, 931, 931, 931, 
376, 932, 932, 932, 932, 
377, 932, 932, 932, 933, 
378, 933, 933, 933, 932, 
379, 935, 935, 932, 935, 
380, 935, 934, 934, 935, 
381, 935, 935, 933, 933, 
382, 937, 937, 937, 937, 
383, 937, 936, 935, 937, 
384, 936, 936, 936, 936, 
385, 938, 938, 938, 937, 
386, 937, 937, 938, 938, 
387, 938, 938, 937, 937, 
388, 938, 938, 937, 938, 
389, 938, 938, 938, 939, 
390, 940, 940, 940, 940, 
391, 940, 940, 940, 939, 
392, 943, 943, 943, 943, 
393, 942, 942, 942, 942, 
394, 942, 941, 941, 941, 
395, 942, 944, 944, 944, 
396, 943, 944, 943, 944, 
397, 944, 944, 943, 944, 
398, 944, 944, 945, 945, 
399, 945, 945, 945, 945, 
400, 944, 946, 946, 946, 
401, 945, 945, 946, 945, 
402, 945, 945, 946, 945, 
403, 945, 945, 945, 944, 
404, 945, 945, 945, 945, 
405, 946, 946, 946, 945, 
406, 945, 946, 946, 947, 
407, 946, 946, 946, 946, 
408, 947, 947, 945, 946, 
409, 946, 946, 946, 946, 
410, 946, 946, 946, 946, 
411, 947, 947, 947, 946, 
412, 946, 946, 946, 947, 
413, 947, 947, 946, 947, 
414, 948, 948, 948, 948, 
415, 949, 949, 948, 948, 
416, 949, 949, 948, 948, 
417, 949, 949, 949, 949, 
418, 950, 949, 949, 949, 
419, 949, 949, 949, 949, 
420, 950, 950, 950, 949, 
421, 949, 949, 949, 949, 
422, 950, 950, 950, 949, 
423, 950, 949, 949, 950, 
424, 950, 950, 950, 950, 
425, 950, 950, 950, 951, 
426, 951, 951, 950, 951, 
427, 951, 951, 951, 951, 
428, 952, 952, 952, 952, 
429, 952, 952, 952, 952, 
430, 953, 953, 953, 952, 
431, 953, 953, 953, 953, 
432, 953, 952, 953, 953, 
433, 955, 954, 955, 954, 
434, 955, 955, 954, 954, 
435, 956, 955, 956, 956, 
436, 956, 956, 956, 956, 
437, 956, 956, 956, 955, 
438, 957, 956, 956, 956, 
439, 956, 956, 956, 956, 
440, 957, 956, 956, 956, 
441, 957, 957, 957, 957, 
442, 957, 957, 957, 957, 
443, 957, 957, 957, 957, 
444, 957, 957, 957, 958, 
445, 957, 957, 957, 957, 
446, 959, 959, 959, 958, 
447, 959, 957, 959, 959, 
448, 959, 959, 959, 959, 
449, 960, 960, 959, 960, 
450, 959, 959, 959, 959, 
451, 960, 960, 959, 959, 
452, 960, 959, 959, 959, 
453, 960, 960, 960, 960, 
454, 961, 960, 960, 960, 
455, 961, 961, 961, 961, 
456, 960, 960, 960, 961, 
457, 963, 963, 963, 960, 
458, 963, 962, 962, 961, 
459, 962, 962, 962, 962, 
460, 963, 962, 963, 963, 
461, 964, 964, 964, 963, 
462, 964, 964, 964, 964, 
463, 965, 965, 965, 965, 
464, 966, 966, 965, 965, 
465, 966, 966, 966, 966, 
466, 966, 965, 967, 967, 
467, 967, 966, 967, 966, 
468, 967, 967, 967, 967, 
469, 966, 966, 966, 966, 
470, 968, 968, 968, 968, 
471, 969, 968, 968, 968, 
472, 969, 969, 969, 969, 
473, 968, 970, 970, 970, 
474, 969, 969, 970, 970, 
475, 970, 970, 970, 969, 
476, 970, 970, 970, 970, 
477, 970, 970, 970, 970, 
478, 971, 971, 971, 971, 
479, 973, 973, 972, 972, 
480, 971, 972, 972, 973, 
481, 972, 973, 973, 973, 
482, 972, 971, 972, 973, 
483, 972, 972, 971, 972, 
484, 972, 972, 972, 972, 
485, 973, 972, 972, 972, 
486, 972, 972, 974, 974, 
487, 973, 973, 974, 973, 
488, 973, 973, 974, 974, 
489, 972, 972, 972, 974, 
490, 974, 972, 974, 974, 
491, 974, 974, 973, 973, 
492, 973, 973, 974, 974, 
493, 974, 974, 974, 974, 
494, 974, 974, 974, 974, 
495, 974, 974, 973, 974, 
496, 974, 974, 974, 974, 
497, 975, 975, 975, 975, 
498, 974, 974, 974, 975, 
499, 975, 974, 975, 976, 
500, 975, 974, 974, 974, 
501, 976, 975, 975, 975, 
502, 976, 976, 976, 976, 
503, 976, 975, 975, 977, 
504, 975, 976, 976, 976, 
505, 976, 976, 976, 976, 
506, 977, 977, 977, 977, 
507, 976, 976, 977, 977, 
508, 977, 977, 977, 976, 
509, 979, 979, 979, 979, 
510, 977, 976, 976, 978, 
511, 977, 977, 977, 978, 
512, 979, 977, 979, 979, 
513, 978, 978, 978, 978, 
514, 978, 978, 978, 978, 
515, 979, 979, 978, 978, 
516, 980, 980, 980, 980, 
517, 980, 980, 980, 980, 
518, 981, 980, 981, 981, 
519, 980, 980, 980, 980, 
520, 980, 980, 980, 980, 
521, 982, 982, 980, 980, 
522, 981, 981, 981, 981, 
523, 982, 982, 982, 981, 
524, 981, 981, 981, 981, 
525, 981, 980, 981, 981, 
526, 981, 981, 981, 981, 
527, 982, 981, 981, 981, 
528, 982, 981, 981, 981, 
529, 982, 982, 981, 982, 
530, 982, 982, 982, 982, 
531, 983, 983, 982, 982, 
532, 983, 983, 982, 982, 
533, 984, 984, 983, 983, 
534, 983, 983, 983, 983, 
535, 984, 983, 984, 983, 
536, 985, 983, 983, 983, 
537, 985, 985, 983, 983, 
538, 986, 983, 985, 985, 
539, 986, 986, 985, 984, 
540, 986, 986, 986, 986, 
541, 986, 986, 986, 986, 
542, 986, 986, 986, 986, 
543, 987, 987, 987, 987, 
544, 986, 986, 987, 987, 
545, 986, 986, 986, 987, 
546, 986, 986, 986, 986, 
547, 988, 988, 987, 987, 
548, 988, 988, 987, 987, 
549, 988, 988, 988, 988, 
550, 988, 988, 989, 988, 
551, 988, 988, 989, 989, 
552, 988, 988, 988, 988, 
553, 989, 989, 989, 988, 
554, 990, 989, 990, 990, 
555, 990, 990, 990, 990, 
556, 990, 990, 990, 990, 
557, 990, 990, 990, 990, 
558, 990, 990, 990, 990, 
559, 990, 990, 990, 990, 
560, 990, 990, 990, 990, 
561, 991, 990, 990, 990, 
562, 990, 990, 990, 990, 
563, 991, 991, 991, 991, 
564, 992, 992, 992, 992, 
565, 991, 992, 992, 992, 
566, 991, 992, 992, 992, 
567, 991, 991, 992, 992, 
568, 992, 992, 992, 992, 
569, 992, 992, 992, 992, 
570, 992, 992, 992, 991, 
571, 992, 992, 992, 992, 
572, 993, 993, 993, 991, 
573, 993, 993, 993, 992, 
574, 993, 993, 993, 992, 
575, 994, 993, 993, 993, 
576, 995, 993, 993, 993, 
577, 993, 993, 993, 993, 
578, 993, 993, 993, 993, 
579, 994, 993, 993, 992, 
580, 993, 993, 993, 993, 
581, 994, 994, 994, 994, 
582, 994, 994, 994, 994, 
583, 994, 994, 994, 994, 
584, 995, 994, 994, 994, 
585, 995, 995, 994, 994, 
586, 995, 995, 995, 995, 
587, 996, 995, 996, 996, 
588, 996, 996, 995, 995, 
589, 997, 996, 997, 997, 
590, 997, 997, 997, 997, 
591, 997, 997, 996, 996, 
592, 997, 997, 996, 997, 
593, 997, 997, 997, 997, 
594, 998, 998, 997, 998, 
595, 997, 997, 997, 997, 
596, 997, 997, 997, 998, 
597, 997, 997, 998, 998, 
598, 997, 997, 998, 998, 
599, 998, 997, 997, 998, 
600, 999, 999, 999, 997, 
601, 999, 999, 999, 998, 
602, 998, 998, 999, 999, 
603, 998, 999, 998, 999, 
604, 998, 998, 999, 999, 
605, 999, 999, 999, 999, 
606, 999, 998, 999, 999, 
607, 999, 999, 999, 999, 
608, 999, 999, 998, 998, 
609, 999, 1000, 1000, 999, 
610, 1000, 1000, 1000, 1000, 
611, 1000, 999, 999, 999, 
612, 1001, 999, 1000, 999, 
613, 1001, 999, 1001, 1001, 
614, 1001, 1001, 1001, 1001, 
615, 1002, 1000, 1001, 1001, 
616, 1001, 1001, 1001, 1001, 
617, 1002, 1002, 1001, 1002, 
618, 1002, 1002, 1002, 1002, 
619, 1003, 1003, 1002, 1002, 
620, 1003, 1002, 1002, 1002, 
621, 1003, 1003, 1002, 1002, 
622, 1003, 1003, 1003, 1003, 
623, 1003, 1003, 1003, 1003, 
624, 1003, 1003, 1003, 1003, 
625, 1003, 1003, 1003, 1003, 
626, 1002, 1002, 1003, 1003, 
627, 1003, 1003, 1003, 1003, 
628, 1004, 1004, 1004, 1003, 
629, 1003, 1003, 1003, 1004, 
630, 1004, 1004, 1004, 1004, 
631, 1003, 1003, 1003, 1004, 
632, 1002, 1002, 1003, 1004, 
633, 1003, 1003, 1003, 1003, 
634, 1003, 1003, 1003, 1003, 
635, 1004, 1003, 1003, 1004, 
636, 1005, 1005, 1005, 1005, 
637, 1005, 1005, 1003, 1004, 
638, 1004, 1005, 1005, 1005, 
639, 1004, 1005, 1005, 1005, 
640, 1004, 1004, 1004, 1004, 
641, 1005, 1005, 1005, 1004, 
642, 1005, 1005, 1005, 1005, 
643, 1005, 1005, 1005, 1006, 
644, 1006, 1006, 1004, 1007, 
645, 1004, 1004, 1005, 1005, 
646, 1005, 1005, 1005, 1005, 
647, 1005, 1005, 1005, 1005, 
648, 1006, 1005, 1006, 1006, 
649, 1006, 1006, 1006, 1006, 
650, 1007, 1006, 1005, 1005, 
651, 1007, 1007, 1006, 1007, 
652, 1006, 1006, 1006, 1006, 
653, 1006, 1006, 1005, 1007, 
654, 1007, 1006, 1006, 1006, 
655, 1007, 1007, 1007, 1007, 
656, 1007, 1007, 1007, 1007, 
657, 1008, 1008, 1006, 1007, 
658, 1009, 1009, 1007, 1008, 
659, 1009, 1008, 1008, 1008, 
660, 1008, 1007, 1008, 1008, 
661, 1008, 1008, 1008, 1009, 
662, 1008, 1008, 1008, 1009, 
663, 1008, 1008, 1009, 1009, 
664, 1008, 1009, 1009, 1009, 
665, 1008, 1008, 1008, 1008, 
666, 1009, 1008, 1008, 1009, 
667, 1009, 1009, 1008, 1008, 
668, 1009, 1009, 1009, 1008, 
669, 1010, 1010, 1010, 1010, 
670, 1010, 1010, 1010, 1009, 
671, 1010, 1010, 1009, 1010, 
672, 1010, 1010, 1010, 1010, 
673, 1010, 1010, 1010, 1010, 
674, 1010, 1010, 1010, 1010, 
675, 1010, 1010, 1010, 1010, 
676, 1010, 1010, 1010, 1010, 
677, 1010, 1010, 1010, 1010, 
678, 1010, 1010, 1010, 1010, 
679, 1010, 1010, 1010, 1010, 
680, 1010, 1011, 1011, 1011, 
681, 1011, 1011, 1010, 1011, 
682, 1011, 1010, 1010, 1010, 
683, 1011, 1011, 1011, 1011, 
684, 1011, 1011, 1011, 1011, 
685, 1011, 1011, 1011, 1011, 
686, 1011, 1011, 1011, 1011, 
687, 1011, 1011, 1011, 1011, 
688, 1011, 1011, 1011, 1012, 
689, 1011, 1011, 1011, 1011, 
690, 1011, 1011, 1011, 1011, 
691, 1011, 1011, 1011, 1011, 
692, 1010, 1011, 1012, 1012, 
693, 1011, 1011, 1012, 1012, 
694, 1011, 1011, 1011, 1011, 
695, 1011, 1011, 1010, 1010, 
696, 1012, 1011, 1011, 1011, 
697, 1011, 1011, 1011, 1011, 
698, 1011, 1011, 1011, 1011, 
699, 1011, 1011, 1011, 1011, 
700, 1011, 1011, 1011, 1011, 
701, 1012, 1011, 1011, 1011, 
702, 1011, 1011, 1011, 1011, 
703, 1011, 1011, 1011, 1011, 
704, 1013, 1013, 1012, 1012, 
705, 1013, 1013, 1013, 1012, 
706, 1013, 1013, 1013, 1013, 
707, 1013, 1013, 1013, 1013, 
708, 1013, 1013, 1013, 1013, 
709, 1013, 1013, 1013, 1013, 
710, 1013, 1013, 1013, 1013, 
711, 1013, 1013, 1013, 1013, 
712, 1014, 1014, 1013, 1013, 
713, 1014, 1014, 1014, 1014, 
714, 1014, 1014, 1014, 1014, 
715, 1015, 1014, 1014, 1014, 
716, 1014, 1014, 1014, 1014, 
717, 1015, 1015, 1015, 1015, 
718, 1015, 1015, 1015, 1015, 
719, 1015, 1015, 1014, 1014, 
720, 1015, 1015, 1015, 1014, 
721, 1015, 1015, 1015, 1015, 
722, 1016, 1015, 1015, 1015, 
723, 1016, 1016, 1016, 1016, 
724, 1016, 1016, 1016, 1016, 
725, 1016, 1016, 1016, 1016, 
726, 1016, 1016, 1016, 1016, 
727, 1016, 1015, 1015, 1016, 
728, 1016, 1015, 1016, 1016, 
729, 1016, 1015, 1016, 1015, 
730, 1016, 1015, 1015, 1015, 
731, 1017, 1017, 1017, 1015, 
732, 1016, 1016, 1016, 1016, 
733, 1017, 1016, 1017, 1017, 
734, 1017, 1016, 1016, 1017, 
735, 1017, 1016, 1016, 1017, 
736, 1017, 1016, 1017, 1017, 
737, 1016, 1016, 1016, 1017, 
738, 1018, 1018, 1018, 1017, 
739, 1018, 1018, 1018, 1018, 
740, 1018, 1018, 1018, 1018, 
741, 1018, 1018, 1018, 1018, 
742, 1018, 1018, 1018, 1018, 
743, 1018, 1018, 1018, 1018, 
744, 1018, 1018, 1018, 1018, 
745, 1018, 1018, 1018, 1018, 
746, 1018, 1018, 1018, 1018, 
747, 1019, 1019, 1019, 1019, 
748, 1019, 1019, 1019, 1019, 
749, 1019, 1019, 1019, 1019, 
750, 1019, 1019, 1019, 1019, 
751, 1019, 1019, 1019, 1019, 
752, 1018, 1019, 1019, 1018, 
753, 1019, 1019, 1018, 1019, 
754, 1019, 1018, 1018, 1018, 
755, 1020, 1019, 1020, 1018, 
756, 1020, 1020, 1018, 1018, 
757, 1019, 1020, 1019, 1020, 
758, 1020, 1019, 1019, 1019, 
759, 1020, 1020, 1020, 1019, 
760, 1020, 1019, 1019, 1020, 
761, 1020, 1020, 1020, 1020, 
762, 1020, 1020, 1021, 1021, 
763, 1021, 1021, 1021, 1020, 
764, 1020, 1020, 1020, 1020, 
765, 1020, 1020, 1020, 1020, 
766, 1020, 1020, 1020, 1020, 
767, 1020, 1019, 1020, 1020, 
768, 1021, 1021, 1020, 1020, 
769, 1021, 1021, 1021, 1020, 
770, 1021, 1020, 1021, 1021, 
771, 1021, 1021, 1020, 1021, 
772, 1020, 1020, 1020, 1020, 
773, 1021, 1021, 1021, 1021, 
774, 1021, 1021, 1021, 1021, 
775, 1021, 1020, 1021, 1021, 
776, 1021, 1021, 1021, 1021, 
777, 1022, 1021, 1021, 1021, 
778, 1022, 1021, 1021, 1022, 
779, 1022, 1022, 1021, 1021, 
780, 1022, 1022, 1022, 1022, 
781, 1022, 1022, 1022, 1022, 
782, 1022, 1022, 1022, 1022, 
783, 1022, 1022, 1021, 1022, 
784, 1022, 1022, 1021, 1021, 
785, 1022, 1022, 1022, 1022, 
786, 1022, 1022, 1022, 1022, 
787, 1022, 1022, 1021, 1021, 
788, 1022, 1021, 1021, 1022, 
789, 1022, 1022, 1022, 1022, 
790, 1022, 1022, 1022, 1022, 
791, 1022, 1022, 1022, 1022, 
792, 1022, 1022, 1022, 1022, 
793, 1022, 1022, 1022, 1022, 
794, 1023, 1023, 1023, 1022, 
795, 1022, 1022, 1022, 1022, 
796, 1022, 1022, 1022, 1022, 
797, 1022, 1022, 1022, 1022, 
798, 1022, 1022, 1022, 1022, 
799, 1022, 1022, 1022, 1022, 
800, 1022, 1022, 1022, 1022, 
801, 1022, 1022, 1022, 1022, 
802, 1022, 1022, 1022, 1022, 
803, 1022, 1021, 1021, 1022, 
804, 1022, 1021, 1022, 1022, 
805, 1022, 1021, 1021, 1022, 
806, 1022, 1022, 1022, 1021, 
807, 1022, 1022, 1022, 1022, 
808, 1022, 1022, 1021, 1022, 
809, 1022, 1022, 1022, 1022, 
810, 1022, 1022, 1022, 1022, 
811, 1022, 1022, 1022, 1022, 
812, 1022, 1022, 1022, 1022, 
813, 1022, 1022, 1022, 1022, 
814, 1023, 1022, 1023, 1022, 
815, 1022, 1022, 1022, 1023, 
816, 1023, 1023, 1023, 1023, 
817, 1022, 1022, 1023, 1023, 
818, 1022, 1022, 1023, 1023, 
819, 1023, 1023, 1023, 1023, 
820, 1023, 1023, 1023, 1023, 
821, 1023, 1023, 1023, 1023, 
822, 1023, 1022, 1023, 1023, 
823, 1023, 1023, 1023, 1023, 
824, 1023, 1023, 1023, 1023, 
825, 1023, 1023, 1023, 1023, 
826, 1023, 1023, 1023, 1023, 
827, 1023, 1023, 1023, 1023, 
828, 1023, 1023, 1023, 1023, 
829, 1022, 1022, 1022, 1023, 
830, 1022, 1022, 1022, 1023, 
831, 1023, 1023, 1023, 1023, 
832, 1023, 1023, 1023, 1023, 
833, 1023, 1023, 1023, 1023, 
834, 1023, 1023, 1023, 1023, 
835, 1023, 1023, 1023, 1023, 
836, 1023, 1023, 1023, 1023, 
837, 1023, 1023, 1023, 1023, 
838, 1023, 1023, 1023, 1023, 
839, 1023, 1023, 1023, 1023, 
840, 1023, 1023, 1023, 1023, 
841, 1023, 1023, 1023, 1023, 
842, 1023, 1023, 1023, 1023, 
843, 1023, 1023, 1023, 1023, 
844, 1023, 1023, 1023, 1023, 
845, 1023, 1023, 1023, 1023, 
846, 1023, 1023, 1023, 1023, 
847, 1023, 1023, 1023, 1023, 
848, 1023, 1023, 1023, 1023, 
849, 1022, 1022, 1023, 1023, 
850, 1023, 1023, 1023, 1023, 
851, 1023, 1023, 1023, 1023, 
852, 1023, 1023, 1023, 1023, 
853, 1023, 1023, 1023, 1023, 
854, 1023, 1023, 1023, 1023, 
855, 1023, 1023, 1023, 1023, 
856, 1023, 1023, 1023, 1023, 
857, 1023, 1023, 1023, 1023, 
858, 1023, 1023, 1023, 1023, 
859, 1023, 1023, 1022, 1023, 
860, 1023, 1023, 1023, 1023, 
861, 1023, 1023, 1023, 1023, 
862, 1023, 1023, 1023, 1023, 
863, 1023, 1023, 1023, 1023, 
864, 1023, 1023, 1023, 1023, 
865, 1023, 1022, 1023, 1023, 
866, 1023, 1023, 1023, 1023, 
867, 1023, 1023, 1023, 1023, 
868, 1023, 1023, 1021, 1023, 
869, 1022, 1023, 1023, 1022, 
870, 1023, 1023, 1023, 1023, 
871, 1022, 1022, 1022, 1023, 
872, 1023, 1022, 1023, 1023, 
873, 1023, 1023, 1023, 1022, 
874, 1023, 1023, 1023, 1023, 
875, 1023, 1023, 1023, 1023, 
876, 1023, 1023, 1023, 1023, 
877, 1023, 1023, 1023, 1023, 
878, 1023, 1023, 1023, 1023, 
879, 1023, 1023, 1023, 1023, 
880, 1023, 1023, 1023, 1023, 
881, 1023, 1023, 1023, 1023, 
882, 1023, 1022, 1022, 1023, 
883, 1023, 1023, 1023, 1023, 
884, 1023, 1023, 1023, 1023, 
885, 1023, 1023, 1023, 1023, 
886, 1022, 1022, 1023, 1023, 
887, 1022, 1023, 1023, 1023, 
888, 1022, 1022, 1023, 1022, 
889, 1023, 1023, 1023, 1023, 
890, 1023, 1023, 1023, 1023, 
891, 1023, 1023, 1023, 1023, 
892, 1023, 1023, 1023, 1022, 
893, 1022, 1022, 1022, 1022, 
894, 1022, 1022, 1022, 1022, 
895, 1023, 1022, 1022, 1022, 
896, 1022, 1022, 1022, 1022, 
897, 1023, 1022, 1022, 1022, 
898, 1022, 1022, 1022, 1022, 
899, 1022, 1022, 1022, 1022, 
900, 1022, 1022, 1022, 1022, 
901, 1023, 1022, 1023, 1023, 
902, 1022, 1022, 1022, 1022, 
903, 1022, 1022, 1022, 1022, 
904, 1023, 1023, 1023, 1022, 
905, 1023, 1023, 1023, 1023, 
906, 1023, 1023, 1023, 1023, 
907, 1023, 1023, 1023, 1023, 
908, 1023, 1023, 1023, 1023, 
909, 1023, 1023, 1023, 1023, 
910, 1023, 1023, 1023, 1023, 
911, 1023, 1023, 1023, 1023, 
912, 1023, 1023, 1023, 1023, 
913, 1023, 1023, 1023, 1023, 
914, 1023, 1023, 1023, 1023, 
915, 1023, 1023, 1023, 1023, 
916, 1023, 1023, 1023, 1023, 
917, 1023, 1023, 1023, 1023, 
918, 1023, 1023, 1023, 1023, 
919, 1023, 1023, 1023, 1023, 
920, 1022, 1023, 1023, 1023, 
921, 1022, 1022, 1022, 1022, 
922, 1024, 1023, 1022, 1022, 
