Runtime (microseconds), 3767217
Generation, Fitness Island 0, Fitness Island 1, Fitness Island 2, Fitness Island 3
0, 538, 538, 540, 550, 
1, 548, 545, 548, 548, 
2, 553, 557, 558, 558, 
3, 558, 558, 556, 556, 
4, 568, 559, 568, 559, 
5, 568, 569, 574, 566, 
6, 581, 575, 578, 567, 
7, 582, 581, 587, 587, 
8, 587, 583, 583, 583, 
9, 588, 588, 588, 591, 
10, 589, 589, 589, 593, 
11, 591, 591, 593, 593, 
12, 592, 594, 594, 594, 
13, 593, 593, 593, 597, 
14, 595, 595, 594, 594, 
15, 596, 596, 596, 596, 
16, 599, 599, 599, 598, 
17, 600, 600, 599, 601, 
18, 601, 601, 601, 603, 
19, 604, 604, 604, 603, 
20, 606, 606, 606, 606, 
21, 607, 606, 607, 607, 
22, 609, 609, 609, 609, 
23, 609, 609, 609, 607, 
24, 610, 610, 610, 610, 
25, 611, 611, 611, 611, 
26, 611, 611, 611, 615, 
27, 614, 613, 613, 617, 
28, 615, 614, 615, 617, 
29, 617, 617, 617, 617, 
30, 618, 618, 618, 618, 
31, 619, 617, 619, 620, 
32, 621, 619, 619, 619, 
33, 621, 621, 621, 621, 
34, 624, 624, 624, 624, 
35, 625, 625, 625, 625, 
36, 626, 626, 626, 626, 
37, 627, 627, 629, 629, 
38, 628, 628, 628, 628, 
39, 632, 630, 630, 632, 
40, 631, 631, 631, 631, 
41, 632, 632, 633, 633, 
42, 635, 634, 634, 635, 
43, 637, 637, 637, 635, 
44, 639, 639, 639, 639, 
45, 639, 640, 640, 640, 
46, 641, 641, 639, 641, 
47, 642, 642, 642, 641, 
48, 645, 645, 644, 644, 
49, 646, 646, 645, 645, 
50, 649, 649, 649, 647, 
51, 651, 651, 651, 650, 
52, 652, 651, 652, 652, 
53, 652, 651, 652, 652, 
54, 653, 652, 654, 654, 
55, 654, 653, 655, 654, 
56, 655, 655, 656, 655, 
57, 656, 656, 656, 656, 
58, 658, 658, 657, 656, 
59, 660, 659, 660, 660, 
60, 661, 661, 661, 661, 
61, 661, 661, 661, 663, 
62, 663, 663, 662, 663, 
63, 665, 664, 664, 664, 
64, 666, 666, 665, 665, 
65, 667, 667, 667, 667, 
66, 668, 668, 668, 668, 
67, 669, 669, 669, 669, 
68, 670, 670, 671, 669, 
69, 671, 671, 671, 672, 
70, 673, 673, 673, 673, 
71, 675, 675, 675, 675, 
72, 675, 674, 676, 676, 
73, 677, 677, 677, 675, 
74, 679, 679, 679, 678, 
75, 680, 679, 679, 679, 
76, 680, 681, 681, 681, 
77, 681, 683, 680, 681, 
78, 682, 683, 683, 683, 
79, 684, 684, 684, 684, 
80, 684, 684, 685, 685, 
81, 686, 685, 686, 686, 
82, 688, 688, 687, 689, 
83, 688, 688, 688, 688, 
84, 690, 689, 689, 689, 
85, 692, 691, 692, 691, 
86, 695, 695, 695, 695, 
87, 696, 696, 696, 696, 
88, 698, 698, 699, 699, 
89, 699, 699, 699, 701, 
90, 700, 700, 700, 700, 
91, 703, 701, 701, 700, 
92, 704, 704, 704, 704, 
93, 704, 704, 704, 704, 
94, 706, 706, 705, 705, 
95, 707, 705, 706, 707, 
96, 708, 708, 708, 708, 
97, 710, 710, 710, 710, 
98, 711, 710, 709, 710, 
99, 711, 711, 711, 711, 
100, 711, 712, 712, 712, 
101, 713, 712, 712, 712, 
102, 714, 714, 714, 714, 
103, 715, 714, 714, 713, 
104, 716, 716, 716, 717, 
105, 717, 717, 719, 719, 
106, 719, 719, 720, 720, 
107, 720, 720, 720, 720, 
108, 721, 720, 720, 720, 
109, 723, 723, 722, 721, 
110, 723, 723, 723, 722, 
111, 725, 725, 723, 723, 
112, 726, 726, 724, 724, 
113, 727, 726, 726, 725, 
114, 729, 726, 725, 729, 
115, 729, 729, 728, 729, 
116, 730, 729, 729, 730, 
117, 731, 731, 731, 730, 
118, 733, 731, 733, 733, 
119, 733, 733, 733, 732, 
120, 734, 734, 732, 734, 
121, 736, 734, 736, 736, 
122, 738, 740, 740, 740, 
123, 739, 739, 739, 739, 
124, 741, 739, 739, 740, 
125, 740, 742, 742, 742, 
126, 742, 742, 742, 741, 
127, 744, 742, 744, 742, 
128, 745, 745, 745, 745, 
129, 746, 746, 746, 746, 
130, 747, 747, 747, 747, 
131, 748, 748, 748, 747, 
132, 748, 747, 747, 749, 
133, 748, 747, 748, 747, 
134, 749, 748, 748, 749, 
135, 750, 750, 750, 750, 
136, 752, 752, 752, 751, 
137, 753, 753, 753, 753, 
138, 754, 754, 754, 754, 
139, 757, 754, 755, 755, 
140, 757, 757, 757, 758, 
141, 759, 758, 759, 759, 
142, 758, 758, 759, 760, 
143, 760, 760, 759, 760, 
144, 760, 760, 760, 761, 
145, 762, 762, 762, 762, 
146, 763, 762, 762, 762, 
147, 764, 764, 765, 764, 
148, 765, 765, 766, 764, 
149, 769, 769, 769, 769, 
150, 766, 766, 766, 767, 
151, 768, 767, 767, 767, 
152, 768, 768, 768, 768, 
153, 768, 768, 768, 768, 
154, 770, 770, 770, 770, 
155, 771, 770, 771, 770, 
156, 773, 773, 773, 773, 
157, 774, 772, 773, 775, 
158, 775, 776, 776, 776, 
159, 777, 776, 776, 777, 
160, 777, 777, 777, 777, 
161, 778, 778, 777, 779, 
162, 778, 778, 779, 779, 
163, 780, 780, 779, 779, 
164, 781, 781, 781, 781, 
165, 782, 782, 783, 783, 
166, 784, 784, 784, 782, 
167, 785, 785, 785, 785, 
168, 786, 788, 788, 788, 
169, 786, 786, 786, 786, 
170, 788, 786, 786, 788, 
171, 789, 789, 789, 789, 
172, 789, 789, 789, 790, 
173, 790, 790, 790, 790, 
174, 792, 792, 791, 791, 
175, 793, 793, 792, 791, 
176, 794, 794, 793, 793, 
177, 794, 796, 795, 795, 
178, 795, 795, 795, 796, 
179, 796, 796, 796, 796, 
180, 797, 796, 797, 798, 
181, 798, 798, 798, 796, 
182, 799, 799, 799, 799, 
183, 800, 800, 800, 800, 
184, 803, 803, 803, 803, 
185, 804, 804, 804, 804, 
186, 804, 804, 804, 804, 
187, 804, 805, 805, 805, 
188, 806, 805, 806, 805, 
189, 809, 809, 809, 809, 
190, 807, 807, 808, 810, 
191, 809, 809, 808, 808, 
192, 810, 810, 810, 810, 
193, 812, 812, 812, 812, 
194, 812, 812, 813, 813, 
195, 812, 812, 813, 814, 
196, 814, 814, 814, 814, 
197, 814, 815, 815, 815, 
198, 814, 814, 816, 816, 
199, 815, 815, 815, 814, 
200, 815, 817, 815, 817, 
201, 817, 817, 817, 817, 
202, 818, 818, 816, 817, 
203, 819, 819, 818, 818, 
204, 820, 820, 818, 818, 
205, 821, 821, 821, 821, 
206, 822, 822, 822, 822, 
207, 822, 822, 822, 821, 
208, 823, 823, 823, 822, 
209, 824, 824, 824, 824, 
210, 824, 824, 826, 826, 
211, 824, 824, 824, 825, 
212, 825, 825, 825, 826, 
213, 827, 827, 827, 827, 
214, 828, 828, 828, 827, 
215, 829, 829, 829, 828, 
216, 831, 831, 831, 829, 
217, 830, 831, 831, 831, 
218, 830, 831, 833, 832, 
219, 832, 832, 833, 832, 
220, 833, 833, 834, 834, 
221, 833, 833, 833, 835, 
222, 837, 837, 837, 837, 
223, 838, 839, 839, 836, 
224, 838, 838, 838, 838, 
225, 838, 837, 838, 839, 
226, 839, 839, 839, 838, 
227, 839, 841, 841, 841, 
228, 841, 841, 841, 842, 
229, 841, 841, 841, 842, 
230, 843, 843, 842, 842, 
231, 843, 842, 843, 843, 
232, 844, 843, 843, 844, 
233, 844, 844, 844, 844, 
234, 844, 844, 844, 844, 
235, 845, 845, 845, 845, 
236, 846, 845, 846, 845, 
237, 846, 846, 847, 847, 
238, 846, 846, 846, 847, 
239, 848, 848, 847, 847, 
240, 848, 849, 848, 848, 
241, 849, 849, 848, 848, 
242, 851, 851, 851, 851, 
243, 852, 852, 852, 852, 
244, 852, 852, 852, 852, 
245, 853, 853, 853, 853, 
246, 855, 853, 855, 854, 
247, 855, 854, 854, 854, 
248, 855, 855, 855, 855, 
249, 856, 856, 854, 855, 
250, 857, 857, 856, 856, 
251, 857, 857, 856, 857, 
252, 857, 857, 858, 858, 
253, 858, 857, 857, 858, 
254, 859, 859, 859, 859, 
255, 860, 859, 860, 860, 
256, 862, 862, 861, 861, 
257, 861, 862, 862, 862, 
258, 861, 861, 861, 863, 
259, 862, 862, 862, 861, 
260, 862, 863, 863, 863, 
261, 863, 863, 864, 863, 
262, 864, 864, 864, 864, 
263, 865, 864, 864, 864, 
264, 865, 865, 864, 864, 
265, 866, 866, 866, 866, 
266, 867, 867, 866, 866, 
267, 869, 869, 867, 867, 
268, 871, 869, 869, 869, 
269, 871, 871, 870, 870, 
270, 870, 870, 870, 870, 
271, 870, 870, 870, 870, 
272, 871, 871, 871, 871, 
273, 871, 872, 872, 872, 
274, 871, 872, 872, 872, 
275, 872, 872, 873, 873, 
276, 873, 873, 873, 873, 
277, 875, 875, 875, 875, 
278, 874, 874, 874, 875, 
279, 876, 875, 875, 875, 
280, 876, 876, 875, 876, 
281, 877, 877, 877, 877, 
282, 877, 877, 877, 876, 
283, 880, 880, 878, 878, 
284, 880, 880, 880, 880, 
285, 881, 881, 882, 882, 
286, 883, 883, 884, 883, 
287, 882, 882, 882, 883, 
288, 884, 884, 884, 882, 
289, 883, 884, 884, 884, 
290, 884, 884, 884, 884, 
291, 884, 884, 885, 885, 
292, 885, 885, 886, 886, 
293, 887, 887, 887, 886, 
294, 887, 886, 886, 886, 
295, 886, 886, 888, 887, 
296, 887, 887, 887, 888, 
297, 888, 887, 888, 888, 
298, 889, 888, 888, 888, 
299, 889, 889, 889, 889, 
300, 889, 889, 889, 889, 
301, 890, 890, 890, 891, 
302, 891, 890, 890, 890, 
303, 891, 891, 891, 891, 
304, 892, 892, 892, 891, 
305, 892, 892, 892, 892, 
306, 893, 892, 892, 892, 
307, 893, 893, 893, 893, 
308, 894, 895, 893, 894, 
309, 895, 895, 895, 895, 
310, 895, 895, 896, 896, 
311, 896, 896, 896, 896, 
312, 897, 896, 896, 896, 
313, 897, 897, 897, 897, 
314, 898, 897, 898, 898, 
315, 898, 898, 898, 897, 
316, 899, 898, 899, 899, 
317, 899, 898, 898, 900, 
318, 900, 899, 898, 898, 
319, 900, 900, 899, 900, 
320, 900, 900, 899, 900, 
321, 900, 900, 900, 901, 
322, 901, 901, 901, 900, 
323, 901, 901, 901, 901, 
324, 902, 902, 902, 902, 
325, 903, 903, 903, 903, 
326, 905, 905, 905, 904, 
327, 907, 905, 905, 907, 
328, 906, 906, 906, 906, 
329, 908, 907, 907, 906, 
330, 908, 908, 908, 908, 
331, 909, 908, 909, 910, 
332, 909, 909, 909, 909, 
333, 910, 909, 909, 909, 
334, 910, 910, 910, 910, 
335, 911, 911, 910, 911, 
336, 911, 912, 911, 911, 
337, 911, 911, 911, 911, 
338, 913, 913, 913, 912, 
339, 914, 913, 913, 913, 
340, 913, 913, 913, 913, 
341, 915, 913, 913, 913, 
342, 916, 916, 914, 914, 
343, 916, 916, 916, 916, 
344, 916, 916, 916, 916, 
345, 917, 916, 916, 916, 
346, 916, 916, 917, 917, 
347, 919, 917, 916, 918, 
348, 918, 918, 920, 920, 
349, 918, 918, 918, 920, 
350, 920, 922, 919, 919, 
351, 920, 920, 921, 921, 
352, 921, 920, 921, 921, 
353, 921, 921, 921, 920, 
354, 922, 922, 922, 922, 
355, 922, 922, 921, 921, 
356, 922, 922, 921, 921, 
357, 923, 922, 922, 922, 
358, 925, 923, 923, 925, 
359, 924, 924, 924, 924, 
360, 926, 925, 924, 924, 
361, 926, 926, 926, 925, 
362, 926, 926, 926, 927, 
363, 927, 927, 926, 927, 
364, 927, 927, 927, 927, 
365, 928, 927, 928, 928, 
366, 928, 928, 928, 927, 
367, 928, 928, 929, 928, 
368, 928, 927, 928, 929, 
369, 930, 930, 930, 930, 
370, 929, 930, 931, 929, 
371, 929, 929, 930, 930, 
372, 929, 929, 929, 929, 
373, 930, 929, 931, 931, 
374, 930, 930, 929, 929, 
375, 930, 931, 931, 931, 
376, 931, 930, 930, 931, 
377, 932, 931, 931, 931, 
378, 933, 933, 933, 931, 
379, 935, 934, 934, 934, 
380, 936, 936, 936, 936, 
381, 936, 936, 936, 936, 
382, 938, 938, 938, 936, 
383, 938, 938, 937, 937, 
384, 937, 938, 938, 937, 
385, 938, 938, 938, 938, 
386, 938, 938, 937, 937, 
387, 938, 937, 938, 938, 
388, 938, 938, 938, 939, 
389, 940, 938, 938, 940, 
390, 939, 939, 939, 940, 
391, 940, 939, 939, 939, 
392, 940, 940, 940, 940, 
393, 940, 940, 940, 940, 
394, 940, 940, 941, 941, 
395, 941, 941, 941, 941, 
396, 942, 942, 941, 941, 
397, 944, 944, 944, 944, 
398, 944, 944, 944, 944, 
399, 945, 946, 946, 946, 
400, 946, 943, 944, 945, 
401, 944, 944, 944, 945, 
402, 944, 944, 944, 944, 
403, 945, 945, 945, 946, 
404, 945, 943, 943, 945, 
405, 945, 945, 945, 945, 
406, 947, 946, 945, 945, 
407, 947, 947, 947, 947, 
408, 947, 947, 947, 947, 
409, 948, 948, 948, 948, 
410, 948, 947, 948, 948, 
411, 949, 949, 949, 948, 
412, 950, 950, 950, 950, 
413, 950, 950, 950, 949, 
414, 950, 951, 951, 951, 
415, 950, 950, 950, 951, 
416, 950, 950, 950, 951, 
417, 950, 950, 950, 950, 
418, 951, 950, 950, 950, 
419, 951, 951, 951, 950, 
420, 952, 952, 952, 952, 
421, 954, 954, 954, 953, 
422, 955, 953, 954, 954, 
423, 955, 955, 955, 954, 
424, 955, 955, 955, 955, 
425, 955, 955, 955, 955, 
426, 957, 957, 957, 955, 
427, 956, 956, 956, 956, 
428, 957, 957, 956, 956, 
429, 959, 957, 959, 959, 
430, 959, 959, 958, 958, 
431, 959, 959, 959, 959, 
432, 960, 959, 959, 959, 
433, 960, 960, 960, 960, 
434, 961, 960, 960, 960, 
435, 961, 960, 960, 960, 
436, 961, 961, 961, 961, 
437, 962, 962, 962, 962, 
438, 962, 962, 962, 962, 
439, 962, 962, 962, 962, 
440, 963, 962, 963, 963, 
441, 964, 964, 964, 963, 
442, 964, 965, 965, 965, 
443, 964, 964, 964, 964, 
444, 965, 965, 965, 965, 
445, 965, 965, 965, 965, 
446, 966, 965, 965, 965, 
447, 968, 968, 965, 965, 
448, 968, 968, 968, 968, 
449, 968, 968, 968, 968, 
450, 969, 968, 968, 968, 
451, 968, 968, 969, 969, 
452, 969, 968, 968, 968, 
453, 969, 969, 969, 968, 
454, 970, 969, 969, 969, 
455, 970, 969, 969, 969, 
456, 970, 970, 970, 969, 
457, 970, 970, 970, 970, 
458, 970, 970, 970, 970, 
459, 970, 970, 970, 971, 
460, 971, 970, 970, 970, 
461, 970, 971, 971, 971, 
462, 970, 970, 970, 971, 
463, 971, 971, 971, 970, 
464, 970, 970, 970, 971, 
465, 971, 971, 971, 971, 
466, 971, 971, 971, 971, 
467, 971, 971, 971, 971, 
468, 971, 971, 971, 971, 
469, 972, 972, 972, 972, 
470, 972, 972, 972, 972, 
471, 972, 971, 971, 971, 
472, 973, 971, 971, 971, 
473, 973, 972, 972, 973, 
474, 973, 972, 972, 973, 
475, 973, 973, 973, 973, 
476, 973, 973, 973, 973, 
477, 974, 974, 974, 973, 
478, 973, 973, 974, 973, 
479, 973, 974, 974, 973, 
480, 974, 974, 974, 973, 
481, 975, 975, 975, 975, 
482, 976, 976, 976, 976, 
483, 976, 975, 976, 976, 
484, 976, 976, 975, 976, 
485, 976, 975, 976, 975, 
486, 976, 975, 975, 975, 
487, 976, 977, 976, 975, 
488, 975, 975, 975, 975, 
489, 976, 976, 976, 975, 
490, 976, 976, 976, 976, 
491, 977, 977, 977, 977, 
492, 977, 977, 977, 977, 
493, 977, 977, 977, 977, 
494, 978, 978, 978, 978, 
495, 979, 979, 979, 979, 
496, 978, 979, 979, 979, 
497, 979, 979, 978, 978, 
498, 980, 980, 980, 978, 
499, 979, 980, 979, 979, 
500, 979, 980, 980, 980, 
501, 981, 980, 980, 981, 
502, 981, 981, 981, 980, 
503, 980, 981, 980, 980, 
504, 980, 980, 980, 980, 
505, 980, 980, 980, 980, 
506, 981, 980, 980, 980, 
507, 981, 981, 981, 981, 
508, 982, 981, 981, 981, 
509, 981, 981, 981, 981, 
510, 982, 982, 981, 982, 
511, 982, 982, 982, 981, 
512, 982, 983, 983, 983, 
513, 984, 982, 982, 982, 
514, 983, 982, 982, 981, 
515, 984, 982, 983, 982, 
516, 983, 983, 983, 983, 
517, 983, 983, 983, 983, 
518, 984, 984, 983, 984, 
519, 984, 984, 984, 983, 
520, 985, 985, 985, 984, 
521, 985, 985, 985, 985, 
522, 985, 985, 986, 986, 
523, 986, 986, 986, 986, 
524, 986, 986, 985, 985, 
525, 986, 986, 985, 986, 
526, 987, 987, 987, 986, 
527, 987, 987, 988, 986, 
528, 988, 987, 988, 988, 
529, 988, 988, 988, 988, 
530, 988, 989, 989, 989, 
531, 989, 989, 989, 989, 
532, 989, 988, 989, 988, 
533, 989, 989, 988, 989, 
534, 989, 989, 989, 989, 
535, 989, 989, 989, 989, 
536, 989, 989, 989, 990, 
537, 989, 989, 989, 989, 
538, 989, 989, 989, 989, 
539, 990, 990, 990, 989, 
540, 990, 990, 990, 990, 
541, 990, 990, 989, 991, 
542, 990, 990, 990, 991, 
543, 990, 990, 990, 990, 
544, 991, 991, 991, 991, 
545, 991, 991, 991, 991, 
546, 991, 991, 991, 991, 
547, 991, 991, 991, 991, 
548, 991, 990, 991, 991, 
549, 991, 989, 990, 991, 
550, 991, 991, 990, 991, 
551, 991, 991, 991, 991, 
552, 991, 991, 991, 991, 
553, 992, 992, 992, 991, 
554, 992, 992, 992, 992, 
555, 993, 992, 992, 992, 
556, 992, 992, 991, 992, 
557, 992, 992, 991, 992, 
558, 992, 992, 993, 993, 
559, 992, 992, 993, 993, 
560, 992, 992, 992, 993, 
561, 993, 993, 993, 993, 
562, 994, 993, 993, 993, 
563, 995, 994, 993, 993, 
564, 995, 995, 995, 994, 
565, 996, 995, 995, 995, 
566, 995, 995, 995, 996, 
567, 995, 995, 995, 995, 
568, 996, 995, 994, 995, 
569, 997, 996, 996, 995, 
570, 997, 997, 997, 997, 
571, 997, 996, 996, 997, 
572, 996, 996, 996, 996, 
573, 996, 996, 995, 995, 
574, 997, 997, 997, 995, 
575, 997, 996, 996, 996, 
576, 996, 997, 997, 997, 
577, 997, 997, 997, 998, 
578, 997, 996, 996, 997, 
579, 997, 996, 997, 997, 
580, 998, 997, 997, 997, 
581, 998, 998, 998, 998, 
582, 998, 998, 998, 998, 
583, 999, 999, 999, 999, 
584, 999, 999, 999, 999, 
585, 999, 999, 999, 999, 
586, 999, 999, 999, 999, 
587, 999, 999, 999, 999, 
588, 1000, 999, 1000, 1000, 
589, 999, 999, 999, 999, 
590, 1000, 1000, 999, 999, 
591, 1001, 1000, 1000, 999, 
592, 1001, 1001, 1001, 1000, 
593, 1000, 1001, 1000, 1000, 
594, 1000, 1000, 1000, 1001, 
595, 1000, 1000, 1000, 1001, 
596, 1000, 1000, 1000, 1000, 
597, 1001, 1000, 1000, 1000, 
598, 1001, 1000, 1000, 1000, 
599, 1001, 1001, 1001, 1001, 
600, 1001, 1001, 1001, 1001, 
601, 1001, 1001, 1001, 1000, 
602, 1001, 1001, 1000, 1000, 
603, 1001, 1001, 1001, 1002, 
604, 1001, 1001, 1001, 1001, 
605, 1002, 1002, 1001, 1001, 
606, 1002, 1002, 1002, 1001, 
607, 1002, 1002, 1002, 1001, 
608, 1001, 1001, 1002, 1002, 
609, 1002, 1002, 1002, 1001, 
610, 1002, 1002, 1002, 1002, 
611, 1002, 1002, 1002, 1002, 
612, 1002, 1002, 1002, 1002, 
613, 1003, 1003, 1003, 1003, 
614, 1003, 1003, 1004, 1004, 
615, 1003, 1003, 1002, 1002, 
616, 1003, 1003, 1003, 1002, 
617, 1004, 1004, 1004, 1005, 
618, 1004, 1003, 1003, 1005, 
619, 1004, 1004, 1004, 1003, 
620, 1004, 1003, 1003, 1004, 
621, 1004, 1005, 1005, 1005, 
622, 1005, 1004, 1004, 1004, 
623, 1005, 1005, 1005, 1005, 
624, 1006, 1005, 1005, 1005, 
625, 1006, 1006, 1006, 1006, 
626, 1006, 1006, 1006, 1005, 
627, 1006, 1006, 1006, 1006, 
628, 1006, 1006, 1006, 1006, 
629, 1007, 1007, 1007, 1007, 
630, 1007, 1007, 1008, 1007, 
631, 1008, 1007, 1007, 1008, 
632, 1008, 1008, 1008, 1008, 
633, 1008, 1008, 1007, 1007, 
634, 1008, 1007, 1008, 1008, 
635, 1008, 1007, 1007, 1008, 
636, 1008, 1008, 1008, 1007, 
637, 1007, 1007, 1008, 1008, 
638, 1008, 1007, 1007, 1007, 
639, 1008, 1008, 1008, 1008, 
640, 1007, 1007, 1008, 1008, 
641, 1007, 1008, 1007, 1008, 
642, 1007, 1007, 1007, 1007, 
643, 1008, 1007, 1007, 1007, 
644, 1008, 1008, 1007, 1007, 
645, 1009, 1009, 1009, 1007, 
646, 1008, 1009, 1008, 1008, 
647, 1009, 1009, 1009, 1009, 
648, 1009, 1009, 1009, 1009, 
649, 1009, 1009, 1009, 1008, 
650, 1008, 1008, 1010, 1010, 
651, 1009, 1008, 1009, 1009, 
652, 1009, 1009, 1009, 1009, 
653, 1009, 1009, 1009, 1009, 
654, 1010, 1010, 1009, 1009, 
655, 1010, 1009, 1009, 1009, 
656, 1010, 1010, 1010, 1009, 
657, 1009, 1009, 1009, 1009, 
658, 1009, 1009, 1009, 1009, 
659, 1009, 1009, 1009, 1009, 
660, 1009, 1009, 1009, 1009, 
661, 1011, 1011, 1011, 1011, 
662, 1010, 1011, 1010, 1010, 
663, 1010, 1010, 1010, 1010, 
664, 1011, 1011, 1009, 1010, 
665, 1010, 1010, 1010, 1010, 
666, 1011, 1011, 1011, 1011, 
667, 1011, 1011, 1011, 1011, 
668, 1011, 1011, 1011, 1011, 
669, 1011, 1011, 1011, 1011, 
670, 1011, 1011, 1011, 1011, 
671, 1011, 1011, 1011, 1011, 
672, 1011, 1011, 1011, 1012, 
673, 1011, 1011, 1011, 1011, 
674, 1011, 1011, 1011, 1011, 
675, 1012, 1012, 1012, 1011, 
676, 1012, 1012, 1012, 1012, 
677, 1012, 1012, 1012, 1012, 
678, 1012, 1012, 1012, 1012, 
679, 1012, 1011, 1012, 1012, 
680, 1012, 1012, 1012, 1012, 
681, 1012, 1012, 1012, 1012, 
682, 1012, 1012, 1012, 1012, 
683, 1012, 1012, 1012, 1012, 
684, 1012, 1012, 1012, 1012, 
685, 1012, 1013, 1013, 1013, 
686, 1012, 1012, 1013, 1013, 
687, 1013, 1013, 1013, 1013, 
688, 1012, 1012, 1012, 1012, 
689, 1013, 1013, 1013, 1012, 
690, 1013, 1013, 1013, 1012, 
691, 1013, 1013, 1012, 1012, 
692, 1013, 1013, 1013, 1013, 
693, 1013, 1013, 1013, 1013, 
694, 1014, 1014, 1014, 1014, 
695, 1014, 1014, 1014, 1014, 
696, 1014, 1014, 1014, 1014, 
697, 1014, 1014, 1014, 1014, 
698, 1014, 1014, 1014, 1014, 
699, 1014, 1013, 1013, 1014, 
700, 1014, 1014, 1014, 1014, 
701, 1013, 1014, 1014, 1014, 
702, 1014, 1014, 1014, 1014, 
703, 1014, 1015, 1014, 1013, 
704, 1016, 1016, 1015, 1015, 
705, 1016, 1016, 1016, 1016, 
706, 1015, 1014, 1016, 1016, 
707, 1015, 1016, 1016, 1016, 
708, 1015, 1015, 1015, 1016, 
709, 1016, 1016, 1016, 1016, 
710, 1016, 1017, 1017, 1016, 
711, 1016, 1016, 1016, 1016, 
712, 1016, 1015, 1016, 1016, 
713, 1016, 1016, 1016, 1016, 
714, 1016, 1016, 1016, 1016, 
715, 1016, 1016, 1016, 1016, 
716, 1016, 1016, 1016, 1016, 
717, 1016, 1016, 1016, 1016, 
718, 1016, 1016, 1016, 1016, 
719, 1016, 1015, 1016, 1016, 
720, 1016, 1016, 1016, 1016, 
721, 1016, 1016, 1016, 1016, 
722, 1017, 1017, 1017, 1017, 
723, 1017, 1017, 1017, 1017, 
724, 1018, 1018, 1018, 1018, 
725, 1017, 1017, 1017, 1017, 
726, 1017, 1017, 1017, 1017, 
727, 1018, 1018, 1017, 1017, 
728, 1018, 1018, 1018, 1018, 
729, 1018, 1017, 1017, 1018, 
730, 1017, 1017, 1017, 1017, 
731, 1018, 1018, 1018, 1018, 
732, 1017, 1016, 1018, 1018, 
733, 1017, 1017, 1017, 1016, 
734, 1017, 1017, 1017, 1017, 
735, 1018, 1018, 1016, 1017, 
736, 1017, 1018, 1016, 1017, 
737, 1017, 1016, 1018, 1018, 
738, 1018, 1017, 1018, 1017, 
739, 1017, 1017, 1017, 1016, 
740, 1018, 1018, 1018, 1018, 
741, 1018, 1018, 1016, 1017, 
742, 1018, 1018, 1018, 1018, 
743, 1018, 1018, 1018, 1018, 
744, 1018, 1018, 1018, 1018, 
745, 1018, 1019, 1019, 1018, 
746, 1018, 1019, 1018, 1018, 
747, 1018, 1018, 1018, 1019, 
748, 1018, 1018, 1018, 1018, 
749, 1018, 1018, 1018, 1018, 
750, 1018, 1018, 1018, 1020, 
751, 1018, 1018, 1018, 1018, 
752, 1019, 1019, 1019, 1018, 
753, 1018, 1018, 1018, 1019, 
754, 1018, 1018, 1018, 1018, 
755, 1018, 1018, 1018, 1018, 
756, 1017, 1017, 1018, 1018, 
757, 1018, 1018, 1018, 1018, 
758, 1018, 1017, 1017, 1017, 
759, 1017, 1017, 1017, 1017, 
760, 1018, 1017, 1018, 1018, 
761, 1018, 1018, 1018, 1017, 
762, 1018, 1018, 1018, 1018, 
763, 1019, 1019, 1018, 1018, 
764, 1019, 1018, 1018, 1018, 
765, 1019, 1018, 1019, 1019, 
766, 1019, 1019, 1019, 1019, 
767, 1019, 1019, 1019, 1019, 
768, 1019, 1019, 1019, 1019, 
769, 1019, 1019, 1019, 1019, 
770, 1019, 1019, 1019, 1019, 
771, 1019, 1019, 1019, 1019, 
772, 1020, 1020, 1020, 1020, 
773, 1020, 1020, 1020, 1020, 
774, 1020, 1020, 1020, 1020, 
775, 1020, 1020, 1020, 1020, 
776, 1020, 1020, 1020, 1020, 
777, 1020, 1020, 1020, 1020, 
778, 1020, 1020, 1020, 1020, 
779, 1020, 1020, 1020, 1020, 
780, 1020, 1020, 1020, 1020, 
781, 1020, 1020, 1020, 1020, 
782, 1020, 1020, 1020, 1020, 
783, 1020, 1019, 1020, 1019, 
784, 1020, 1020, 1020, 1020, 
785, 1020, 1020, 1019, 1019, 
786, 1020, 1020, 1020, 1020, 
787, 1020, 1020, 1020, 1020, 
788, 1020, 1020, 1020, 1020, 
789, 1020, 1020, 1020, 1020, 
790, 1020, 1020, 1020, 1020, 
791, 1020, 1020, 1020, 1020, 
792, 1020, 1020, 1020, 1020, 
793, 1020, 1020, 1019, 1020, 
794, 1020, 1020, 1020, 1020, 
795, 1020, 1020, 1020, 1020, 
796, 1020, 1020, 1020, 1020, 
797, 1020, 1020, 1020, 1020, 
798, 1020, 1020, 1020, 1020, 
799, 1020, 1020, 1020, 1020, 
800, 1020, 1020, 1020, 1020, 
801, 1020, 1020, 1020, 1020, 
802, 1020, 1020, 1020, 1021, 
803, 1020, 1020, 1020, 1021, 
804, 1020, 1020, 1019, 1021, 
805, 1020, 1020, 1020, 1021, 
806, 1020, 1020, 1020, 1020, 
807, 1020, 1019, 1020, 1020, 
808, 1020, 1020, 1020, 1020, 
809, 1020, 1020, 1020, 1020, 
810, 1020, 1020, 1020, 1020, 
811, 1020, 1020, 1020, 1020, 
812, 1020, 1020, 1020, 1020, 
813, 1020, 1020, 1020, 1020, 
814, 1020, 1020, 1020, 1020, 
815, 1020, 1020, 1019, 1019, 
816, 1020, 1020, 1020, 1020, 
817, 1020, 1020, 1019, 1020, 
818, 1020, 1020, 1020, 1021, 
819, 1020, 1020, 1020, 1020, 
820, 1020, 1020, 1020, 1020, 
821, 1020, 1020, 1020, 1020, 
822, 1020, 1020, 1020, 1021, 
823, 1020, 1019, 1019, 1021, 
824, 1020, 1020, 1019, 1019, 
825, 1020, 1020, 1020, 1020, 
826, 1020, 1020, 1020, 1020, 
827, 1020, 1020, 1020, 1020, 
828, 1019, 1019, 1020, 1019, 
829, 1020, 1019, 1019, 1019, 
830, 1020, 1020, 1020, 1020, 
831, 1019, 1019, 1019, 1019, 
832, 1020, 1020, 1019, 1019, 
833, 1019, 1019, 1019, 1019, 
834, 1019, 1019, 1019, 1019, 
835, 1019, 1019, 1019, 1019, 
836, 1019, 1019, 1020, 1019, 
837, 1020, 1019, 1019, 1019, 
838, 1020, 1020, 1019, 1020, 
839, 1021, 1021, 1020, 1020, 
840, 1020, 1020, 1021, 1021, 
841, 1021, 1020, 1020, 1020, 
842, 1021, 1021, 1020, 1020, 
843, 1021, 1021, 1021, 1021, 
844, 1021, 1021, 1021, 1021, 
845, 1021, 1021, 1021, 1021, 
846, 1021, 1021, 1021, 1021, 
847, 1021, 1021, 1021, 1021, 
848, 1021, 1021, 1021, 1021, 
849, 1021, 1021, 1021, 1021, 
850, 1020, 1021, 1021, 1021, 
851, 1021, 1021, 1021, 1021, 
852, 1021, 1020, 1021, 1021, 
853, 1021, 1021, 1021, 1020, 
854, 1021, 1020, 1021, 1021, 
855, 1021, 1020, 1020, 1020, 
856, 1021, 1020, 1020, 1020, 
857, 1021, 1021, 1020, 1020, 
858, 1021, 1021, 1021, 1021, 
859, 1020, 1020, 1020, 1020, 
860, 1020, 1021, 1021, 1020, 
861, 1021, 1020, 1021, 1021, 
862, 1020, 1020, 1020, 1021, 
863, 1021, 1021, 1021, 1020, 
864, 1021, 1021, 1020, 1020, 
865, 1021, 1021, 1021, 1021, 
866, 1021, 1021, 1021, 1021, 
867, 1021, 1021, 1021, 1021, 
868, 1021, 1021, 1021, 1021, 
869, 1021, 1021, 1021, 1021, 
870, 1021, 1021, 1021, 1021, 
871, 1021, 1021, 1021, 1021, 
872, 1021, 1021, 1021, 1021, 
873, 1021, 1021, 1021, 1021, 
874, 1021, 1021, 1021, 1021, 
875, 1021, 1021, 1020, 1020, 
876, 1022, 1021, 1021, 1021, 
877, 1022, 1021, 1021, 1021, 
878, 1021, 1021, 1021, 1021, 
879, 1021, 1021, 1021, 1021, 
880, 1021, 1021, 1021, 1021, 
881, 1021, 1021, 1021, 1021, 
882, 1021, 1021, 1021, 1021, 
883, 1021, 1021, 1021, 1021, 
884, 1022, 1021, 1021, 1021, 
885, 1021, 1021, 1021, 1021, 
886, 1021, 1021, 1021, 1021, 
887, 1021, 1021, 1021, 1021, 
888, 1021, 1021, 1021, 1021, 
889, 1021, 1021, 1021, 1021, 
890, 1021, 1021, 1021, 1021, 
891, 1021, 1021, 1021, 1021, 
892, 1021, 1021, 1021, 1021, 
893, 1021, 1021, 1021, 1021, 
894, 1021, 1021, 1021, 1021, 
895, 1021, 1021, 1021, 1021, 
896, 1021, 1021, 1021, 1021, 
897, 1021, 1021, 1021, 1021, 
898, 1021, 1021, 1021, 1021, 
899, 1021, 1021, 1021, 1021, 
900, 1021, 1021, 1021, 1021, 
901, 1021, 1021, 1021, 1021, 
902, 1021, 1021, 1021, 1021, 
903, 1022, 1022, 1021, 1021, 
904, 1021, 1021, 1021, 1021, 
905, 1021, 1021, 1022, 1021, 
906, 1021, 1021, 1021, 1022, 
907, 1021, 1021, 1020, 1022, 
908, 1022, 1022, 1021, 1021, 
909, 1022, 1022, 1022, 1021, 
910, 1022, 1022, 1022, 1022, 
911, 1022, 1022, 1022, 1022, 
912, 1022, 1022, 1022, 1022, 
913, 1022, 1022, 1022, 1022, 
914, 1022, 1022, 1022, 1021, 
915, 1022, 1022, 1022, 1021, 
916, 1022, 1022, 1022, 1022, 
917, 1022, 1022, 1022, 1021, 
918, 1022, 1022, 1022, 1022, 
919, 1022, 1022, 1022, 1022, 
920, 1022, 1022, 1022, 1022, 
921, 1022, 1022, 1022, 1022, 
922, 1022, 1022, 1022, 1022, 
923, 1022, 1022, 1022, 1022, 
924, 1022, 1022, 1022, 1021, 
925, 1022, 1022, 1022, 1022, 
926, 1022, 1022, 1022, 1022, 
927, 1022, 1022, 1022, 1022, 
928, 1022, 1021, 1022, 1022, 
929, 1022, 1022, 1022, 1022, 
930, 1022, 1022, 1022, 1022, 
931, 1022, 1022, 1022, 1022, 
932, 1022, 1022, 1022, 1022, 
933, 1022, 1022, 1022, 1022, 
934, 1022, 1022, 1022, 1022, 
935, 1022, 1022, 1022, 1022, 
936, 1022, 1022, 1022, 1022, 
937, 1022, 1022, 1022, 1022, 
938, 1022, 1022, 1022, 1022, 
939, 1022, 1022, 1022, 1022, 
940, 1022, 1022, 1022, 1022, 
941, 1022, 1022, 1022, 1022, 
942, 1022, 1022, 1022, 1022, 
943, 1022, 1022, 1022, 1022, 
944, 1022, 1022, 1022, 1022, 
945, 1022, 1022, 1022, 1022, 
946, 1022, 1022, 1022, 1022, 
947, 1022, 1022, 1022, 1022, 
948, 1022, 1022, 1022, 1022, 
949, 1022, 1022, 1022, 1022, 
950, 1022, 1022, 1022, 1022, 
951, 1022, 1022, 1022, 1022, 
952, 1022, 1022, 1022, 1022, 
953, 1022, 1022, 1022, 1022, 
954, 1022, 1022, 1022, 1022, 
955, 1022, 1022, 1022, 1022, 
956, 1022, 1022, 1022, 1022, 
957, 1022, 1022, 1022, 1022, 
958, 1022, 1022, 1022, 1022, 
959, 1022, 1022, 1022, 1022, 
960, 1022, 1022, 1022, 1022, 
961, 1022, 1022, 1022, 1022, 
962, 1021, 1021, 1022, 1022, 
963, 1022, 1021, 1021, 1022, 
964, 1022, 1022, 1021, 1022, 
965, 1022, 1022, 1022, 1021, 
966, 1022, 1022, 1022, 1021, 
967, 1022, 1022, 1022, 1022, 
968, 1022, 1022, 1022, 1022, 
969, 1022, 1022, 1021, 1022, 
970, 1022, 1022, 1022, 1022, 
971, 1022, 1022, 1022, 1022, 
972, 1022, 1022, 1022, 1022, 
973, 1022, 1022, 1022, 1022, 
974, 1022, 1022, 1022, 1022, 
975, 1022, 1022, 1022, 1022, 
976, 1022, 1022, 1022, 1022, 
977, 1022, 1022, 1022, 1022, 
978, 1022, 1022, 1022, 1022, 
979, 1021, 1021, 1021, 1022, 
980, 1022, 1022, 1022, 1022, 
981, 1022, 1021, 1022, 1022, 
982, 1022, 1021, 1021, 1021, 
983, 1021, 1021, 1021, 1021, 
984, 1022, 1021, 1021, 1021, 
985, 1021, 1021, 1022, 1021, 
986, 1021, 1021, 1021, 1021, 
987, 1022, 1022, 1022, 1022, 
988, 1022, 1022, 1022, 1022, 
989, 1021, 1021, 1021, 1022, 
990, 1022, 1022, 1021, 1021, 
991, 1022, 1021, 1021, 1021, 
992, 1021, 1021, 1021, 1021, 
993, 1023, 1023, 1023, 1021, 
994, 1022, 1022, 1022, 1022, 
995, 1022, 1022, 1022, 1022, 
996, 1022, 1022, 1022, 1022, 
997, 1022, 1022, 1023, 1023, 
998, 1023, 1023, 1022, 1022, 
999, 1022, 1022, 1022, 1022, 
1000, 1022, 1022, 1022, 1022, 
1001, 1022, 1022, 1022, 1021, 
1002, 1022, 1022, 1022, 1022, 
1003, 1023, 1022, 1023, 1023, 
1004, 1022, 1022, 1022, 1022, 
1005, 1022, 1021, 1021, 1023, 
1006, 1022, 1022, 1022, 1022, 
1007, 1022, 1022, 1022, 1022, 
1008, 1022, 1022, 1022, 1022, 
1009, 1022, 1022, 1022, 1022, 
1010, 1022, 1022, 1022, 1022, 
1011, 1022, 1022, 1022, 1022, 
1012, 1022, 1022, 1022, 1023, 
1013, 1022, 1022, 1022, 1022, 
1014, 1022, 1022, 1022, 1022, 
1015, 1022, 1022, 1022, 1022, 
1016, 1022, 1022, 1022, 1022, 
1017, 1022, 1022, 1022, 1022, 
1018, 1023, 1023, 1022, 1022, 
1019, 1023, 1023, 1023, 1023, 
1020, 1023, 1023, 1023, 1023, 
1021, 1022, 1023, 1023, 1023, 
1022, 1022, 1022, 1023, 1023, 
1023, 1022, 1022, 1023, 1023, 
1024, 1023, 1023, 1022, 1022, 
1025, 1022, 1022, 1022, 1022, 
1026, 1022, 1022, 1022, 1023, 
1027, 1022, 1022, 1022, 1022, 
1028, 1022, 1023, 1022, 1022, 
1029, 1023, 1023, 1023, 1023, 
1030, 1023, 1023, 1023, 1023, 
1031, 1023, 1022, 1023, 1023, 
1032, 1023, 1022, 1023, 1022, 
1033, 1023, 1022, 1022, 1023, 
1034, 1023, 1023, 1023, 1023, 
1035, 1022, 1022, 1022, 1022, 
1036, 1023, 1023, 1022, 1022, 
1037, 1023, 1023, 1022, 1022, 
1038, 1023, 1023, 1023, 1023, 
1039, 1023, 1023, 1023, 1023, 
1040, 1023, 1023, 1023, 1023, 
1041, 1023, 1023, 1023, 1023, 
1042, 1023, 1023, 1023, 1023, 
1043, 1023, 1023, 1023, 1023, 
1044, 1023, 1023, 1023, 1023, 
1045, 1022, 1023, 1022, 1023, 
1046, 1023, 1023, 1023, 1022, 
1047, 1023, 1023, 1023, 1023, 
1048, 1023, 1023, 1023, 1023, 
1049, 1023, 1023, 1022, 1023, 
1050, 1023, 1023, 1023, 1023, 
1051, 1023, 1023, 1023, 1023, 
1052, 1023, 1023, 1023, 1023, 
1053, 1023, 1023, 1022, 1023, 
1054, 1023, 1023, 1023, 1023, 
1055, 1023, 1023, 1023, 1023, 
1056, 1023, 1022, 1023, 1022, 
1057, 1023, 1023, 1023, 1023, 
1058, 1023, 1023, 1023, 1023, 
1059, 1023, 1022, 1023, 1023, 
1060, 1023, 1023, 1023, 1023, 
1061, 1023, 1023, 1023, 1023, 
1062, 1023, 1022, 1023, 1023, 
1063, 1023, 1023, 1023, 1023, 
1064, 1023, 1023, 1023, 1023, 
1065, 1023, 1023, 1023, 1023, 
1066, 1023, 1023, 1023, 1023, 
1067, 1023, 1023, 1023, 1023, 
1068, 1023, 1023, 1023, 1023, 
1069, 1023, 1023, 1023, 1023, 
1070, 1023, 1023, 1023, 1023, 
1071, 1023, 1023, 1023, 1023, 
1072, 1023, 1023, 1023, 1023, 
1073, 1023, 1023, 1023, 1023, 
1074, 1023, 1023, 1023, 1023, 
1075, 1023, 1023, 1023, 1023, 
1076, 1023, 1023, 1023, 1023, 
1077, 1023, 1023, 1023, 1023, 
1078, 1023, 1023, 1023, 1023, 
1079, 1023, 1023, 1023, 1023, 
1080, 1023, 1023, 1023, 1023, 
1081, 1023, 1023, 1023, 1023, 
1082, 1023, 1023, 1023, 1023, 
1083, 1023, 1023, 1023, 1023, 
1084, 1023, 1023, 1023, 1023, 
1085, 1023, 1023, 1023, 1023, 
1086, 1023, 1023, 1023, 1022, 
1087, 1023, 1023, 1023, 1023, 
1088, 1023, 1023, 1023, 1022, 
1089, 1023, 1023, 1022, 1023, 
1090, 1023, 1023, 1023, 1022, 
1091, 1023, 1023, 1023, 1023, 
1092, 1023, 1023, 1023, 1023, 
1093, 1023, 1023, 1023, 1023, 
1094, 1023, 1023, 1023, 1023, 
1095, 1023, 1023, 1023, 1023, 
1096, 1023, 1023, 1023, 1022, 
1097, 1023, 1023, 1023, 1023, 
1098, 1023, 1023, 1023, 1023, 
1099, 1023, 1023, 1023, 1023, 
1100, 1023, 1023, 1023, 1023, 
1101, 1023, 1023, 1023, 1023, 
1102, 1023, 1023, 1023, 1023, 
1103, 1023, 1023, 1023, 1023, 
1104, 1023, 1023, 1023, 1023, 
1105, 1023, 1023, 1023, 1023, 
1106, 1023, 1023, 1023, 1023, 
1107, 1023, 1023, 1023, 1023, 
1108, 1023, 1023, 1023, 1023, 
1109, 1023, 1023, 1023, 1023, 
1110, 1023, 1023, 1023, 1024, 
