Runtime (microseconds), 3489941
Generation, Fitness Island 0, Fitness Island 1, Fitness Island 2, Fitness Island 3
0, 541, 538, 544, 543, 
1, 552, 552, 552, 552, 
2, 553, 550, 553, 553, 
3, 560, 560, 556, 556, 
4, 558, 558, 556, 559, 
5, 563, 563, 561, 562, 
6, 566, 565, 564, 566, 
7, 570, 575, 575, 575, 
8, 575, 572, 577, 577, 
9, 576, 575, 575, 577, 
10, 582, 582, 579, 578, 
11, 581, 581, 581, 584, 
12, 588, 588, 588, 588, 
13, 589, 589, 588, 589, 
14, 589, 589, 591, 589, 
15, 592, 589, 589, 591, 
16, 594, 592, 590, 591, 
17, 594, 592, 592, 591, 
18, 593, 593, 593, 593, 
19, 595, 595, 595, 595, 
20, 598, 598, 598, 596, 
21, 598, 598, 598, 597, 
22, 598, 598, 599, 599, 
23, 600, 600, 600, 599, 
24, 602, 603, 603, 603, 
25, 604, 603, 604, 604, 
26, 605, 603, 604, 605, 
27, 606, 605, 605, 605, 
28, 608, 607, 607, 607, 
29, 608, 608, 608, 608, 
30, 609, 610, 609, 609, 
31, 610, 610, 609, 610, 
32, 612, 612, 612, 612, 
33, 613, 613, 614, 615, 
34, 615, 615, 615, 614, 
35, 614, 615, 615, 615, 
36, 617, 617, 616, 620, 
37, 619, 619, 619, 616, 
38, 618, 621, 621, 621, 
39, 622, 622, 623, 623, 
40, 623, 623, 623, 623, 
41, 624, 622, 624, 623, 
42, 625, 625, 625, 625, 
43, 627, 626, 627, 626, 
44, 630, 628, 628, 628, 
45, 630, 630, 630, 630, 
46, 632, 630, 630, 631, 
47, 633, 633, 633, 633, 
48, 636, 636, 635, 634, 
49, 638, 638, 636, 635, 
50, 640, 640, 638, 638, 
51, 640, 642, 642, 642, 
52, 641, 640, 641, 641, 
53, 645, 642, 643, 643, 
54, 644, 643, 645, 645, 
55, 646, 645, 645, 645, 
56, 645, 645, 645, 645, 
57, 647, 647, 647, 647, 
58, 647, 646, 646, 647, 
59, 648, 648, 647, 649, 
60, 650, 649, 649, 648, 
61, 652, 652, 650, 650, 
62, 654, 653, 652, 651, 
63, 655, 655, 654, 654, 
64, 655, 655, 655, 655, 
65, 656, 655, 655, 657, 
66, 657, 656, 657, 658, 
67, 659, 659, 658, 658, 
68, 661, 661, 661, 660, 
69, 663, 662, 662, 662, 
70, 663, 662, 664, 662, 
71, 663, 663, 663, 662, 
72, 664, 664, 664, 664, 
73, 665, 665, 666, 666, 
74, 666, 668, 666, 668, 
75, 669, 669, 668, 669, 
76, 671, 671, 671, 671, 
77, 672, 672, 672, 672, 
78, 672, 673, 673, 674, 
79, 674, 674, 674, 675, 
80, 675, 675, 675, 677, 
81, 676, 678, 676, 675, 
82, 676, 676, 677, 677, 
83, 681, 681, 681, 679, 
84, 680, 680, 681, 680, 
85, 683, 683, 681, 680, 
86, 685, 685, 685, 682, 
87, 685, 685, 685, 688, 
88, 686, 686, 687, 687, 
89, 687, 687, 687, 686, 
90, 689, 689, 689, 686, 
91, 692, 692, 689, 692, 
92, 692, 692, 691, 693, 
93, 695, 695, 692, 692, 
94, 694, 695, 695, 695, 
95, 696, 696, 696, 696, 
96, 696, 695, 696, 697, 
97, 697, 698, 698, 698, 
98, 698, 697, 698, 699, 
99, 699, 699, 699, 701, 
100, 701, 701, 701, 702, 
101, 705, 703, 703, 703, 
102, 706, 706, 704, 704, 
103, 707, 706, 706, 706, 
104, 708, 709, 709, 708, 
105, 709, 709, 709, 709, 
106, 710, 709, 710, 710, 
107, 710, 710, 710, 710, 
108, 712, 711, 710, 710, 
109, 713, 713, 713, 711, 
110, 715, 713, 715, 715, 
111, 716, 716, 716, 715, 
112, 717, 717, 718, 718, 
113, 719, 717, 721, 721, 
114, 720, 719, 720, 720, 
115, 721, 721, 720, 720, 
116, 721, 721, 721, 721, 
117, 722, 721, 721, 722, 
118, 726, 726, 726, 726, 
119, 727, 726, 726, 726, 
120, 728, 728, 727, 726, 
121, 729, 728, 728, 729, 
122, 729, 728, 729, 729, 
123, 729, 729, 729, 729, 
124, 733, 730, 730, 730, 
125, 734, 734, 734, 734, 
126, 735, 735, 735, 734, 
127, 736, 736, 736, 735, 
128, 736, 736, 735, 735, 
129, 736, 736, 736, 736, 
130, 737, 737, 737, 737, 
131, 739, 739, 739, 738, 
132, 739, 739, 739, 739, 
133, 739, 739, 741, 740, 
134, 742, 741, 741, 741, 
135, 741, 741, 741, 742, 
136, 742, 742, 742, 742, 
137, 743, 743, 743, 743, 
138, 746, 746, 746, 744, 
139, 746, 746, 746, 745, 
140, 747, 747, 747, 747, 
141, 749, 748, 748, 748, 
142, 751, 751, 751, 751, 
143, 750, 751, 751, 751, 
144, 752, 752, 752, 752, 
145, 753, 754, 753, 753, 
146, 755, 754, 755, 755, 
147, 755, 756, 757, 757, 
148, 756, 756, 758, 759, 
149, 759, 759, 759, 759, 
150, 759, 758, 758, 758, 
151, 761, 761, 761, 760, 
152, 762, 762, 762, 761, 
153, 762, 763, 762, 763, 
154, 765, 765, 765, 765, 
155, 765, 767, 764, 765, 
156, 765, 768, 768, 768, 
157, 767, 767, 769, 769, 
158, 766, 766, 769, 770, 
159, 770, 768, 769, 769, 
160, 770, 770, 769, 769, 
161, 770, 770, 770, 770, 
162, 772, 770, 772, 771, 
163, 772, 772, 772, 771, 
164, 774, 774, 774, 774, 
165, 774, 774, 773, 775, 
166, 775, 775, 775, 776, 
167, 775, 775, 775, 775, 
168, 778, 776, 776, 776, 
169, 779, 778, 778, 778, 
170, 778, 778, 779, 780, 
171, 780, 780, 780, 780, 
172, 782, 781, 781, 781, 
173, 783, 784, 784, 782, 
174, 784, 784, 785, 785, 
175, 785, 785, 785, 786, 
176, 786, 786, 786, 786, 
177, 787, 787, 787, 787, 
178, 789, 789, 787, 787, 
179, 789, 789, 788, 788, 
180, 792, 792, 792, 792, 
181, 792, 792, 792, 793, 
182, 791, 792, 794, 794, 
183, 794, 792, 793, 792, 
184, 794, 794, 794, 794, 
185, 795, 794, 795, 795, 
186, 797, 796, 796, 796, 
187, 797, 797, 797, 797, 
188, 799, 797, 797, 799, 
189, 797, 797, 797, 798, 
190, 799, 798, 798, 798, 
191, 801, 801, 801, 801, 
192, 802, 802, 802, 799, 
193, 802, 803, 802, 801, 
194, 804, 804, 804, 803, 
195, 805, 805, 804, 805, 
196, 806, 804, 806, 806, 
197, 808, 808, 808, 806, 
198, 809, 809, 809, 808, 
199, 809, 809, 811, 811, 
200, 809, 809, 810, 810, 
201, 811, 811, 811, 811, 
202, 812, 812, 812, 811, 
203, 812, 812, 812, 812, 
204, 812, 812, 814, 814, 
205, 813, 812, 812, 811, 
206, 814, 814, 814, 814, 
207, 815, 815, 815, 815, 
208, 816, 815, 814, 814, 
209, 816, 816, 816, 816, 
210, 818, 818, 817, 818, 
211, 819, 819, 819, 819, 
212, 819, 819, 819, 819, 
213, 820, 820, 820, 820, 
214, 822, 820, 820, 820, 
215, 823, 823, 821, 821, 
216, 824, 822, 824, 824, 
217, 824, 824, 824, 824, 
218, 825, 825, 824, 826, 
219, 826, 826, 825, 825, 
220, 828, 828, 826, 828, 
221, 827, 827, 827, 827, 
222, 828, 827, 829, 829, 
223, 830, 829, 830, 830, 
224, 832, 832, 832, 830, 
225, 831, 831, 831, 831, 
226, 833, 832, 832, 832, 
227, 837, 837, 837, 837, 
228, 837, 837, 837, 836, 
229, 838, 838, 838, 837, 
230, 839, 838, 838, 839, 
231, 840, 838, 839, 839, 
232, 841, 840, 840, 840, 
233, 841, 841, 841, 840, 
234, 843, 843, 843, 842, 
235, 843, 843, 843, 843, 
236, 843, 842, 843, 842, 
237, 843, 843, 846, 844, 
238, 844, 844, 844, 847, 
239, 845, 846, 846, 845, 
240, 846, 848, 847, 848, 
241, 845, 845, 847, 847, 
242, 845, 845, 847, 848, 
243, 848, 848, 848, 849, 
244, 848, 848, 850, 850, 
245, 851, 851, 851, 851, 
246, 853, 852, 852, 852, 
247, 853, 853, 853, 852, 
248, 853, 852, 853, 852, 
249, 853, 854, 852, 854, 
250, 853, 853, 854, 854, 
251, 853, 853, 854, 853, 
252, 854, 853, 854, 854, 
253, 854, 854, 855, 854, 
254, 854, 854, 854, 854, 
255, 856, 855, 854, 854, 
256, 856, 856, 856, 856, 
257, 858, 858, 858, 858, 
258, 859, 859, 857, 857, 
259, 859, 859, 858, 858, 
260, 860, 860, 859, 859, 
261, 861, 861, 861, 861, 
262, 862, 861, 860, 860, 
263, 862, 862, 862, 861, 
264, 862, 862, 861, 862, 
265, 862, 863, 862, 863, 
266, 862, 862, 862, 862, 
267, 862, 862, 863, 863, 
268, 863, 863, 863, 862, 
269, 864, 862, 863, 863, 
270, 865, 865, 865, 863, 
271, 866, 865, 865, 865, 
272, 866, 866, 866, 864, 
273, 867, 867, 866, 866, 
274, 868, 866, 867, 867, 
275, 869, 869, 869, 869, 
276, 869, 869, 869, 870, 
277, 870, 871, 871, 871, 
278, 871, 871, 871, 871, 
279, 871, 871, 871, 871, 
280, 873, 873, 872, 872, 
281, 873, 873, 873, 873, 
282, 874, 874, 874, 874, 
283, 874, 874, 874, 875, 
284, 876, 876, 876, 876, 
285, 876, 875, 875, 876, 
286, 877, 877, 876, 875, 
287, 876, 877, 877, 877, 
288, 877, 877, 877, 877, 
289, 877, 877, 878, 878, 
290, 878, 878, 881, 879, 
291, 878, 877, 877, 878, 
292, 878, 877, 877, 878, 
293, 878, 878, 878, 879, 
294, 879, 879, 879, 881, 
295, 880, 879, 879, 880, 
296, 880, 879, 880, 880, 
297, 880, 880, 880, 882, 
298, 880, 880, 880, 880, 
299, 882, 882, 882, 881, 
300, 882, 882, 882, 883, 
301, 885, 885, 885, 881, 
302, 884, 884, 884, 884, 
303, 884, 884, 884, 886, 
304, 885, 885, 885, 886, 
305, 887, 887, 885, 885, 
306, 888, 888, 886, 886, 
307, 888, 888, 888, 888, 
308, 888, 888, 887, 888, 
309, 888, 888, 888, 888, 
310, 889, 888, 889, 889, 
311, 889, 889, 889, 888, 
312, 892, 889, 889, 889, 
313, 892, 892, 890, 892, 
314, 894, 894, 890, 890, 
315, 894, 894, 894, 894, 
316, 894, 894, 893, 894, 
317, 894, 896, 896, 893, 
318, 895, 897, 897, 895, 
319, 895, 895, 895, 898, 
320, 896, 895, 895, 898, 
321, 896, 896, 896, 900, 
322, 898, 898, 898, 898, 
323, 899, 899, 898, 898, 
324, 899, 899, 899, 898, 
325, 901, 899, 899, 899, 
326, 901, 901, 901, 900, 
327, 902, 902, 902, 902, 
328, 901, 901, 902, 902, 
329, 901, 901, 901, 901, 
330, 902, 902, 902, 902, 
331, 902, 902, 902, 903, 
332, 903, 903, 902, 903, 
333, 904, 904, 904, 904, 
334, 905, 905, 906, 906, 
335, 906, 906, 905, 905, 
336, 907, 905, 906, 906, 
337, 907, 907, 906, 906, 
338, 907, 907, 907, 907, 
339, 907, 907, 907, 907, 
340, 909, 908, 908, 909, 
341, 909, 909, 909, 909, 
342, 909, 909, 911, 911, 
343, 909, 909, 910, 910, 
344, 909, 909, 910, 911, 
345, 910, 910, 910, 911, 
346, 913, 913, 911, 911, 
347, 911, 911, 910, 911, 
348, 912, 911, 911, 911, 
349, 912, 912, 912, 912, 
350, 912, 912, 911, 912, 
351, 913, 913, 913, 913, 
352, 913, 913, 913, 913, 
353, 914, 914, 914, 913, 
354, 914, 914, 914, 914, 
355, 915, 914, 914, 914, 
356, 916, 915, 915, 915, 
357, 915, 915, 916, 916, 
358, 915, 915, 915, 915, 
359, 917, 916, 916, 917, 
360, 916, 916, 918, 918, 
361, 917, 917, 917, 916, 
362, 919, 919, 919, 919, 
363, 919, 919, 919, 919, 
364, 919, 919, 918, 919, 
365, 921, 921, 919, 918, 
366, 920, 920, 921, 921, 
367, 920, 920, 920, 920, 
368, 922, 922, 922, 922, 
369, 922, 922, 921, 922, 
370, 921, 921, 921, 921, 
371, 922, 922, 922, 922, 
372, 924, 924, 921, 922, 
373, 924, 924, 924, 924, 
374, 924, 924, 924, 925, 
375, 924, 924, 924, 924, 
376, 925, 925, 925, 925, 
377, 925, 925, 925, 925, 
378, 926, 926, 926, 926, 
379, 926, 926, 926, 926, 
380, 926, 926, 926, 926, 
381, 926, 926, 926, 926, 
382, 927, 927, 927, 926, 
383, 927, 927, 927, 927, 
384, 930, 930, 930, 930, 
385, 930, 930, 930, 930, 
386, 930, 930, 930, 931, 
387, 931, 931, 931, 931, 
388, 933, 933, 933, 933, 
389, 933, 933, 933, 933, 
390, 933, 933, 933, 933, 
391, 934, 934, 935, 935, 
392, 934, 934, 935, 935, 
393, 934, 935, 935, 934, 
394, 934, 934, 934, 934, 
395, 934, 934, 934, 935, 
396, 934, 935, 935, 934, 
397, 936, 935, 935, 935, 
398, 935, 935, 936, 936, 
399, 937, 937, 937, 934, 
400, 937, 937, 937, 937, 
401, 938, 938, 938, 938, 
402, 938, 938, 938, 938, 
403, 939, 938, 939, 939, 
404, 939, 939, 939, 938, 
405, 939, 939, 939, 940, 
406, 940, 940, 940, 940, 
407, 942, 940, 940, 940, 
408, 943, 941, 943, 943, 
409, 942, 942, 942, 942, 
410, 942, 941, 942, 942, 
411, 943, 943, 943, 942, 
412, 943, 943, 942, 942, 
413, 944, 944, 944, 944, 
414, 945, 945, 944, 945, 
415, 945, 944, 944, 944, 
416, 945, 943, 945, 945, 
417, 945, 945, 945, 945, 
418, 946, 945, 946, 946, 
419, 946, 946, 946, 947, 
420, 947, 947, 948, 948, 
421, 947, 947, 947, 947, 
422, 948, 947, 947, 948, 
423, 948, 948, 948, 948, 
424, 949, 949, 949, 948, 
425, 950, 950, 949, 949, 
426, 950, 950, 950, 950, 
427, 951, 951, 950, 950, 
428, 951, 951, 951, 951, 
429, 951, 951, 951, 951, 
430, 952, 952, 951, 951, 
431, 952, 952, 951, 951, 
432, 952, 952, 952, 951, 
433, 952, 952, 952, 952, 
434, 953, 952, 952, 952, 
435, 953, 952, 953, 953, 
436, 954, 954, 954, 953, 
437, 953, 953, 955, 954, 
438, 953, 953, 954, 956, 
439, 955, 955, 954, 954, 
440, 956, 956, 956, 956, 
441, 955, 956, 956, 956, 
442, 955, 956, 956, 956, 
443, 955, 955, 955, 956, 
444, 956, 956, 955, 956, 
445, 956, 955, 955, 955, 
446, 956, 957, 957, 957, 
447, 957, 957, 956, 956, 
448, 958, 958, 958, 958, 
449, 957, 958, 957, 958, 
450, 958, 958, 956, 958, 
451, 957, 957, 957, 958, 
452, 957, 956, 956, 958, 
453, 959, 959, 957, 957, 
454, 959, 959, 959, 959, 
455, 959, 959, 958, 959, 
456, 960, 960, 959, 959, 
457, 960, 960, 960, 960, 
458, 961, 960, 960, 960, 
459, 962, 962, 962, 962, 
460, 962, 962, 961, 961, 
461, 963, 963, 962, 962, 
462, 963, 963, 963, 963, 
463, 964, 962, 961, 964, 
464, 964, 964, 964, 964, 
465, 964, 964, 963, 965, 
466, 965, 965, 965, 965, 
467, 966, 966, 966, 965, 
468, 966, 967, 967, 967, 
469, 966, 967, 967, 967, 
470, 967, 967, 967, 967, 
471, 967, 967, 967, 968, 
472, 969, 969, 967, 967, 
473, 969, 969, 969, 969, 
474, 969, 969, 969, 968, 
475, 969, 971, 968, 968, 
476, 969, 969, 969, 969, 
477, 970, 970, 970, 969, 
478, 970, 970, 969, 969, 
479, 971, 971, 970, 970, 
480, 971, 971, 971, 971, 
481, 971, 971, 971, 972, 
482, 973, 973, 973, 971, 
483, 972, 972, 972, 972, 
484, 972, 974, 974, 974, 
485, 972, 973, 972, 973, 
486, 972, 972, 972, 974, 
487, 972, 972, 972, 972, 
488, 973, 972, 973, 973, 
489, 973, 973, 972, 974, 
490, 974, 973, 973, 973, 
491, 975, 975, 975, 975, 
492, 975, 975, 975, 975, 
493, 975, 975, 976, 976, 
494, 975, 975, 976, 976, 
495, 975, 975, 977, 977, 
496, 975, 975, 976, 977, 
497, 975, 975, 976, 976, 
498, 977, 977, 975, 977, 
499, 976, 976, 977, 977, 
500, 977, 975, 976, 977, 
501, 978, 976, 976, 976, 
502, 978, 978, 978, 976, 
503, 978, 978, 978, 977, 
504, 978, 978, 978, 978, 
505, 979, 979, 979, 979, 
506, 978, 979, 978, 979, 
507, 979, 979, 979, 979, 
508, 980, 980, 979, 980, 
509, 980, 980, 980, 980, 
510, 979, 980, 980, 980, 
511, 979, 980, 979, 980, 
512, 980, 980, 980, 981, 
513, 980, 980, 980, 980, 
514, 981, 981, 980, 980, 
515, 981, 980, 981, 980, 
516, 982, 982, 982, 981, 
517, 981, 981, 981, 981, 
518, 981, 981, 982, 982, 
519, 981, 980, 982, 981, 
520, 982, 981, 982, 981, 
521, 982, 981, 981, 982, 
522, 982, 982, 981, 981, 
523, 982, 982, 982, 983, 
524, 982, 982, 982, 982, 
525, 982, 982, 982, 982, 
526, 983, 983, 983, 982, 
527, 983, 983, 983, 985, 
528, 984, 983, 983, 984, 
529, 984, 984, 984, 984, 
530, 985, 983, 984, 983, 
531, 985, 985, 985, 985, 
532, 986, 986, 986, 986, 
533, 986, 986, 986, 986, 
534, 987, 987, 987, 987, 
535, 988, 988, 988, 988, 
536, 988, 988, 988, 987, 
537, 988, 988, 988, 988, 
538, 988, 988, 988, 988, 
539, 988, 988, 988, 988, 
540, 988, 988, 988, 988, 
541, 988, 988, 988, 988, 
542, 987, 987, 987, 988, 
543, 987, 987, 987, 987, 
544, 988, 988, 988, 988, 
545, 988, 988, 988, 988, 
546, 989, 989, 989, 989, 
547, 990, 990, 988, 988, 
548, 990, 990, 990, 990, 
549, 990, 990, 990, 990, 
550, 991, 990, 990, 990, 
551, 991, 991, 991, 991, 
552, 992, 992, 992, 991, 
553, 991, 991, 991, 991, 
554, 992, 992, 992, 991, 
555, 992, 992, 992, 992, 
556, 992, 992, 992, 992, 
557, 993, 993, 992, 992, 
558, 992, 992, 992, 993, 
559, 993, 992, 992, 993, 
560, 993, 993, 993, 993, 
561, 994, 993, 993, 993, 
562, 993, 993, 993, 993, 
563, 994, 993, 993, 993, 
564, 994, 994, 994, 994, 
565, 994, 993, 993, 995, 
566, 994, 994, 995, 995, 
567, 995, 995, 994, 994, 
568, 995, 995, 996, 996, 
569, 994, 994, 995, 995, 
570, 995, 995, 995, 995, 
571, 995, 995, 995, 995, 
572, 995, 995, 994, 995, 
573, 994, 994, 994, 994, 
574, 995, 995, 995, 995, 
575, 996, 996, 996, 996, 
576, 996, 996, 996, 996, 
577, 996, 996, 996, 996, 
578, 997, 996, 996, 997, 
579, 997, 997, 997, 997, 
580, 998, 999, 999, 999, 
581, 998, 998, 997, 998, 
582, 999, 999, 999, 997, 
583, 999, 999, 999, 999, 
584, 999, 999, 999, 999, 
585, 999, 999, 999, 1000, 
586, 999, 999, 999, 999, 
587, 1000, 1000, 1000, 1000, 
588, 1000, 999, 999, 999, 
589, 1000, 1000, 1000, 999, 
590, 1000, 1000, 1000, 1000, 
591, 1000, 1000, 1000, 1000, 
592, 1001, 1001, 1000, 1000, 
593, 1000, 1000, 1000, 1001, 
594, 1001, 1001, 1001, 1000, 
595, 1001, 1001, 1001, 1001, 
596, 1000, 1001, 1001, 1001, 
597, 1000, 1000, 1002, 1001, 
598, 1001, 1001, 1001, 1001, 
599, 1000, 1000, 1000, 1001, 
600, 1001, 1001, 1001, 1001, 
601, 1002, 1002, 1002, 1002, 
602, 1002, 1002, 1002, 1003, 
603, 1002, 1002, 1002, 1002, 
604, 1003, 1003, 1003, 1001, 
605, 1002, 1002, 1002, 1002, 
606, 1003, 1003, 1003, 1003, 
607, 1003, 1003, 1003, 1003, 
608, 1003, 1003, 1003, 1003, 
609, 1003, 1003, 1003, 1003, 
610, 1003, 1002, 1003, 1003, 
611, 1004, 1004, 1004, 1003, 
612, 1003, 1004, 1004, 1004, 
613, 1003, 1003, 1003, 1003, 
614, 1003, 1003, 1003, 1003, 
615, 1004, 1004, 1003, 1002, 
616, 1004, 1004, 1004, 1003, 
617, 1004, 1004, 1004, 1004, 
618, 1004, 1004, 1004, 1004, 
619, 1004, 1004, 1005, 1004, 
620, 1005, 1005, 1005, 1005, 
621, 1005, 1005, 1005, 1005, 
622, 1004, 1004, 1004, 1003, 
623, 1005, 1005, 1004, 1005, 
624, 1005, 1005, 1004, 1004, 
625, 1005, 1005, 1004, 1004, 
626, 1005, 1005, 1005, 1005, 
627, 1005, 1005, 1005, 1005, 
628, 1005, 1005, 1005, 1005, 
629, 1005, 1005, 1005, 1005, 
630, 1005, 1005, 1005, 1005, 
631, 1005, 1005, 1005, 1005, 
632, 1005, 1005, 1005, 1005, 
633, 1005, 1005, 1005, 1005, 
634, 1005, 1005, 1005, 1005, 
635, 1006, 1006, 1006, 1006, 
636, 1006, 1006, 1005, 1005, 
637, 1006, 1006, 1006, 1006, 
638, 1005, 1005, 1006, 1005, 
639, 1006, 1006, 1005, 1005, 
640, 1006, 1006, 1006, 1006, 
641, 1006, 1006, 1006, 1006, 
642, 1006, 1006, 1006, 1005, 
643, 1006, 1006, 1006, 1006, 
644, 1007, 1007, 1006, 1006, 
645, 1006, 1006, 1006, 1006, 
646, 1006, 1006, 1006, 1006, 
647, 1006, 1006, 1006, 1006, 
648, 1006, 1006, 1006, 1006, 
649, 1006, 1006, 1007, 1007, 
650, 1006, 1006, 1006, 1007, 
651, 1007, 1007, 1006, 1006, 
652, 1006, 1006, 1006, 1006, 
653, 1006, 1006, 1006, 1006, 
654, 1007, 1007, 1007, 1006, 
655, 1007, 1006, 1007, 1007, 
656, 1007, 1007, 1006, 1006, 
657, 1006, 1007, 1006, 1007, 
658, 1006, 1007, 1007, 1007, 
659, 1007, 1007, 1006, 1006, 
660, 1007, 1007, 1007, 1006, 
661, 1007, 1007, 1007, 1007, 
662, 1007, 1007, 1007, 1007, 
663, 1007, 1007, 1007, 1007, 
664, 1008, 1007, 1007, 1007, 
665, 1008, 1008, 1008, 1008, 
666, 1008, 1008, 1008, 1008, 
667, 1007, 1008, 1007, 1008, 
668, 1008, 1007, 1007, 1008, 
669, 1008, 1008, 1007, 1007, 
670, 1008, 1007, 1007, 1008, 
671, 1008, 1008, 1008, 1008, 
672, 1008, 1008, 1008, 1008, 
673, 1008, 1008, 1007, 1007, 
674, 1008, 1008, 1008, 1008, 
675, 1008, 1008, 1008, 1008, 
676, 1008, 1008, 1008, 1008, 
677, 1008, 1008, 1007, 1008, 
678, 1009, 1009, 1008, 1008, 
679, 1008, 1008, 1008, 1008, 
680, 1008, 1008, 1008, 1008, 
681, 1008, 1007, 1008, 1009, 
682, 1008, 1008, 1008, 1008, 
683, 1008, 1008, 1007, 1007, 
684, 1009, 1009, 1009, 1009, 
685, 1009, 1008, 1009, 1009, 
686, 1008, 1008, 1009, 1008, 
687, 1009, 1008, 1009, 1009, 
688, 1009, 1008, 1008, 1009, 
689, 1008, 1008, 1008, 1009, 
690, 1010, 1010, 1009, 1008, 
691, 1010, 1009, 1009, 1009, 
692, 1010, 1010, 1010, 1010, 
693, 1010, 1010, 1010, 1010, 
694, 1010, 1010, 1009, 1009, 
695, 1010, 1010, 1010, 1010, 
696, 1011, 1011, 1011, 1011, 
697, 1011, 1011, 1011, 1011, 
698, 1010, 1011, 1011, 1011, 
699, 1010, 1010, 1010, 1010, 
700, 1011, 1010, 1011, 1011, 
701, 1011, 1010, 1010, 1011, 
702, 1011, 1011, 1011, 1011, 
703, 1011, 1011, 1011, 1011, 
704, 1011, 1011, 1011, 1011, 
705, 1012, 1011, 1011, 1011, 
706, 1011, 1011, 1011, 1011, 
707, 1011, 1011, 1011, 1011, 
708, 1011, 1011, 1011, 1011, 
709, 1011, 1011, 1012, 1011, 
710, 1011, 1011, 1011, 1011, 
711, 1011, 1011, 1011, 1011, 
712, 1011, 1011, 1012, 1011, 
713, 1013, 1012, 1013, 1011, 
714, 1013, 1012, 1012, 1013, 
715, 1013, 1013, 1013, 1013, 
716, 1013, 1013, 1013, 1013, 
717, 1013, 1013, 1013, 1013, 
718, 1013, 1013, 1013, 1013, 
719, 1013, 1013, 1014, 1014, 
720, 1013, 1013, 1013, 1013, 
721, 1014, 1013, 1014, 1013, 
722, 1013, 1013, 1013, 1013, 
723, 1014, 1013, 1013, 1013, 
724, 1014, 1013, 1014, 1014, 
725, 1014, 1014, 1014, 1014, 
726, 1014, 1014, 1014, 1014, 
727, 1014, 1014, 1014, 1013, 
728, 1014, 1014, 1014, 1014, 
729, 1013, 1013, 1013, 1014, 
730, 1013, 1013, 1013, 1013, 
731, 1014, 1013, 1013, 1013, 
732, 1013, 1013, 1013, 1013, 
733, 1014, 1014, 1014, 1014, 
734, 1014, 1014, 1014, 1014, 
735, 1014, 1013, 1013, 1014, 
736, 1014, 1013, 1013, 1013, 
737, 1013, 1013, 1013, 1013, 
738, 1015, 1015, 1014, 1014, 
739, 1014, 1014, 1014, 1014, 
740, 1014, 1014, 1013, 1014, 
741, 1015, 1014, 1014, 1014, 
742, 1015, 1015, 1015, 1015, 
743, 1016, 1016, 1015, 1015, 
744, 1015, 1015, 1014, 1014, 
745, 1015, 1015, 1015, 1014, 
746, 1016, 1015, 1015, 1015, 
747, 1016, 1016, 1016, 1016, 
748, 1016, 1016, 1016, 1016, 
749, 1016, 1016, 1016, 1016, 
750, 1016, 1016, 1016, 1016, 
751, 1016, 1016, 1016, 1016, 
752, 1016, 1016, 1016, 1016, 
753, 1016, 1016, 1016, 1016, 
754, 1016, 1016, 1016, 1016, 
755, 1016, 1016, 1016, 1016, 
756, 1016, 1016, 1016, 1016, 
757, 1016, 1016, 1016, 1016, 
758, 1017, 1017, 1016, 1016, 
759, 1016, 1016, 1016, 1016, 
760, 1016, 1016, 1016, 1016, 
761, 1017, 1017, 1016, 1016, 
762, 1017, 1017, 1017, 1017, 
763, 1017, 1017, 1017, 1016, 
764, 1017, 1017, 1017, 1017, 
765, 1017, 1017, 1017, 1017, 
766, 1017, 1017, 1017, 1017, 
767, 1017, 1017, 1017, 1017, 
768, 1017, 1017, 1017, 1017, 
769, 1017, 1017, 1017, 1017, 
770, 1017, 1017, 1017, 1017, 
771, 1017, 1017, 1017, 1017, 
772, 1017, 1017, 1017, 1017, 
773, 1017, 1017, 1017, 1017, 
774, 1017, 1017, 1017, 1017, 
775, 1017, 1017, 1017, 1017, 
776, 1017, 1017, 1018, 1018, 
777, 1018, 1018, 1018, 1018, 
778, 1018, 1017, 1018, 1017, 
779, 1018, 1017, 1017, 1017, 
780, 1018, 1018, 1018, 1017, 
781, 1018, 1017, 1017, 1017, 
782, 1017, 1017, 1017, 1017, 
783, 1018, 1017, 1017, 1017, 
784, 1018, 1018, 1018, 1018, 
785, 1019, 1019, 1018, 1019, 
786, 1018, 1018, 1018, 1018, 
787, 1019, 1019, 1018, 1018, 
788, 1018, 1018, 1019, 1019, 
789, 1019, 1018, 1019, 1019, 
790, 1019, 1019, 1019, 1019, 
791, 1019, 1018, 1019, 1019, 
792, 1019, 1019, 1018, 1019, 
793, 1019, 1020, 1020, 1020, 
794, 1019, 1019, 1019, 1020, 
795, 1019, 1019, 1019, 1019, 
796, 1019, 1018, 1019, 1019, 
797, 1019, 1019, 1019, 1019, 
798, 1019, 1019, 1019, 1019, 
799, 1019, 1019, 1019, 1019, 
800, 1019, 1019, 1019, 1019, 
801, 1019, 1019, 1019, 1019, 
802, 1019, 1019, 1019, 1019, 
803, 1019, 1019, 1019, 1019, 
804, 1019, 1019, 1019, 1020, 
805, 1019, 1019, 1019, 1020, 
806, 1019, 1019, 1019, 1019, 
807, 1018, 1018, 1018, 1019, 
808, 1019, 1018, 1019, 1019, 
809, 1019, 1019, 1019, 1018, 
810, 1019, 1019, 1018, 1019, 
811, 1018, 1018, 1019, 1018, 
812, 1020, 1020, 1019, 1018, 
813, 1020, 1019, 1020, 1020, 
814, 1020, 1020, 1020, 1020, 
815, 1019, 1019, 1019, 1020, 
816, 1019, 1019, 1019, 1019, 
817, 1019, 1019, 1019, 1019, 
818, 1019, 1019, 1019, 1019, 
819, 1019, 1020, 1019, 1019, 
820, 1019, 1019, 1020, 1019, 
821, 1019, 1019, 1019, 1020, 
822, 1019, 1019, 1019, 1019, 
823, 1019, 1019, 1019, 1019, 
824, 1019, 1019, 1019, 1019, 
825, 1020, 1020, 1020, 1020, 
826, 1020, 1020, 1020, 1020, 
827, 1020, 1020, 1020, 1020, 
828, 1020, 1020, 1020, 1020, 
829, 1020, 1020, 1020, 1020, 
830, 1020, 1020, 1020, 1020, 
831, 1020, 1020, 1020, 1020, 
832, 1020, 1020, 1020, 1020, 
833, 1020, 1020, 1020, 1020, 
834, 1020, 1020, 1020, 1021, 
835, 1020, 1020, 1020, 1020, 
836, 1020, 1020, 1020, 1020, 
837, 1020, 1020, 1020, 1020, 
838, 1020, 1020, 1020, 1020, 
839, 1020, 1020, 1020, 1020, 
840, 1020, 1020, 1020, 1020, 
841, 1020, 1020, 1020, 1020, 
842, 1020, 1020, 1020, 1020, 
843, 1020, 1020, 1020, 1020, 
844, 1019, 1019, 1019, 1019, 
845, 1020, 1019, 1019, 1019, 
846, 1020, 1020, 1020, 1020, 
847, 1020, 1020, 1020, 1020, 
848, 1020, 1020, 1020, 1020, 
849, 1020, 1020, 1020, 1020, 
850, 1020, 1020, 1020, 1020, 
851, 1020, 1020, 1020, 1020, 
852, 1020, 1020, 1020, 1021, 
853, 1020, 1020, 1021, 1020, 
854, 1021, 1021, 1020, 1021, 
855, 1020, 1020, 1021, 1021, 
856, 1020, 1020, 1020, 1020, 
857, 1020, 1020, 1020, 1021, 
858, 1020, 1020, 1020, 1020, 
859, 1020, 1020, 1020, 1020, 
860, 1020, 1020, 1020, 1020, 
861, 1020, 1020, 1020, 1020, 
862, 1020, 1020, 1020, 1020, 
863, 1020, 1020, 1020, 1020, 
864, 1020, 1020, 1020, 1020, 
865, 1020, 1020, 1020, 1020, 
866, 1020, 1020, 1020, 1020, 
867, 1020, 1020, 1020, 1020, 
868, 1020, 1020, 1020, 1020, 
869, 1020, 1020, 1020, 1020, 
870, 1020, 1020, 1020, 1020, 
871, 1020, 1020, 1020, 1020, 
872, 1020, 1020, 1020, 1020, 
873, 1020, 1020, 1020, 1020, 
874, 1020, 1020, 1020, 1020, 
875, 1020, 1020, 1020, 1020, 
876, 1020, 1020, 1020, 1020, 
877, 1020, 1020, 1020, 1020, 
878, 1020, 1020, 1020, 1020, 
879, 1020, 1020, 1020, 1020, 
880, 1020, 1020, 1019, 1020, 
881, 1020, 1020, 1020, 1020, 
882, 1020, 1020, 1020, 1020, 
883, 1020, 1020, 1020, 1020, 
884, 1020, 1020, 1020, 1020, 
885, 1020, 1020, 1019, 1020, 
886, 1020, 1020, 1019, 1020, 
887, 1019, 1019, 1019, 1020, 
888, 1019, 1019, 1020, 1019, 
889, 1019, 1020, 1020, 1020, 
890, 1020, 1019, 1019, 1020, 
891, 1020, 1020, 1020, 1020, 
892, 1020, 1019, 1020, 1020, 
893, 1020, 1019, 1019, 1020, 
894, 1020, 1020, 1020, 1020, 
895, 1019, 1019, 1019, 1020, 
896, 1019, 1019, 1019, 1019, 
897, 1019, 1019, 1019, 1019, 
898, 1020, 1020, 1020, 1020, 
899, 1020, 1020, 1020, 1020, 
900, 1020, 1020, 1020, 1020, 
901, 1020, 1020, 1020, 1020, 
902, 1020, 1020, 1020, 1020, 
903, 1020, 1020, 1020, 1020, 
904, 1020, 1019, 1019, 1020, 
905, 1020, 1020, 1020, 1019, 
906, 1020, 1020, 1020, 1020, 
907, 1020, 1020, 1020, 1020, 
908, 1020, 1020, 1020, 1020, 
909, 1020, 1020, 1020, 1020, 
910, 1020, 1020, 1020, 1020, 
911, 1020, 1020, 1020, 1020, 
912, 1020, 1020, 1020, 1020, 
913, 1020, 1020, 1020, 1020, 
914, 1020, 1020, 1020, 1020, 
915, 1020, 1020, 1020, 1020, 
916, 1020, 1020, 1020, 1020, 
917, 1020, 1020, 1020, 1020, 
918, 1020, 1020, 1020, 1020, 
919, 1020, 1020, 1020, 1020, 
920, 1020, 1020, 1020, 1020, 
921, 1019, 1019, 1019, 1019, 
922, 1020, 1019, 1020, 1020, 
923, 1020, 1020, 1020, 1020, 
924, 1020, 1020, 1020, 1020, 
925, 1020, 1020, 1020, 1020, 
926, 1020, 1020, 1020, 1020, 
927, 1020, 1020, 1020, 1020, 
928, 1020, 1020, 1020, 1020, 
929, 1020, 1020, 1020, 1020, 
930, 1020, 1020, 1020, 1020, 
931, 1020, 1020, 1020, 1020, 
932, 1020, 1020, 1020, 1020, 
933, 1020, 1020, 1020, 1019, 
934, 1020, 1020, 1019, 1020, 
935, 1020, 1020, 1020, 1020, 
936, 1020, 1020, 1020, 1020, 
937, 1020, 1020, 1020, 1020, 
938, 1020, 1020, 1020, 1020, 
939, 1020, 1020, 1020, 1020, 
940, 1020, 1020, 1020, 1020, 
941, 1020, 1020, 1020, 1020, 
942, 1020, 1020, 1020, 1020, 
943, 1020, 1020, 1020, 1020, 
944, 1020, 1020, 1020, 1020, 
945, 1020, 1020, 1020, 1020, 
946, 1021, 1020, 1020, 1020, 
947, 1021, 1020, 1020, 1020, 
948, 1021, 1021, 1021, 1021, 
949, 1021, 1021, 1021, 1021, 
950, 1021, 1021, 1021, 1021, 
951, 1021, 1021, 1021, 1021, 
952, 1021, 1021, 1021, 1021, 
953, 1021, 1021, 1021, 1021, 
954, 1021, 1021, 1021, 1021, 
955, 1021, 1021, 1021, 1021, 
956, 1021, 1021, 1021, 1021, 
957, 1021, 1021, 1021, 1021, 
958, 1021, 1021, 1021, 1021, 
959, 1021, 1021, 1021, 1021, 
960, 1021, 1021, 1021, 1021, 
961, 1021, 1021, 1021, 1020, 
962, 1021, 1020, 1020, 1020, 
963, 1021, 1021, 1021, 1020, 
964, 1021, 1021, 1021, 1021, 
965, 1020, 1021, 1021, 1021, 
966, 1021, 1021, 1021, 1021, 
967, 1021, 1021, 1021, 1021, 
968, 1021, 1021, 1021, 1021, 
969, 1021, 1021, 1021, 1021, 
970, 1021, 1021, 1021, 1021, 
971, 1021, 1021, 1021, 1021, 
972, 1021, 1021, 1021, 1021, 
973, 1021, 1021, 1021, 1021, 
974, 1021, 1021, 1021, 1021, 
975, 1021, 1021, 1020, 1021, 
976, 1021, 1021, 1021, 1021, 
977, 1021, 1021, 1021, 1021, 
978, 1021, 1021, 1021, 1021, 
979, 1021, 1021, 1021, 1021, 
980, 1021, 1021, 1021, 1022, 
981, 1021, 1021, 1021, 1021, 
982, 1021, 1021, 1021, 1021, 
983, 1021, 1021, 1021, 1021, 
984, 1021, 1021, 1021, 1021, 
985, 1021, 1021, 1021, 1021, 
986, 1021, 1021, 1021, 1021, 
987, 1021, 1021, 1021, 1021, 
988, 1021, 1021, 1020, 1021, 
989, 1021, 1021, 1021, 1021, 
990, 1021, 1021, 1021, 1021, 
991, 1021, 1021, 1021, 1021, 
992, 1021, 1021, 1021, 1021, 
993, 1021, 1021, 1021, 1021, 
994, 1021, 1021, 1021, 1021, 
995, 1020, 1020, 1021, 1021, 
996, 1020, 1020, 1020, 1020, 
997, 1021, 1021, 1021, 1020, 
998, 1021, 1021, 1020, 1020, 
999, 1021, 1021, 1021, 1021, 
1000, 1021, 1021, 1021, 1021, 
1001, 1021, 1021, 1021, 1021, 
1002, 1021, 1021, 1021, 1021, 
1003, 1021, 1021, 1021, 1021, 
1004, 1021, 1021, 1021, 1021, 
1005, 1021, 1021, 1021, 1021, 
1006, 1021, 1021, 1021, 1021, 
1007, 1021, 1021, 1020, 1021, 
1008, 1021, 1021, 1021, 1021, 
1009, 1021, 1021, 1021, 1021, 
1010, 1021, 1021, 1021, 1021, 
1011, 1021, 1021, 1021, 1021, 
1012, 1021, 1021, 1021, 1021, 
1013, 1021, 1021, 1021, 1021, 
1014, 1021, 1021, 1021, 1021, 
1015, 1021, 1021, 1021, 1021, 
1016, 1021, 1021, 1021, 1021, 
1017, 1021, 1021, 1021, 1021, 
1018, 1021, 1021, 1020, 1020, 
1019, 1021, 1021, 1021, 1021, 
1020, 1021, 1021, 1021, 1021, 
1021, 1021, 1021, 1021, 1021, 
1022, 1021, 1021, 1021, 1021, 
1023, 1021, 1021, 1021, 1021, 
1024, 1021, 1021, 1021, 1021, 
1025, 1021, 1021, 1021, 1021, 
1026, 1021, 1021, 1021, 1021, 
1027, 1021, 1021, 1021, 1021, 
1028, 1021, 1020, 1020, 1020, 
1029, 1021, 1021, 1021, 1021, 
1030, 1021, 1021, 1021, 1021, 
1031, 1021, 1021, 1021, 1021, 
1032, 1021, 1021, 1021, 1021, 
1033, 1020, 1020, 1020, 1021, 
1034, 1020, 1020, 1020, 1021, 
1035, 1020, 1020, 1020, 1020, 
1036, 1021, 1021, 1021, 1021, 
1037, 1021, 1021, 1021, 1021, 
1038, 1021, 1021, 1021, 1021, 
1039, 1021, 1020, 1021, 1021, 
1040, 1021, 1021, 1021, 1021, 
1041, 1021, 1021, 1021, 1021, 
1042, 1021, 1021, 1020, 1020, 
1043, 1021, 1021, 1021, 1021, 
1044, 1021, 1021, 1021, 1022, 
1045, 1022, 1021, 1022, 1021, 
1046, 1022, 1022, 1021, 1022, 
1047, 1021, 1021, 1021, 1021, 
1048, 1021, 1021, 1021, 1022, 
1049, 1021, 1021, 1021, 1022, 
1050, 1021, 1021, 1021, 1021, 
1051, 1022, 1022, 1022, 1021, 
1052, 1021, 1021, 1022, 1022, 
1053, 1021, 1020, 1022, 1021, 
1054, 1021, 1021, 1020, 1020, 
1055, 1022, 1022, 1022, 1022, 
1056, 1022, 1022, 1022, 1022, 
1057, 1022, 1022, 1021, 1022, 
1058, 1022, 1022, 1021, 1022, 
1059, 1022, 1022, 1021, 1022, 
1060, 1022, 1022, 1022, 1022, 
1061, 1022, 1023, 1022, 1022, 
1062, 1022, 1022, 1021, 1022, 
1063, 1022, 1022, 1022, 1022, 
1064, 1022, 1022, 1022, 1022, 
1065, 1022, 1022, 1022, 1022, 
1066, 1022, 1022, 1022, 1022, 
1067, 1023, 1022, 1022, 1022, 
1068, 1023, 1023, 1023, 1022, 
1069, 1023, 1023, 1023, 1023, 
1070, 1023, 1023, 1023, 1024, 
